Cell Index,Cell X,Cell Y,Height,Azimuth,Electrical Downtilt,Mechanical Downtilt,Frequency Band,RS Power,Cell Altitude,Cell Building Height,Cell Clutter Index,X,Y,Altitude,Building Height,Clutter Index,RSRP
1810901,403455.0,3393220.0,15,270,3,3,2585.0,15.2,503,0,5,403330,3393185,507,0,5,-97.33
1810901,403455.0,3393220.0,15,270,3,3,2585.0,15.2,503,0,5,403350,3393165,507,42,5,-95.5
1810901,403455.0,3393220.0,15,270,3,3,2585.0,15.2,503,0,5,403400,3393115,506,24,6,-89.4
1810901,403455.0,3393220.0,15,270,3,3,2585.0,15.2,503,0,5,403260,3393255,508,0,5,-81.0
1810901,403455.0,3393220.0,15,270,3,3,2585.0,15.2,503,0,5,403355,3393170,507,42,12,-100.0
1810901,403455.0,3393220.0,15,270,3,3,2585.0,15.2,503,0,5,403175,3393350,506,0,6,-101.27
1810901,403455.0,3393220.0,15,270,3,3,2585.0,15.2,503,0,5,403185,3393340,506,0,6,-98.0
1810901,403455.0,3393220.0,15,270,3,3,2585.0,15.2,503,0,5,403415,3393110,506,0,5,-86.71
1810901,403455.0,3393220.0,15,270,3,3,2585.0,15.2,503,0,5,403165,3393360,505,0,5,-103.33
1810901,403455.0,3393220.0,15,270,3,3,2585.0,15.2,503,0,5,403275,3393250,508,0,11,-88.13
1810901,403455.0,3393220.0,15,270,3,3,2585.0,15.2,503,0,5,403145,3393300,505,0,5,-105.0
1810901,403455.0,3393220.0,15,270,3,3,2585.0,15.2,503,0,5,403475,3392970,507,0,7,-102.0
1810901,403455.0,3393220.0,15,270,3,3,2585.0,15.2,503,0,5,403430,3393085,505,0,6,-90.67
1810901,403455.0,3393220.0,15,270,3,3,2585.0,15.2,503,0,5,403180,3393335,506,0,6,-100.14
1810901,403455.0,3393220.0,15,270,3,3,2585.0,15.2,503,0,5,403480,3393035,505,0,5,-105.5
1810901,403455.0,3393220.0,15,270,3,3,2585.0,15.2,503,0,5,403270,3393245,508,0,11,-82.33
1810901,403455.0,3393220.0,15,270,3,3,2585.0,15.2,503,0,5,403195,3393330,506,0,6,-103.0
1810901,403455.0,3393220.0,15,270,3,3,2585.0,15.2,503,0,5,403205,3393240,508,0,5,-93.2
1810901,403455.0,3393220.0,15,270,3,3,2585.0,15.2,503,0,5,403240,3393275,508,0,5,-93.86
1810901,403455.0,3393220.0,15,270,3,3,2585.0,15.2,503,0,5,403255,3393270,508,0,5,-89.08
1810901,403455.0,3393220.0,15,270,3,3,2585.0,15.2,503,0,5,403390,3393045,506,0,7,-96.05
1810901,403455.0,3393220.0,15,270,3,3,2585.0,15.2,503,0,5,403385,3393060,507,0,5,-99.25
1810901,403455.0,3393220.0,15,270,3,3,2585.0,15.2,503,0,5,403405,3393120,506,0,6,-89.5
1810901,403455.0,3393220.0,15,270,3,3,2585.0,15.2,503,0,5,403090,3393425,507,0,5,-99.89
1810901,403455.0,3393220.0,15,270,3,3,2585.0,15.2,503,0,5,403190,3393325,506,0,6,-98.43
1810901,403455.0,3393220.0,15,270,3,3,2585.0,15.2,503,0,5,403245,3393280,508,0,5,-93.88
1810901,403455.0,3393220.0,15,270,3,3,2585.0,15.2,503,0,5,403155,3393290,506,0,5,-105.44
1810901,403455.0,3393220.0,15,270,3,3,2585.0,15.2,503,0,5,403395,3393050,506,0,7,-93.15
1810901,403455.0,3393220.0,15,270,3,3,2585.0,15.2,503,0,5,403520,3392915,506,0,5,-109.75
1810901,403455.0,3393220.0,15,270,3,3,2585.0,15.2,503,0,5,403250,3393265,508,0,6,-85.83
1810901,403455.0,3393220.0,15,270,3,3,2585.0,15.2,503,0,5,403170,3393345,505,0,6,-101.86
1810901,403455.0,3393220.0,15,270,3,3,2585.0,15.2,503,0,5,403160,3393355,505,6,6,-102.67
1810901,403455.0,3393220.0,15,270,3,3,2585.0,15.2,503,0,5,403325,3393200,507,0,6,-98.0
1810901,403455.0,3393220.0,15,270,3,3,2585.0,15.2,503,0,5,403120,3393315,505,6,5,-109.5
1810901,403455.0,3393220.0,15,270,3,3,2585.0,15.2,503,0,5,403140,3393295,505,0,5,-98.33
1810901,403455.0,3393220.0,15,270,3,3,2585.0,15.2,503,0,5,403080,3393435,507,0,5,-103.33
1810901,403455.0,3393220.0,15,270,3,3,2585.0,15.2,503,0,5,403450,3392985,506,102,7,-106.5
1810901,403455.0,3393220.0,15,270,3,3,2585.0,15.2,503,0,5,403340,3393175,507,42,5,-100.0
1810901,403455.0,3393220.0,15,270,3,3,2585.0,15.2,503,0,5,403265,3393260,508,0,11,-85.89
1810901,403455.0,3393220.0,15,270,3,3,2585.0,15.2,503,0,5,403440,3392995,506,102,5,-101.0
1810901,403455.0,3393220.0,15,270,3,3,2585.0,15.2,503,0,5,403455,3392990,506,0,7,-101.4
1810901,403455.0,3393220.0,15,270,3,3,2585.0,15.2,503,0,5,403465,3392980,507,0,7,-109.0
1810901,403455.0,3393220.0,15,270,3,3,2585.0,15.2,503,0,5,403425,3393100,505,0,5,-90.68
1810901,403455.0,3393220.0,15,270,3,3,2585.0,15.2,503,0,5,403525,3392920,506,0,5,-116.0
1810901,403455.0,3393220.0,15,270,3,3,2585.0,15.2,503,0,5,403420,3393095,506,0,6,-88.96
1810901,403455.0,3393220.0,15,270,3,3,2585.0,15.2,503,0,5,403085,3393440,507,0,5,-103.25
1810901,403455.0,3393220.0,15,270,3,3,2585.0,15.2,503,0,5,403410,3393105,506,0,5,-90.56
1810901,403455.0,3393220.0,15,270,3,3,2585.0,15.2,503,0,5,403490,3393025,506,0,7,-104.43
1810901,403455.0,3393220.0,15,270,3,3,2585.0,15.2,503,0,5,403495,3393030,505,0,5,-93.0
1810901,403455.0,3393220.0,15,270,3,3,2585.0,15.2,503,0,5,403345,3393180,507,0,5,-96.4
1810901,403455.0,3393220.0,15,270,3,3,2585.0,15.2,503,0,5,403470,3392965,506,0,7,-111.33
1810901,403455.0,3393220.0,15,270,3,3,2585.0,15.2,503,0,5,403320,3393195,507,0,5,-101.33
1810901,403455.0,3393220.0,15,270,3,3,2585.0,15.2,503,0,5,403095,3393430,507,0,5,-93.75
1810901,403455.0,3393220.0,15,270,3,3,2585.0,15.2,503,0,5,403335,3393190,507,0,5,-98.0
1810901,403455.0,3393220.0,15,270,3,3,2585.0,15.2,503,0,5,403500,3393165,503,0,7,-111.5
1810901,403455.0,3393220.0,15,270,3,3,2585.0,15.2,503,0,5,403360,3393225,506,42,11,-91.53
1810901,403455.0,3393220.0,15,270,3,3,2585.0,15.2,503,0,5,403325,3393030,506,0,12,-102.5
1810901,403455.0,3393220.0,15,270,3,3,2585.0,15.2,503,0,5,403410,3393275,504,0,5,-75.59
1810901,403455.0,3393220.0,15,270,3,3,2585.0,15.2,503,0,5,403455,3393160,504,0,5,-94.0
1810901,403455.0,3393220.0,15,270,3,3,2585.0,15.2,503,0,5,403425,3393250,504,0,5,-71.86
1810901,403455.0,3393220.0,15,270,3,3,2585.0,15.2,503,0,5,403400,3393265,504,0,5,-84.97
1810901,403455.0,3393220.0,15,270,3,3,2585.0,15.2,503,0,5,403445,3393150,504,0,5,-86.5
1810901,403455.0,3393220.0,15,270,3,3,2585.0,15.2,503,0,5,402975,3393320,508,0,6,-88.0
1810901,403455.0,3393220.0,15,270,3,3,2585.0,15.2,503,0,5,403390,3393215,505,0,5,-83.38
1810901,403455.0,3393220.0,15,270,3,3,2585.0,15.2,503,0,5,403380,3393205,505,0,5,-95.25
1810901,403455.0,3393220.0,15,270,3,3,2585.0,15.2,503,0,5,403375,3393240,505,0,7,-79.23
1810901,403455.0,3393220.0,15,270,3,3,2585.0,15.2,503,0,5,403440,3393145,504,0,5,-88.65
1810901,403455.0,3393220.0,15,270,3,3,2585.0,15.2,503,0,5,403365,3393230,505,42,11,-81.73
1810901,403455.0,3393220.0,15,270,3,3,2585.0,15.2,503,0,5,403485,3393190,503,0,7,-86.75
1810901,403455.0,3393220.0,15,270,3,3,2585.0,15.2,503,0,5,403480,3393185,503,0,7,-85.75
1810901,403455.0,3393220.0,15,270,3,3,2585.0,15.2,503,0,5,403430,3393255,504,0,11,-70.57
1810901,403455.0,3393220.0,15,270,3,3,2585.0,15.2,503,0,5,403405,3393270,504,0,5,-88.13
1810901,403455.0,3393220.0,15,270,3,3,2585.0,15.2,503,0,5,403385,3393210,505,0,5,-88.0
1810901,403455.0,3393220.0,15,270,3,3,2585.0,15.2,503,0,5,403415,3393280,504,0,5,-79.5
1810901,403455.0,3393220.0,15,270,3,3,2585.0,15.2,503,0,5,403395,3393220,505,42,5,-85.86
1810901,403455.0,3393220.0,15,270,3,3,2585.0,15.2,503,0,5,403435,3393260,504,0,11,-70.68
1810901,403455.0,3393220.0,15,270,3,3,2585.0,15.2,503,0,5,403420,3393245,504,0,5,-81.2
1810901,403455.0,3393220.0,15,270,3,3,2585.0,15.2,503,0,5,403450,3393155,504,0,5,-88.09
1810901,403455.0,3393220.0,15,270,3,3,2585.0,15.2,503,0,5,403370,3393235,505,42,5,-76.67
1810901,403455.0,3393220.0,15,270,3,3,2585.0,15.2,503,0,5,403140,3393445,506,0,5,-101.5
1810901,403455.0,3393220.0,15,270,3,3,2585.0,15.2,503,0,5,403490,3393195,503,0,5,-91.33
1810901,403455.0,3393220.0,15,270,3,3,2585.0,15.2,503,0,5,403315,3392900,507,0,7,-106.0
1810901,403455.0,3393220.0,15,270,3,3,2585.0,15.2,503,0,5,403330,3392955,506,0,6,-105.33
1810901,403455.0,3393220.0,15,270,3,3,2585.0,15.2,503,0,5,403350,3392935,506,0,7,-100.67
1810901,403455.0,3393220.0,15,270,3,3,2585.0,15.2,503,0,5,403345,3392930,506,0,7,-102.0
1810901,403455.0,3393220.0,15,270,3,3,2585.0,15.2,503,0,5,403355,3392940,506,0,7,-101.78
1810901,403455.0,3393220.0,15,270,3,3,2585.0,15.2,503,0,5,403480,3393310,504,0,6,-86.0
1810901,403455.0,3393220.0,15,270,3,3,2585.0,15.2,503,0,5,403475,3393335,505,0,6,-92.0
1810901,403455.0,3393220.0,15,270,3,3,2585.0,15.2,503,0,5,403380,3393410,507,6,6,-97.0
1810901,403455.0,3393220.0,15,270,3,3,2585.0,15.2,503,0,5,403490,3393320,505,0,6,-107.0
1810901,403455.0,3393220.0,15,270,3,3,2585.0,15.2,503,0,5,403420,3393370,506,0,7,-85.0
1810901,403455.0,3393220.0,15,270,3,3,2585.0,15.2,503,0,5,403510,3393300,504,0,5,-89.07
1810901,403455.0,3393220.0,15,270,3,3,2585.0,15.2,503,0,5,403500,3393290,504,0,5,-90.25
1810901,403455.0,3393220.0,15,270,3,3,2585.0,15.2,503,0,5,403385,3393405,507,0,6,-103.5
1810901,403455.0,3393220.0,15,270,3,3,2585.0,15.2,503,0,5,403445,3393345,505,0,7,-105.22
1810901,403455.0,3393220.0,15,270,3,3,2585.0,15.2,503,0,5,403505,3393285,504,0,5,-86.33
1810901,403455.0,3393220.0,15,270,3,3,2585.0,15.2,503,0,5,403515,3393295,504,0,5,-85.8
1810901,403455.0,3393220.0,15,270,3,3,2585.0,15.2,503,0,5,403470,3393340,505,0,5,-97.64
1810901,403455.0,3393220.0,15,270,3,3,2585.0,15.2,503,0,5,403495,3393315,505,0,6,-92.0
1810901,403455.0,3393220.0,15,270,3,3,2585.0,15.2,503,0,5,403405,3393320,505,0,6,-88.75
1810901,403455.0,3393220.0,15,270,3,3,2585.0,15.2,503,0,5,403395,3393330,505,0,6,-96.67
1810901,403455.0,3393220.0,15,270,3,3,2585.0,15.2,503,0,5,403390,3393325,505,0,6,-96.5
1810901,403455.0,3393220.0,15,270,3,3,2585.0,15.2,503,0,5,403435,3393290,504,0,5,-82.5
1810901,403455.0,3393220.0,15,270,3,3,2585.0,15.2,503,0,5,403410,3393305,505,0,5,-100.0
1810901,403455.0,3393220.0,15,270,3,3,2585.0,15.2,503,0,5,403375,3393350,506,0,6,-92.27
1810901,403455.0,3393220.0,15,270,3,3,2585.0,15.2,503,0,5,403380,3393335,505,0,6,-96.63
1810901,403455.0,3393220.0,15,270,3,3,2585.0,15.2,503,0,5,403365,3393360,506,33,5,-97.67
1810901,403455.0,3393220.0,15,270,3,3,2585.0,15.2,503,0,5,403385,3393340,505,0,6,-96.69
1810901,403455.0,3393220.0,15,270,3,3,2585.0,15.2,503,0,5,403370,3393345,506,0,6,-96.67
1810901,403455.0,3393220.0,15,270,3,3,2585.0,15.2,503,0,5,403430,3393285,504,0,5,-71.75
1810901,403455.0,3393220.0,15,270,3,3,2585.0,15.2,503,0,5,403505,3393320,505,0,6,-93.0
1810901,403455.0,3393220.0,15,270,3,3,2585.0,15.2,503,0,5,403500,3393315,505,0,6,-92.67
1810901,403455.0,3393220.0,15,270,3,3,2585.0,15.2,503,0,5,403465,3393360,506,0,7,-104.33
1810901,403455.0,3393220.0,15,270,3,3,2585.0,15.2,503,0,5,403510,3393305,504,0,5,-90.4
1810901,403455.0,3393220.0,15,270,3,3,2585.0,15.2,503,0,5,403435,3393390,506,0,11,-112.5
1810901,403455.0,3393220.0,15,270,3,3,2585.0,15.2,503,0,5,403495,3393290,504,0,5,-87.5
1810901,403455.0,3393220.0,15,270,3,3,2585.0,15.2,503,0,5,403470,3393345,505,0,7,-102.67
1810901,403455.0,3393220.0,15,270,3,3,2585.0,15.2,503,0,5,403475,3393350,505,0,7,-98.0
1810901,403455.0,3393220.0,15,270,3,3,2585.0,15.2,503,0,5,403445,3393340,505,0,5,-95.14
1810901,403455.0,3393220.0,15,270,3,3,2585.0,15.2,503,0,5,403490,3393285,504,0,5,-86.0
1810901,403455.0,3393220.0,15,270,3,3,2585.0,15.2,503,0,5,403515,3393310,504,0,5,-90.85
1810901,403455.0,3393220.0,15,270,3,3,2585.0,15.2,503,0,5,403460,3393355,505,0,7,-92.5
1810901,403455.0,3393220.0,15,270,3,3,2585.0,15.2,503,0,5,403350,3393465,506,0,5,-90.0
1810901,403455.0,3393220.0,15,270,3,3,2585.0,15.2,503,0,5,403435,3392985,506,102,5,-102.0
1810901,403455.0,3393220.0,15,270,3,3,2585.0,15.2,503,0,5,403285,3393255,508,0,7,-81.58
1810901,403455.0,3393220.0,15,270,3,3,2585.0,15.2,503,0,5,403145,3393435,506,84,5,-108.5
1810901,403455.0,3393220.0,15,270,3,3,2585.0,15.2,503,0,5,403170,3393370,505,0,5,-105.13
1810901,403455.0,3393220.0,15,270,3,3,2585.0,15.2,503,0,5,403080,3393300,507,0,5,-105.0
1810901,403455.0,3393220.0,15,270,3,3,2585.0,15.2,503,0,5,403295,3393245,508,0,7,-88.75
1810901,403455.0,3393220.0,15,270,3,3,2585.0,15.2,503,0,5,403290,3393250,508,0,7,-86.47
1810901,403455.0,3393220.0,15,270,3,3,2585.0,15.2,503,0,5,403305,3393275,508,0,5,-85.83
1810901,403455.0,3393220.0,15,270,3,3,2585.0,15.2,503,0,5,403330,3393210,507,0,5,-104.17
1810901,403455.0,3393220.0,15,270,3,3,2585.0,15.2,503,0,5,403420,3393000,506,0,10,-102.08
1810901,403455.0,3393220.0,15,270,3,3,2585.0,15.2,503,0,5,403165,3393375,505,0,5,-103.33
1810901,403455.0,3393220.0,15,270,3,3,2585.0,15.2,503,0,5,403375,3393005,506,0,7,-95.36
1810901,403455.0,3393220.0,15,270,3,3,2585.0,15.2,503,0,5,403195,3393385,506,0,6,-102.25
1810901,403455.0,3393220.0,15,270,3,3,2585.0,15.2,503,0,5,403310,3393270,507,0,7,-84.65
1810901,403455.0,3393220.0,15,270,3,3,2585.0,15.2,503,0,5,403315,3393265,507,0,7,-85.0
1810901,403455.0,3393220.0,15,270,3,3,2585.0,15.2,503,0,5,403415,3392965,506,0,10,-112.54
1810901,403455.0,3393220.0,15,270,3,3,2585.0,15.2,503,0,5,403335,3393205,507,0,5,-97.59
1810901,403455.0,3393220.0,15,270,3,3,2585.0,15.2,503,0,5,403345,3393235,506,42,5,-83.06
1810901,403455.0,3393220.0,15,270,3,3,2585.0,15.2,503,0,5,403320,3393220,507,0,11,-86.0
1810901,403455.0,3393220.0,15,270,3,3,2585.0,15.2,503,0,5,403325,3393215,507,0,5,-94.33
1810901,403455.0,3393220.0,15,270,3,3,2585.0,15.2,503,0,5,403390,3393030,506,0,7,-94.07
1810901,403455.0,3393220.0,15,270,3,3,2585.0,15.2,503,0,5,403300,3393280,508,0,5,-83.5
1810901,403455.0,3393220.0,15,270,3,3,2585.0,15.2,503,0,5,403430,3392990,506,0,5,-102.67
1810901,403455.0,3393220.0,15,270,3,3,2585.0,15.2,503,0,5,403380,3393040,506,0,7,-98.56
1810901,403455.0,3393220.0,15,270,3,3,2585.0,15.2,503,0,5,403085,3393295,506,0,5,-100.0
1810901,403455.0,3393220.0,15,270,3,3,2585.0,15.2,503,0,5,403425,3392995,506,0,10,-104.27
1810901,403455.0,3393220.0,15,270,3,3,2585.0,15.2,503,0,5,403370,3393010,506,0,7,-98.0
1810901,403455.0,3393220.0,15,270,3,3,2585.0,15.2,503,0,5,403385,3393035,506,0,7,-96.3
1810901,403455.0,3393220.0,15,270,3,3,2585.0,15.2,503,0,5,403160,3393380,505,0,13,-102.6
1810901,403455.0,3393220.0,15,270,3,3,2585.0,15.2,503,0,5,403090,3393290,506,0,5,-102.0
1810901,403455.0,3393220.0,15,270,3,3,2585.0,15.2,503,0,5,403340,3393240,506,0,7,-82.2
1810901,403455.0,3393220.0,15,270,3,3,2585.0,15.2,503,0,5,403440,3393100,505,0,5,-95.33
1810901,403455.0,3393220.0,15,270,3,3,2585.0,15.2,503,0,5,403355,3393225,506,42,11,-93.0
1810901,403455.0,3393220.0,15,270,3,3,2585.0,15.2,503,0,5,403095,3393285,506,0,5,-102.6
1810901,403455.0,3393220.0,15,270,3,3,2585.0,15.2,503,0,5,403405,3392975,505,0,10,-107.25
1810901,403455.0,3393220.0,15,270,3,3,2585.0,15.2,503,0,5,403395,3393025,506,0,7,-89.75
1810901,403455.0,3393220.0,15,270,3,3,2585.0,15.2,503,0,5,403175,3393365,506,0,5,-102.8
1810901,403455.0,3393220.0,15,270,3,3,2585.0,15.2,503,0,5,403365,3393015,506,0,5,-101.67
1810901,403455.0,3393220.0,15,270,3,3,2585.0,15.2,503,0,5,403470,3393110,504,0,7,-100.0
1810901,403455.0,3393220.0,15,270,3,3,2585.0,15.2,503,0,5,403465,3393115,504,0,7,-111.5
1810901,403455.0,3393220.0,15,270,3,3,2585.0,15.2,503,0,5,403410,3392970,506,0,10,-103.0
1810901,403455.0,3393220.0,15,270,3,3,2585.0,15.2,503,0,5,403120,3393420,506,0,5,-104.0
1810901,403455.0,3393220.0,15,270,3,3,2585.0,15.2,503,0,5,403280,3393260,508,0,5,-85.67
1810901,403455.0,3393220.0,15,270,3,3,2585.0,15.2,503,0,5,403350,3393230,506,42,11,-91.93
1810901,403455.0,3393220.0,15,270,3,3,2585.0,15.2,503,0,5,403455,3393085,505,0,6,-102.0
1810901,403455.0,3393220.0,15,270,3,3,2585.0,15.2,503,0,5,403480,3393060,505,0,5,-98.5
1810901,403455.0,3393220.0,15,270,3,3,2585.0,15.2,503,0,5,403460,3393285,504,0,5,-92.67
1810901,403455.0,3393220.0,15,270,3,3,2585.0,15.2,503,0,5,403475,3393300,504,0,6,-92.0
1810901,403455.0,3393220.0,15,270,3,3,2585.0,15.2,503,0,5,403385,3393370,506,0,7,-101.4
1810901,403455.0,3393220.0,15,270,3,3,2585.0,15.2,503,0,5,403380,3393365,506,0,5,-100.83
1810901,403455.0,3393220.0,15,270,3,3,2585.0,15.2,503,0,5,403480,3393345,505,24,5,-104.5
1810901,403455.0,3393220.0,15,270,3,3,2585.0,15.2,503,0,5,403515,3393340,505,0,6,-94.0
1810901,403455.0,3393220.0,15,270,3,3,2585.0,15.2,503,0,5,403500,3393325,505,0,6,-89.75
1810901,403455.0,3393220.0,15,270,3,3,2585.0,15.2,503,0,5,403400,3393165,506,0,12,-100.5
1810901,403455.0,3393220.0,15,270,3,3,2585.0,15.2,503,0,5,403345,3393110,507,0,12,-99.5
1810901,403455.0,3393220.0,15,270,3,3,2585.0,15.2,503,0,5,403385,3393150,506,0,12,-93.07
1810901,403455.0,3393220.0,15,270,3,3,2585.0,15.2,503,0,5,403485,3393250,503,0,5,-81.8
1810901,403455.0,3393220.0,15,270,3,3,2585.0,15.2,503,0,5,403495,3393260,503,0,5,-86.3
1810901,403455.0,3393220.0,15,270,3,3,2585.0,15.2,503,0,5,403420,3393185,505,42,6,-99.0
1810901,403455.0,3393220.0,15,270,3,3,2585.0,15.2,503,0,5,403415,3393180,505,42,6,-93.67
1810901,403455.0,3393220.0,15,270,3,3,2585.0,15.2,503,0,5,403430,3393195,504,42,6,-93.88
1810901,403455.0,3393220.0,15,270,3,3,2585.0,15.2,503,0,5,403390,3393155,506,0,12,-95.82
1810901,403455.0,3393220.0,15,270,3,3,2585.0,15.2,503,0,5,403380,3393145,506,0,5,-96.07
1810901,403455.0,3393220.0,15,270,3,3,2585.0,15.2,503,0,5,403470,3393235,503,0,5,-80.23
1810901,403455.0,3393220.0,15,270,3,3,2585.0,15.2,503,0,5,403375,3393140,506,0,5,-94.57
1810901,403455.0,3393220.0,15,270,3,3,2585.0,15.2,503,0,5,403445,3393210,504,0,6,-79.67
1810901,403455.0,3393220.0,15,270,3,3,2585.0,15.2,503,0,5,403425,3393190,504,42,6,-101.2
1810901,403455.0,3393220.0,15,270,3,3,2585.0,15.2,503,0,5,403440,3393205,504,42,6,-92.67
1810901,403455.0,3393220.0,15,270,3,3,2585.0,15.2,503,0,5,403435,3393200,504,42,6,-91.81
1810901,403455.0,3393220.0,15,270,3,3,2585.0,15.2,503,0,5,403490,3393255,503,0,5,-83.04
1810901,403455.0,3393220.0,15,270,3,3,2585.0,15.2,503,0,5,403480,3393245,503,0,5,-82.87
1810901,403455.0,3393220.0,15,270,3,3,2585.0,15.2,503,0,5,403460,3393225,503,0,5,-81.29
1810901,403455.0,3393220.0,15,270,3,3,2585.0,15.2,503,0,5,403465,3393230,503,0,5,-80.13
1810901,403455.0,3393220.0,15,270,3,3,2585.0,15.2,503,0,5,403450,3393215,504,0,6,-84.14
1810901,403455.0,3393220.0,15,270,3,3,2585.0,15.2,503,0,5,403500,3393265,503,0,5,-87.13
1810901,403455.0,3393220.0,15,270,3,3,2585.0,15.2,503,0,5,403455,3393220,503,0,5,-78.77
1810901,403455.0,3393220.0,15,270,3,3,2585.0,15.2,503,0,5,403515,3393280,504,0,5,-90.17
1810901,403455.0,3393220.0,15,270,3,3,2585.0,15.2,503,0,5,403395,3393160,506,0,12,-98.56
1810901,403455.0,3393220.0,15,270,3,3,2585.0,15.2,503,0,5,403370,3393135,507,0,5,-104.0
1810901,403455.0,3393220.0,15,270,3,3,2585.0,15.2,503,0,5,403505,3393270,504,0,5,-89.08
1810901,403455.0,3393220.0,15,270,3,3,2585.0,15.2,503,0,5,403510,3393275,504,0,5,-87.5
1810901,403455.0,3393220.0,15,270,3,3,2585.0,15.2,503,0,5,403690,3392815,505,0,7,-104.0
1810901,403455.0,3393220.0,15,270,3,3,2585.0,15.2,503,0,5,403405,3393170,505,0,5,-103.75
1810901,403455.0,3393220.0,15,270,3,3,2585.0,15.2,503,0,5,403410,3393175,505,0,5,-102.67
1810901,403455.0,3393220.0,15,270,3,3,2585.0,15.2,503,0,5,403475,3393240,503,0,5,-76.0
1810901,403455.0,3393220.0,15,270,3,3,2585.0,15.2,503,0,5,403365,3393130,507,0,5,-96.5
1810901,403455.0,3393220.0,15,270,3,3,2585.0,15.2,503,0,5,403545,3392965,505,0,10,-104.5
1810901,403455.0,3393220.0,15,270,3,3,2585.0,15.2,503,0,5,403470,3392900,505,0,5,-110.5
1810901,403455.0,3393220.0,15,270,3,3,2585.0,15.2,503,0,5,403475,3392895,505,0,7,-105.5
1810901,403455.0,3393220.0,15,270,3,3,2585.0,15.2,503,0,5,403515,3392935,506,0,5,-111.33
1810901,403455.0,3393220.0,15,270,3,3,2585.0,15.2,503,0,5,403445,3392905,505,0,5,-108.86
1810901,403455.0,3393220.0,15,270,3,3,2585.0,15.2,503,0,5,403485,3392945,506,0,5,-109.0
1810901,403455.0,3393220.0,15,270,3,3,2585.0,15.2,503,0,5,403500,3392930,506,0,5,-111.0
1810901,403455.0,3393220.0,15,270,3,3,2585.0,15.2,503,0,5,403480,3392950,506,0,7,-106.0
1810901,403455.0,3393220.0,15,270,3,3,2585.0,15.2,503,0,5,403490,3392960,506,0,7,-111.0
1810901,403455.0,3393220.0,15,270,3,3,2585.0,15.2,503,0,5,403510,3392940,506,0,5,-112.0
1810901,403455.0,3393220.0,15,270,3,3,2585.0,15.2,503,0,5,403455,3392915,505,0,10,-108.67
1810901,403455.0,3393220.0,15,270,3,3,2585.0,15.2,503,0,5,403365,3393075,507,0,5,-99.0
1810901,403455.0,3393220.0,15,270,3,3,2585.0,15.2,503,0,5,403345,3393175,507,42,12,-84.5
1810901,403455.0,3393220.0,15,270,3,3,2585.0,15.2,503,0,5,403350,3393170,507,42,12,-84.5
1810901,403455.0,3393220.0,15,270,3,3,2585.0,15.2,503,0,5,403210,3393230,508,0,12,-99.0
1810901,403455.0,3393220.0,15,270,3,3,2585.0,15.2,503,0,5,403435,3393085,505,0,6,-96.0
1810901,403455.0,3393220.0,15,270,3,3,2585.0,15.2,503,0,5,403360,3393080,507,0,5,-96.0
1810901,403455.0,3393220.0,15,270,3,3,2585.0,15.2,503,0,5,403330,3393190,507,0,5,-96.0
1810901,403455.0,3393220.0,15,270,3,3,2585.0,15.2,503,0,5,403380,3393060,507,24,6,-92.0
1810901,403455.0,3393220.0,15,270,3,3,2585.0,15.2,503,0,5,403265,3393255,508,0,11,-86.38
1810901,403455.0,3393220.0,15,270,3,3,2585.0,15.2,503,0,5,403445,3392995,506,102,7,-99.67
1810901,403455.0,3393220.0,15,270,3,3,2585.0,15.2,503,0,5,403165,3393355,505,0,6,-103.8
1810901,403455.0,3393220.0,15,270,3,3,2585.0,15.2,503,0,5,403135,3393305,505,0,5,-89.5
1810901,403455.0,3393220.0,15,270,3,3,2585.0,15.2,503,0,5,403440,3393000,506,102,10,-106.07
1810901,403455.0,3393220.0,15,270,3,3,2585.0,15.2,503,0,5,403495,3393025,506,0,5,-99.5
1810901,403455.0,3393220.0,15,270,3,3,2585.0,15.2,503,0,5,403390,3393050,506,0,7,-100.82
1810901,403455.0,3393220.0,15,270,3,3,2585.0,15.2,503,0,5,403190,3393330,506,0,6,-101.9
1810901,403455.0,3393220.0,15,270,3,3,2585.0,15.2,503,0,5,403175,3393345,506,0,6,-98.25
1810901,403455.0,3393220.0,15,270,3,3,2585.0,15.2,503,0,5,403410,3393110,506,0,5,-90.24
1810901,403455.0,3393220.0,15,270,3,3,2585.0,15.2,503,0,5,403385,3393055,507,0,7,-96.36
1810901,403455.0,3393220.0,15,270,3,3,2585.0,15.2,503,0,5,403195,3393325,506,0,6,-102.25
1810901,403455.0,3393220.0,15,270,3,3,2585.0,15.2,503,0,5,403255,3393265,508,0,5,-83.42
1810901,403455.0,3393220.0,15,270,3,3,2585.0,15.2,503,0,5,403185,3393335,506,0,6,-97.63
1810901,403455.0,3393220.0,15,270,3,3,2585.0,15.2,503,0,5,403150,3393290,506,0,5,-103.33
1810901,403455.0,3393220.0,15,270,3,3,2585.0,15.2,503,0,5,403245,3393275,508,0,5,-87.06
1810901,403455.0,3393220.0,15,270,3,3,2585.0,15.2,503,0,5,403155,3393285,506,0,5,-97.5
1810901,403455.0,3393220.0,15,270,3,3,2585.0,15.2,503,0,5,403240,3393280,508,0,5,-88.56
1810901,403455.0,3393220.0,15,270,3,3,2585.0,15.2,503,0,5,403205,3393235,508,0,5,-87.67
1810901,403455.0,3393220.0,15,270,3,3,2585.0,15.2,503,0,5,403145,3393295,505,0,5,-96.8
1810901,403455.0,3393220.0,15,270,3,3,2585.0,15.2,503,0,5,403400,3393120,506,0,6,-94.5
1810901,403455.0,3393220.0,15,270,3,3,2585.0,15.2,503,0,5,403420,3393100,506,0,5,-87.84
1810901,403455.0,3393220.0,15,270,3,3,2585.0,15.2,503,0,5,403140,3393300,505,0,5,-102.5
1810901,403455.0,3393220.0,15,270,3,3,2585.0,15.2,503,0,5,403200,3393240,508,0,6,-88.67
1810901,403455.0,3393220.0,15,270,3,3,2585.0,15.2,503,0,5,403170,3393350,505,0,6,-102.5
1810901,403455.0,3393220.0,15,270,3,3,2585.0,15.2,503,0,5,403415,3393105,506,0,5,-88.92
1810901,403455.0,3393220.0,15,270,3,3,2585.0,15.2,503,0,5,403395,3393045,506,0,7,-90.69
1810901,403455.0,3393220.0,15,270,3,3,2585.0,15.2,503,0,5,403485,3393035,505,0,10,-100.4
1810901,403455.0,3393220.0,15,270,3,3,2585.0,15.2,503,0,5,403525,3392915,506,0,5,-108.14
1810901,403455.0,3393220.0,15,270,3,3,2585.0,15.2,503,0,5,403520,3392920,506,0,5,-108.0
1810901,403455.0,3393220.0,15,270,3,3,2585.0,15.2,503,0,5,403160,3393360,505,6,5,-102.38
1810901,403455.0,3393220.0,15,270,3,3,2585.0,15.2,503,0,5,403250,3393270,508,0,6,-86.64
1810901,403455.0,3393220.0,15,270,3,3,2585.0,15.2,503,0,5,403095,3393425,507,0,5,-102.13
1810901,403455.0,3393220.0,15,270,3,3,2585.0,15.2,503,0,5,403320,3393200,507,0,6,-103.71
1810901,403455.0,3393220.0,15,270,3,3,2585.0,15.2,503,0,5,403335,3393185,507,0,5,-98.33
1810901,403455.0,3393220.0,15,270,3,3,2585.0,15.2,503,0,5,403275,3393245,508,0,11,-83.07
1810901,403455.0,3393220.0,15,270,3,3,2585.0,15.2,503,0,5,403450,3392990,506,102,7,-97.67
1810901,403455.0,3393220.0,15,270,3,3,2585.0,15.2,503,0,5,403470,3392970,507,0,7,-109.67
1810901,403455.0,3393220.0,15,270,3,3,2585.0,15.2,503,0,5,403085,3393435,507,0,5,-103.0
1810901,403455.0,3393220.0,15,270,3,3,2585.0,15.2,503,0,5,403490,3393030,505,0,5,-108.0
1810901,403455.0,3393220.0,15,270,3,3,2585.0,15.2,503,0,5,403425,3393095,505,0,6,-86.2
1810901,403455.0,3393220.0,15,270,3,3,2585.0,15.2,503,0,5,403325,3393195,507,0,5,-100.7
1810901,403455.0,3393220.0,15,270,3,3,2585.0,15.2,503,0,5,403430,3393090,505,0,6,-94.17
1810901,403455.0,3393220.0,15,270,3,3,2585.0,15.2,503,0,5,403180,3393340,506,0,6,-100.33
1810901,403455.0,3393220.0,15,270,3,3,2585.0,15.2,503,0,5,403475,3392965,506,0,7,-109.33
1810901,403455.0,3393220.0,15,270,3,3,2585.0,15.2,503,0,5,403355,3393165,507,0,5,-91.5
1810901,403455.0,3393220.0,15,270,3,3,2585.0,15.2,503,0,5,403090,3393430,507,0,5,-98.14
1810901,403455.0,3393220.0,15,270,3,3,2585.0,15.2,503,0,5,403405,3393115,506,0,6,-86.64
1810901,403455.0,3393220.0,15,270,3,3,2585.0,15.2,503,0,5,403270,3393250,508,0,11,-86.8
1810901,403455.0,3393220.0,15,270,3,3,2585.0,15.2,503,0,5,403260,3393260,508,0,5,-85.54
1810901,403455.0,3393220.0,15,270,3,3,2585.0,15.2,503,0,5,403485,3392980,507,102,2,-105.0
1810901,403455.0,3393220.0,15,270,3,3,2585.0,15.2,503,0,5,403310,3393185,508,0,5,-103.88
1810901,403455.0,3393220.0,15,270,3,3,2585.0,15.2,503,0,5,403120,3393335,504,33,5,-102.5
1810901,403455.0,3393220.0,15,270,3,3,2585.0,15.2,503,0,5,403035,3393470,509,0,5,-109.25
1810901,403455.0,3393220.0,15,270,3,3,2585.0,15.2,503,0,5,403375,3393090,507,0,6,-98.5
1810901,403455.0,3393220.0,15,270,3,3,2585.0,15.2,503,0,5,403395,3393110,506,24,6,-93.75
1810901,403455.0,3393220.0,15,270,3,3,2585.0,15.2,503,0,5,403165,3393300,506,0,5,-101.8
1810901,403455.0,3393220.0,15,270,3,3,2585.0,15.2,503,0,5,403200,3393255,508,0,6,-96.86
1810901,403455.0,3393220.0,15,270,3,3,2585.0,15.2,503,0,5,403355,3393150,507,0,5,-96.4
1810901,403455.0,3393220.0,15,270,3,3,2585.0,15.2,503,0,5,403220,3393275,508,0,7,-86.33
1810901,403455.0,3393220.0,15,270,3,3,2585.0,15.2,503,0,5,403265,3393240,508,42,5,-82.53
1810901,403455.0,3393220.0,15,270,3,3,2585.0,15.2,503,0,5,403455,3393010,506,0,7,-99.67
1810901,403455.0,3393220.0,15,270,3,3,2585.0,15.2,503,0,5,403410,3393045,506,0,7,-90.69
1810901,403455.0,3393220.0,15,270,3,3,2585.0,15.2,503,0,5,403405,3393060,506,0,7,-92.96
1810901,403455.0,3393220.0,15,270,3,3,2585.0,15.2,503,0,5,403270,3393225,508,0,5,-85.67
1810901,403455.0,3393220.0,15,270,3,3,2585.0,15.2,503,0,5,403275,3393230,508,0,11,-76.57
1810901,403455.0,3393220.0,15,270,3,3,2585.0,15.2,503,0,5,403400,3393055,506,0,7,-90.89
1810901,403455.0,3393220.0,15,270,3,3,2585.0,15.2,503,0,5,403230,3393265,508,0,12,-88.8
1810901,403455.0,3393220.0,15,270,3,3,2585.0,15.2,503,0,5,403350,3393145,507,0,12,-108.0
1810901,403455.0,3393220.0,15,270,3,3,2585.0,15.2,503,0,5,403190,3393305,507,0,6,-94.0
1810901,403455.0,3393220.0,15,270,3,3,2585.0,15.2,503,0,5,403175,3393290,506,0,5,-94.0
1810901,403455.0,3393220.0,15,270,3,3,2585.0,15.2,503,0,5,403205,3393260,508,0,5,-89.25
1810901,403455.0,3393220.0,15,270,3,3,2585.0,15.2,503,0,5,403225,3393280,508,0,7,-93.6
1810901,403455.0,3393220.0,15,270,3,3,2585.0,15.2,503,0,5,403145,3393360,505,0,5,-100.75
1810901,403455.0,3393220.0,15,270,3,3,2585.0,15.2,503,0,5,403260,3393235,508,42,6,-80.91
1810901,403455.0,3393220.0,15,270,3,3,2585.0,15.2,503,0,5,403415,3393050,506,0,7,-97.6
1810901,403455.0,3393220.0,15,270,3,3,2585.0,15.2,503,0,5,403520,3392935,506,0,5,-111.64
1810901,403455.0,3393220.0,15,270,3,3,2585.0,15.2,503,0,5,403460,3393035,505,0,5,-100.0
1810901,403455.0,3393220.0,15,270,3,3,2585.0,15.2,503,0,5,403430,3393065,506,0,5,-91.33
1810901,403455.0,3393220.0,15,270,3,3,2585.0,15.2,503,0,5,403420,3393075,506,0,5,-88.4
1810901,403455.0,3393220.0,15,270,3,3,2585.0,15.2,503,0,5,403235,3393270,508,0,5,-87.89
1810901,403455.0,3393220.0,15,270,3,3,2585.0,15.2,503,0,5,403170,3393285,506,0,5,-91.25
1810901,403455.0,3393220.0,15,270,3,3,2585.0,15.2,503,0,5,403315,3393190,508,0,5,-99.2
1810901,403455.0,3393220.0,15,270,3,3,2585.0,15.2,503,0,5,403300,3393195,508,0,5,-103.71
1810901,403455.0,3393220.0,15,270,3,3,2585.0,15.2,503,0,5,403305,3393200,508,0,6,-105.5
1810901,403455.0,3393220.0,15,270,3,3,2585.0,15.2,503,0,5,403155,3393350,505,6,6,-100.0
1810901,403455.0,3393220.0,15,270,3,3,2585.0,15.2,503,0,5,403180,3393315,506,0,5,-99.0
1810901,403455.0,3393220.0,15,270,3,3,2585.0,15.2,503,0,5,403445,3393020,506,0,5,-97.22
1810901,403455.0,3393220.0,15,270,3,3,2585.0,15.2,503,0,5,403495,3392970,506,0,2,-105.33
1810901,403455.0,3393220.0,15,270,3,3,2585.0,15.2,503,0,5,403440,3393015,506,0,5,-103.25
1810901,403455.0,3393220.0,15,270,3,3,2585.0,15.2,503,0,5,403450,3393005,506,102,7,-97.8
1810901,403455.0,3393220.0,15,270,3,3,2585.0,15.2,503,0,5,403540,3392955,506,0,10,-103.83
1810901,403455.0,3393220.0,15,270,3,3,2585.0,15.2,503,0,5,403185,3393320,506,0,5,-105.5
1810901,403455.0,3393220.0,15,270,3,3,2585.0,15.2,503,0,5,403490,3392965,506,0,7,-94.67
1810901,403455.0,3393220.0,15,270,3,3,2585.0,15.2,503,0,5,403535,3392930,506,102,10,-108.67
1810901,403455.0,3393220.0,15,270,3,3,2585.0,15.2,503,0,5,403295,3393170,508,0,12,-112.2
1810901,403455.0,3393220.0,15,270,3,3,2585.0,15.2,503,0,5,403525,3392940,506,0,5,-107.8
1810901,403455.0,3393220.0,15,270,3,3,2585.0,15.2,503,0,5,403255,3393210,508,0,5,-106.33
1810901,403455.0,3393220.0,15,270,3,3,2585.0,15.2,503,0,5,403135,3393330,504,33,5,-102.5
1810901,403455.0,3393220.0,15,270,3,3,2585.0,15.2,503,0,5,403150,3393345,505,33,6,-101.71
1810901,403455.0,3393220.0,15,270,3,3,2585.0,15.2,503,0,5,403075,3393430,507,0,5,-99.6
1810901,403455.0,3393220.0,15,270,3,3,2585.0,15.2,503,0,5,403380,3393115,507,24,12,-101.33
1810901,403455.0,3393220.0,15,270,3,3,2585.0,15.2,503,0,5,403070,3393425,507,0,5,-103.2
1810901,403455.0,3393220.0,15,270,3,3,2585.0,15.2,503,0,5,403425,3393080,506,0,5,-89.0
1810901,403455.0,3393220.0,15,270,3,3,2585.0,15.2,503,0,5,403345,3393305,506,0,5,-86.33
1810901,403455.0,3393220.0,15,270,3,3,2585.0,15.2,503,0,5,403340,3393310,506,0,5,-93.0
1810901,403455.0,3393220.0,15,270,3,3,2585.0,15.2,503,0,5,403280,3393330,507,0,6,-100.5
1810901,403455.0,3393220.0,15,270,3,3,2585.0,15.2,503,0,5,403355,3393315,506,0,5,-92.9
1810901,403455.0,3393220.0,15,270,3,3,2585.0,15.2,503,0,5,403335,3393295,506,0,5,-86.38
1810901,403455.0,3393220.0,15,270,3,3,2585.0,15.2,503,0,5,403330,3393300,506,0,5,-91.13
1810901,403455.0,3393220.0,15,270,3,3,2585.0,15.2,503,0,5,403350,3393320,506,0,5,-95.0
1810901,403455.0,3393220.0,15,270,3,3,2585.0,15.2,503,0,5,403325,3393285,507,0,11,-79.0
1810901,403455.0,3393220.0,15,270,3,3,2585.0,15.2,503,0,5,403320,3393290,507,0,11,-85.29
1810901,403455.0,3393220.0,15,270,3,3,2585.0,15.2,503,0,5,403315,3393355,507,0,5,-102.0
1810901,403455.0,3393220.0,15,270,3,3,2585.0,15.2,503,0,5,403245,3393365,506,33,5,-87.5
1810901,403455.0,3393220.0,15,270,3,3,2585.0,15.2,503,0,5,403520,3393340,505,0,5,-97.0
1810901,403455.0,3393220.0,15,270,3,3,2585.0,15.2,503,0,5,403530,3393330,505,0,6,-93.71
1810901,403455.0,3393220.0,15,270,3,3,2585.0,15.2,503,0,5,403525,3393335,505,0,6,-95.54
1810901,403455.0,3393220.0,15,270,3,3,2585.0,15.2,503,0,5,403405,3392990,505,0,5,-91.0
1810901,403455.0,3393220.0,15,270,3,3,2585.0,15.2,503,0,5,403400,3392985,505,0,5,-103.5
1810901,403455.0,3393220.0,15,270,3,3,2585.0,15.2,503,0,5,403125,3393430,506,0,5,-102.0
1810901,403455.0,3393220.0,15,270,3,3,2585.0,15.2,503,0,5,403460,3393085,504,0,6,-94.0
1810901,403455.0,3393220.0,15,270,3,3,2585.0,15.2,503,0,5,403445,3393110,505,0,7,-87.5
1810901,403455.0,3393220.0,15,270,3,3,2585.0,15.2,503,0,5,403345,3393210,506,0,5,-98.5
1810901,403455.0,3393220.0,15,270,3,3,2585.0,15.2,503,0,5,403440,3393105,505,0,5,-85.33
1810901,403455.0,3393220.0,15,270,3,3,2585.0,15.2,503,0,5,403450,3393115,504,0,7,-90.0
1810901,403455.0,3393220.0,15,270,3,3,2585.0,15.2,503,0,5,403075,3393340,507,0,6,-95.5
1810901,403455.0,3393220.0,15,270,3,3,2585.0,15.2,503,0,5,403350,3393215,506,0,5,-94.0
1810901,403455.0,3393220.0,15,270,3,3,2585.0,15.2,503,0,5,403380,3393005,505,0,7,-95.65
1810901,403455.0,3393220.0,15,270,3,3,2585.0,15.2,503,0,5,403305,3393250,508,0,7,-82.0
1810901,403455.0,3393220.0,15,270,3,3,2585.0,15.2,503,0,5,403290,3393275,508,0,7,-85.82
1810901,403455.0,3393220.0,15,270,3,3,2585.0,15.2,503,0,5,403280,3393265,508,0,5,-88.96
1810901,403455.0,3393220.0,15,270,3,3,2585.0,15.2,503,0,5,403065,3393330,508,0,5,-98.0
1810901,403455.0,3393220.0,15,270,3,3,2585.0,15.2,503,0,5,403315,3393260,507,0,7,-81.47
1810901,403455.0,3393220.0,15,270,3,3,2585.0,15.2,503,0,5,403185,3393370,506,0,5,-101.5
1810901,403455.0,3393220.0,15,270,3,3,2585.0,15.2,503,0,5,403190,3393375,506,0,6,-105.67
1810901,403455.0,3393220.0,15,270,3,3,2585.0,15.2,503,0,5,403140,3393405,506,84,5,-106.5
1810901,403455.0,3393220.0,15,270,3,3,2585.0,15.2,503,0,5,403295,3393280,508,0,5,-82.64
1810901,403455.0,3393220.0,15,270,3,3,2585.0,15.2,503,0,5,403420,3392965,506,0,10,-108.44
1810901,403455.0,3393220.0,15,270,3,3,2585.0,15.2,503,0,5,403310,3393255,508,0,7,-85.21
1810901,403455.0,3393220.0,15,270,3,3,2585.0,15.2,503,0,5,403330,3393235,507,0,5,-83.21
1810901,403455.0,3393220.0,15,270,3,3,2585.0,15.2,503,0,5,403385,3393010,506,0,7,-99.1
1810901,403455.0,3393220.0,15,270,3,3,2585.0,15.2,503,0,5,403430,3392975,506,0,5,-106.78
1810901,403455.0,3393220.0,15,270,3,3,2585.0,15.2,503,0,5,403425,3392970,506,0,10,-103.17
1810901,403455.0,3393220.0,15,270,3,3,2585.0,15.2,503,0,5,403080,3393305,507,0,5,-103.4
1810901,403455.0,3393220.0,15,270,3,3,2585.0,15.2,503,0,5,403175,3393400,505,0,5,-99.5
1810901,403455.0,3393220.0,15,270,3,3,2585.0,15.2,503,0,5,403300,3393245,508,0,7,-83.71
1810901,403455.0,3393220.0,15,270,3,3,2585.0,15.2,503,0,5,403095,3393320,506,0,5,-107.0
1810901,403455.0,3393220.0,15,270,3,3,2585.0,15.2,503,0,5,403100,3393285,506,0,10,-98.67
1810901,403455.0,3393220.0,15,270,3,3,2585.0,15.2,503,0,5,403180,3393365,506,0,5,-98.83
1810901,403455.0,3393220.0,15,270,3,3,2585.0,15.2,503,0,5,403395,3393020,506,0,7,-88.81
1810901,403455.0,3393220.0,15,270,3,3,2585.0,15.2,503,0,5,403285,3393270,508,0,7,-88.67
1810901,403455.0,3393220.0,15,270,3,3,2585.0,15.2,503,0,5,403340,3393205,507,0,5,-95.42
1810901,403455.0,3393220.0,15,270,3,3,2585.0,15.2,503,0,5,403390,3393015,506,0,7,-93.13
1810901,403455.0,3393220.0,15,270,3,3,2585.0,15.2,503,0,5,403145,3393410,506,84,5,-108.5
1810901,403455.0,3393220.0,15,270,3,3,2585.0,15.2,503,0,5,403150,3393415,506,84,13,-104.0
1810901,403455.0,3393220.0,15,270,3,3,2585.0,15.2,503,0,5,403325,3393230,507,42,11,-82.27
1810901,403455.0,3393220.0,15,270,3,3,2585.0,15.2,503,0,5,403320,3393225,507,42,11,-82.17
1810901,403455.0,3393220.0,15,270,3,3,2585.0,15.2,503,0,5,403195,3393380,506,0,6,-104.83
1810901,403455.0,3393220.0,15,270,3,3,2585.0,15.2,503,0,5,403110,3393295,506,0,10,-99.0
1810901,403455.0,3393220.0,15,270,3,3,2585.0,15.2,503,0,5,403160,3393385,505,0,13,-104.56
1810901,403455.0,3393220.0,15,270,3,3,2585.0,15.2,503,0,5,403335,3393240,507,0,7,-78.38
1810901,403455.0,3393220.0,15,270,3,3,2585.0,15.2,503,0,5,403435,3392980,506,102,5,-102.29
1810901,403455.0,3393220.0,15,270,3,3,2585.0,15.2,503,0,5,403355,3393220,506,0,5,-92.93
1810901,403455.0,3393220.0,15,270,3,3,2585.0,15.2,503,0,5,403170,3393395,505,0,5,-104.0
1810901,403455.0,3393220.0,15,270,3,3,2585.0,15.2,503,0,5,403415,3393000,506,0,10,-95.75
1810901,403455.0,3393220.0,15,270,3,3,2585.0,15.2,503,0,5,403265,3393205,508,42,5,-99.0
1810901,403455.0,3393220.0,15,270,3,3,2585.0,15.2,503,0,5,403540,3392930,506,102,10,-114.0
1810901,403455.0,3393220.0,15,270,3,3,2585.0,15.2,503,0,5,403155,3393335,505,33,6,-94.0
1810901,403455.0,3393220.0,15,270,3,3,2585.0,15.2,503,0,5,403300,3393170,508,0,12,-106.67
1810901,403455.0,3393220.0,15,270,3,3,2585.0,15.2,503,0,5,403435,3393055,506,0,10,-95.67
1810901,403455.0,3393220.0,15,270,3,3,2585.0,15.2,503,0,5,403325,3393145,507,0,12,-104.67
1810901,403455.0,3393220.0,15,270,3,3,2585.0,15.2,503,0,5,403480,3392990,507,0,2,-97.75
1810901,403455.0,3393220.0,15,270,3,3,2585.0,15.2,503,0,5,403335,3393155,507,42,5,-85.5
1810901,403455.0,3393220.0,15,270,3,3,2585.0,15.2,503,0,5,403115,3393375,505,0,12,-100.0
1810901,403455.0,3393220.0,15,270,3,3,2585.0,15.2,503,0,5,403230,3393260,508,0,12,-83.14
1810901,403455.0,3393220.0,15,270,3,3,2585.0,15.2,503,0,5,403075,3393415,507,0,5,-101.83
1810901,403455.0,3393220.0,15,270,3,3,2585.0,15.2,503,0,5,403415,3393075,506,0,5,-89.26
1810901,403455.0,3393220.0,15,270,3,3,2585.0,15.2,503,0,5,403405,3393065,506,0,7,-91.5
1810901,403455.0,3393220.0,15,270,3,3,2585.0,15.2,503,0,5,403185,3393285,507,0,5,-94.0
1810901,403455.0,3393220.0,15,270,3,3,2585.0,15.2,503,0,5,403460,3393010,506,0,7,-100.67
1810901,403455.0,3393220.0,15,270,3,3,2585.0,15.2,503,0,5,403235,3393255,508,0,12,-88.0
1810901,403455.0,3393220.0,15,270,3,3,2585.0,15.2,503,0,5,403490,3393000,506,102,7,-107.5
1810901,403455.0,3393220.0,15,270,3,3,2585.0,15.2,503,0,5,403090,3393400,507,0,5,-101.0
1810901,403455.0,3393220.0,15,270,3,3,2585.0,15.2,503,0,5,403130,3393360,505,0,5,-110.5
1810901,403455.0,3393220.0,15,270,3,3,2585.0,15.2,503,0,5,403125,3393345,504,0,6,-97.5
1810901,403455.0,3393220.0,15,270,3,3,2585.0,15.2,503,0,5,403470,3393020,506,0,7,-101.83
1810901,403455.0,3393220.0,15,270,3,3,2585.0,15.2,503,0,5,403455,3393035,506,0,5,-98.2
1810901,403455.0,3393220.0,15,270,3,3,2585.0,15.2,503,0,5,403150,3393340,505,33,6,-104.67
1810901,403455.0,3393220.0,15,270,3,3,2585.0,15.2,503,0,5,403465,3393005,506,0,7,-105.25
1810901,403455.0,3393220.0,15,270,3,3,2585.0,15.2,503,0,5,403255,3393235,508,0,5,-82.7
1810901,403455.0,3393220.0,15,270,3,3,2585.0,15.2,503,0,5,403190,3393300,507,0,6,-100.0
1810901,403455.0,3393220.0,15,270,3,3,2585.0,15.2,503,0,5,403425,3393045,506,0,5,-102.5
1810901,403455.0,3393220.0,15,270,3,3,2585.0,15.2,503,0,5,403215,3393275,508,0,7,-88.67
1810901,403455.0,3393220.0,15,270,3,3,2585.0,15.2,503,0,5,403350,3393140,507,0,5,-102.0
1810901,403455.0,3393220.0,15,270,3,3,2585.0,15.2,503,0,5,403210,3393280,508,0,7,-90.75
1810901,403455.0,3393220.0,15,270,3,3,2585.0,15.2,503,0,5,403410,3393080,506,0,5,-89.58
1810901,403455.0,3393220.0,15,270,3,3,2585.0,15.2,503,0,5,403200,3393270,507,0,6,-86.0
1810901,403455.0,3393220.0,15,270,3,3,2585.0,15.2,503,0,5,403370,3393120,507,24,12,-107.67
1810901,403455.0,3393220.0,15,270,3,3,2585.0,15.2,503,0,5,403250,3393240,508,0,5,-83.55
1810901,403455.0,3393220.0,15,270,3,3,2585.0,15.2,503,0,5,403400,3393070,507,0,7,-93.19
1810901,403455.0,3393220.0,15,270,3,3,2585.0,15.2,503,0,5,403520,3392950,506,0,7,-109.0
1810901,403455.0,3393220.0,15,270,3,3,2585.0,15.2,503,0,5,403180,3393290,507,0,5,-94.0
1810901,403455.0,3393220.0,15,270,3,3,2585.0,15.2,503,0,5,403440,3393030,506,0,5,-97.12
1810901,403455.0,3393220.0,15,270,3,3,2585.0,15.2,503,0,5,403445,3393025,506,0,5,-95.09
1810901,403455.0,3393220.0,15,270,3,3,2585.0,15.2,503,0,5,403535,3392955,506,0,10,-104.53
1810901,403455.0,3393220.0,15,270,3,3,2585.0,15.2,503,0,5,403530,3392960,506,0,5,-105.0
1810901,403455.0,3393220.0,15,270,3,3,2585.0,15.2,503,0,5,403275,3393215,508,42,5,-89.33
1810901,403455.0,3393220.0,15,270,3,3,2585.0,15.2,503,0,5,403430,3393060,506,0,5,-101.0
1810901,403455.0,3393220.0,15,270,3,3,2585.0,15.2,503,0,5,403295,3393195,508,0,5,-101.33
1810901,403455.0,3393220.0,15,270,3,3,2585.0,15.2,503,0,5,403135,3393355,505,0,6,-99.0
1810901,403455.0,3393220.0,15,270,3,3,2585.0,15.2,503,0,5,403475,3393015,506,0,7,-114.0
1810901,403455.0,3393220.0,15,270,3,3,2585.0,15.2,503,0,5,403245,3393225,508,0,5,-77.33
1810901,403455.0,3393220.0,15,270,3,3,2585.0,15.2,503,0,5,403355,3393135,507,0,5,-110.5
1810901,403455.0,3393220.0,15,270,3,3,2585.0,15.2,503,0,5,403080,3393390,507,0,5,-102.33
1810901,403455.0,3393220.0,15,270,3,3,2585.0,15.2,503,0,5,403420,3393050,506,0,5,-95.0
1810901,403455.0,3393220.0,15,270,3,3,2585.0,15.2,503,0,5,403395,3393095,507,24,6,-96.25
1810901,403455.0,3393220.0,15,270,3,3,2585.0,15.2,503,0,5,403220,3393250,508,0,7,-84.0
1810901,403455.0,3393220.0,15,270,3,3,2585.0,15.2,503,0,5,403310,3393180,508,0,12,-104.6
1810901,403455.0,3393220.0,15,270,3,3,2585.0,15.2,503,0,5,403290,3393200,508,0,6,-103.6
1810901,403455.0,3393220.0,15,270,3,3,2585.0,15.2,503,0,5,403305,3393165,508,0,5,-115.5
1810901,403455.0,3393220.0,15,270,3,3,2585.0,15.2,503,0,5,403315,3393175,508,42,12,-105.33
1810901,403455.0,3393220.0,15,270,3,3,2585.0,15.2,503,0,5,403055,3393435,508,0,10,-98.0
1810901,403455.0,3393220.0,15,270,3,3,2585.0,15.2,503,0,5,403450,3393040,505,0,10,-97.0
1810901,403455.0,3393220.0,15,270,3,3,2585.0,15.2,503,0,5,403425,3392935,506,0,5,-108.0
1810901,403455.0,3393220.0,15,270,3,3,2585.0,15.2,503,0,5,403360,3392920,506,0,7,-100.5
1810901,403455.0,3393220.0,15,270,3,3,2585.0,15.2,503,0,5,403520,3393080,504,9,6,-109.5
1810901,403455.0,3393220.0,15,270,3,3,2585.0,15.2,503,0,5,403420,3392940,506,102,5,-110.5
1810901,403455.0,3393220.0,15,270,3,3,2585.0,15.2,503,0,5,403375,3392905,506,0,5,-113.5
1810901,403455.0,3393220.0,15,270,3,3,2585.0,15.2,503,0,5,403365,3392915,506,0,7,-112.5
1810901,403455.0,3393220.0,15,270,3,3,2585.0,15.2,503,0,5,403405,3392955,506,0,5,-107.0
1810901,403455.0,3393220.0,15,270,3,3,2585.0,15.2,503,0,5,403400,3392960,505,0,5,-110.2
1810901,403455.0,3393220.0,15,270,3,3,2585.0,15.2,503,0,5,403380,3392900,506,0,7,-113.5
1810901,403455.0,3393220.0,15,270,3,3,2585.0,15.2,503,0,5,403390,3392890,506,0,7,-110.2
1810901,403455.0,3393220.0,15,270,3,3,2585.0,15.2,503,0,5,403410,3392950,506,0,5,-106.43
1810901,403455.0,3393220.0,15,270,3,3,2585.0,15.2,503,0,5,403595,3393460,506,0,7,-100.0
1810901,403455.0,3393220.0,15,270,3,3,2585.0,15.2,503,0,5,403525,3393275,504,0,13,-91.5
1810901,403455.0,3393220.0,15,270,3,3,2585.0,15.2,503,0,5,403555,3393245,503,0,13,-96.2
1810901,403455.0,3393220.0,15,270,3,3,2585.0,15.2,503,0,5,403545,3393255,503,0,16,-91.91
1810901,403455.0,3393220.0,15,270,3,3,2585.0,15.2,503,0,5,403540,3393260,503,0,5,-91.83
1810901,403455.0,3393220.0,15,270,3,3,2585.0,15.2,503,0,5,403550,3393250,503,0,16,-92.6
1810901,403455.0,3393220.0,15,270,3,3,2585.0,15.2,503,0,5,403535,3393265,503,0,13,-93.67
1810901,403455.0,3393220.0,15,270,3,3,2585.0,15.2,503,0,5,403560,3393240,503,0,13,-97.0
1810901,403455.0,3393220.0,15,270,3,3,2585.0,15.2,503,0,5,403520,3393280,504,0,5,-82.8
1810901,403455.0,3393220.0,15,270,3,3,2585.0,15.2,503,0,5,403530,3393270,504,0,13,-91.75
1810901,403455.0,3393220.0,15,270,3,3,2585.0,15.2,503,0,5,403545,3393160,503,6,13,-111.33
1810901,403455.0,3393220.0,15,270,3,3,2585.0,15.2,503,0,5,403345,3392960,506,0,7,-104.5
1810901,403455.0,3393220.0,15,270,3,3,2585.0,15.2,503,0,5,403340,3392955,506,0,7,-112.0
1810901,403455.0,3393220.0,15,270,3,3,2585.0,15.2,503,0,5,403350,3392945,506,0,7,-103.67
1810901,403455.0,3393220.0,15,270,3,3,2585.0,15.2,503,0,5,403325,3392940,506,0,5,-125.0
1810901,403455.0,3393220.0,15,270,3,3,2585.0,15.2,503,0,5,403355,3392950,506,0,7,-103.8
1810901,403455.0,3393220.0,15,270,3,3,2585.0,15.2,503,0,5,403335,3392930,506,0,7,-101.67
1810901,403455.0,3393220.0,15,270,3,3,2585.0,15.2,503,0,5,403530,3393125,504,0,5,-111.0
1810901,403455.0,3393220.0,15,270,3,3,2585.0,15.2,503,0,5,403555,3393400,506,0,7,-101.5
1810901,403455.0,3393220.0,15,270,3,3,2585.0,15.2,503,0,5,403550,3393395,506,0,7,-103.0
1810901,403455.0,3393220.0,15,270,3,3,2585.0,15.2,503,0,5,403565,3393410,506,0,5,-101.0
1810901,403455.0,3393220.0,15,270,3,3,2585.0,15.2,503,0,5,403580,3392955,505,0,5,-107.5
1810901,403455.0,3393220.0,15,270,3,3,2585.0,15.2,503,0,5,403115,3393430,506,0,5,-108.5
1810901,403455.0,3393220.0,15,270,3,3,2585.0,15.2,503,0,5,403320,3393175,508,42,12,-114.33
1810901,403455.0,3393220.0,15,270,3,3,2585.0,15.2,503,0,5,403335,3393170,507,42,12,-89.75
1810901,403455.0,3393220.0,15,270,3,3,2585.0,15.2,503,0,5,403245,3393260,508,0,5,-82.55
1810901,403455.0,3393220.0,15,270,3,3,2585.0,15.2,503,0,5,403375,3393050,506,0,6,-101.5
1810901,403455.0,3393220.0,15,270,3,3,2585.0,15.2,503,0,5,403110,3393425,506,84,5,-102.0
1810901,403455.0,3393220.0,15,270,3,3,2585.0,15.2,503,0,5,403085,3393420,507,0,5,-98.33
1810901,403455.0,3393220.0,15,270,3,3,2585.0,15.2,503,0,5,403255,3393250,508,0,6,-82.2
1810901,403455.0,3393220.0,15,270,3,3,2585.0,15.2,503,0,5,403490,3393005,506,0,7,-101.6
1810901,403455.0,3393220.0,15,270,3,3,2585.0,15.2,503,0,5,403465,3393000,506,102,7,-100.6
1810901,403455.0,3393220.0,15,270,3,3,2585.0,15.2,503,0,5,403380,3393075,507,24,6,-96.0
1810901,403455.0,3393220.0,15,270,3,3,2585.0,15.2,503,0,5,403260,3393275,508,0,5,-88.2
1810901,403455.0,3393220.0,15,270,3,3,2585.0,15.2,503,0,5,403355,3393190,506,0,5,-102.2
1810901,403455.0,3393220.0,15,270,3,3,2585.0,15.2,503,0,5,403435,3393110,505,0,5,-88.78
1810901,403455.0,3393220.0,15,270,3,3,2585.0,15.2,503,0,5,403415,3393090,506,0,6,-89.58
1810901,403455.0,3393220.0,15,270,3,3,2585.0,15.2,503,0,5,403485,3393020,506,0,7,-103.0
1810901,403455.0,3393220.0,15,270,3,3,2585.0,15.2,503,0,5,403190,3393345,506,0,6,-100.33
1810901,403455.0,3393220.0,15,270,3,3,2585.0,15.2,503,0,5,403460,3392995,506,102,7,-107.5
1810901,403455.0,3393220.0,15,270,3,3,2585.0,15.2,503,0,5,403170,3393325,506,0,5,-101.67
1810901,403455.0,3393220.0,15,270,3,3,2585.0,15.2,503,0,5,403230,3393225,508,0,5,-95.5
1810901,403455.0,3393220.0,15,270,3,3,2585.0,15.2,503,0,5,403410,3393085,506,0,6,-91.49
1810901,403455.0,3393220.0,15,270,3,3,2585.0,15.2,503,0,5,403340,3393195,507,0,5,-99.63
1810901,403455.0,3393220.0,15,270,3,3,2585.0,15.2,503,0,5,403175,3393330,506,0,5,-99.0
1810901,403455.0,3393220.0,15,270,3,3,2585.0,15.2,503,0,5,403240,3393255,508,0,5,-82.22
1810901,403455.0,3393220.0,15,270,3,3,2585.0,15.2,503,0,5,403480,3393015,506,0,7,-105.33
1810901,403455.0,3393220.0,15,270,3,3,2585.0,15.2,503,0,5,403275,3393270,508,0,11,-88.86
1810901,403455.0,3393220.0,15,270,3,3,2585.0,15.2,503,0,5,403390,3393065,507,0,7,-94.32
1810901,403455.0,3393220.0,15,270,3,3,2585.0,15.2,503,0,5,403135,3393290,505,0,5,-92.4
1810901,403455.0,3393220.0,15,270,3,3,2585.0,15.2,503,0,5,403125,3393300,505,0,10,-103.5
1810901,403455.0,3393220.0,15,270,3,3,2585.0,15.2,503,0,5,403250,3393245,508,0,5,-83.0
1810901,403455.0,3393220.0,15,270,3,3,2585.0,15.2,503,0,5,403265,3393280,508,0,5,-89.19
1810901,403455.0,3393220.0,15,270,3,3,2585.0,15.2,503,0,5,403345,3393200,507,0,5,-96.9
1810901,403455.0,3393220.0,15,270,3,3,2585.0,15.2,503,0,5,403180,3393355,506,0,6,-96.25
1810901,403455.0,3393220.0,15,270,3,3,2585.0,15.2,503,0,5,403400,3393095,506,0,6,-91.53
1810901,403455.0,3393220.0,15,270,3,3,2585.0,15.2,503,0,5,403425,3393120,505,0,5,-85.62
1810901,403455.0,3393220.0,15,270,3,3,2585.0,15.2,503,0,5,403405,3393100,506,0,6,-88.88
1810901,403455.0,3393220.0,15,270,3,3,2585.0,15.2,503,0,5,403395,3393070,507,0,7,-96.54
1810901,403455.0,3393220.0,15,270,3,3,2585.0,15.2,503,0,5,403420,3393115,505,0,5,-83.14
1810901,403455.0,3393220.0,15,270,3,3,2585.0,15.2,503,0,5,403120,3393295,505,0,10,-94.0
1810901,403455.0,3393220.0,15,270,3,3,2585.0,15.2,503,0,5,403165,3393340,505,0,6,-99.86
1810901,403455.0,3393220.0,15,270,3,3,2585.0,15.2,503,0,5,403185,3393360,506,0,6,-101.0
1810901,403455.0,3393220.0,15,270,3,3,2585.0,15.2,503,0,5,403270,3393265,508,0,11,-85.71
1810901,403455.0,3393220.0,15,270,3,3,2585.0,15.2,503,0,5,403195,3393350,506,0,6,-101.2
1810901,403455.0,3393220.0,15,270,3,3,2585.0,15.2,503,0,5,403470,3392985,507,0,7,-102.67
1810901,403455.0,3393220.0,15,270,3,3,2585.0,15.2,503,0,5,403350,3393185,507,0,5,-93.11
1810901,403455.0,3393220.0,15,270,3,3,2585.0,15.2,503,0,5,403450,3392965,506,0,7,-112.0
1810901,403455.0,3393220.0,15,270,3,3,2585.0,15.2,503,0,5,403300,3393155,508,0,5,-104.0
1810901,403455.0,3393220.0,15,270,3,3,2585.0,15.2,503,0,5,403325,3393180,507,0,5,-95.0
1810901,403455.0,3393220.0,15,270,3,3,2585.0,15.2,503,0,5,403445,3392980,506,102,7,-107.33
1810901,403455.0,3393220.0,15,270,3,3,2585.0,15.2,503,0,5,403510,3393025,505,0,5,-102.5
1810901,403455.0,3393220.0,15,270,3,3,2585.0,15.2,503,0,5,403095,3393410,507,0,5,-94.33
1810901,403455.0,3393220.0,15,270,3,3,2585.0,15.2,503,0,5,403440,3392975,506,0,7,-112.0
1810901,403455.0,3393220.0,15,270,3,3,2585.0,15.2,503,0,5,403090,3393405,507,0,13,-100.25
1810901,403455.0,3393220.0,15,270,3,3,2585.0,15.2,503,0,5,403430,3393105,505,0,5,-85.52
1810901,403455.0,3393220.0,15,270,3,3,2585.0,15.2,503,0,5,403370,3393045,506,0,6,-88.5
1810901,403455.0,3393220.0,15,270,3,3,2585.0,15.2,503,0,5,403080,3393415,507,0,5,-98.38
1810901,403455.0,3393220.0,15,270,3,3,2585.0,15.2,503,0,5,403495,3393010,506,0,7,-103.5
1810901,403455.0,3393220.0,15,270,3,3,2585.0,15.2,503,0,5,403525,3393360,505,0,7,-102.67
1810901,403455.0,3393220.0,15,270,3,3,2585.0,15.2,503,0,5,403540,3393335,505,0,6,-94.33
1810901,403455.0,3393220.0,15,270,3,3,2585.0,15.2,503,0,5,403535,3393350,505,0,7,-101.0
1810901,403455.0,3393220.0,15,270,3,3,2585.0,15.2,503,0,5,403530,3393345,505,0,7,-95.08
1810901,403455.0,3393220.0,15,270,3,3,2585.0,15.2,503,0,5,403250,3393310,507,0,7,-100.0
1810901,403455.0,3393220.0,15,270,3,3,2585.0,15.2,503,0,5,403170,3393230,507,0,6,-101.5
1810901,403455.0,3393220.0,15,270,3,3,2585.0,15.2,503,0,5,403215,3393345,507,0,6,-102.5
1810901,403455.0,3393220.0,15,270,3,3,2585.0,15.2,503,0,5,403235,3393325,507,0,7,-89.67
1810901,403455.0,3393220.0,15,270,3,3,2585.0,15.2,503,0,5,403225,3393335,507,0,6,-93.5
1810901,403455.0,3393220.0,15,270,3,3,2585.0,15.2,503,0,5,403270,3393290,508,0,11,-83.9
1810901,403455.0,3393220.0,15,270,3,3,2585.0,15.2,503,0,5,403180,3393220,508,0,5,-102.67
1810901,403455.0,3393220.0,15,270,3,3,2585.0,15.2,503,0,5,403275,3393285,508,0,5,-82.38
1810901,403455.0,3393220.0,15,270,3,3,2585.0,15.2,503,0,5,403260,3393300,507,0,11,-93.17
1810901,403455.0,3393220.0,15,270,3,3,2585.0,15.2,503,0,5,403205,3393355,506,0,6,-108.0
1810901,403455.0,3393220.0,15,270,3,3,2585.0,15.2,503,0,5,403210,3393350,507,0,6,-102.25
1810901,403455.0,3393220.0,15,270,3,3,2585.0,15.2,503,0,5,403145,3393255,506,0,10,-104.67
1810901,403455.0,3393220.0,15,270,3,3,2585.0,15.2,503,0,5,403185,3393215,508,0,5,-101.67
1810901,403455.0,3393220.0,15,270,3,3,2585.0,15.2,503,0,5,403190,3393210,508,0,6,-105.0
1810901,403455.0,3393220.0,15,270,3,3,2585.0,15.2,503,0,5,403195,3393205,508,0,6,-101.67
1810901,403455.0,3393220.0,15,270,3,3,2585.0,15.2,503,0,5,403245,3393315,507,0,7,-108.0
1810901,403455.0,3393220.0,15,270,3,3,2585.0,15.2,503,0,5,403165,3393235,507,0,5,-105.5
1810901,403455.0,3393220.0,15,270,3,3,2585.0,15.2,503,0,5,403150,3393250,506,0,10,-100.0
1810901,403455.0,3393220.0,15,270,3,3,2585.0,15.2,503,0,5,403140,3393260,506,0,10,-105.25
1810901,403455.0,3393220.0,15,270,3,3,2585.0,15.2,503,0,5,403255,3393305,507,0,5,-93.0
1810901,403455.0,3393220.0,15,270,3,3,2585.0,15.2,503,0,5,403220,3393340,507,0,6,-108.0
1810901,403455.0,3393220.0,15,270,3,3,2585.0,15.2,503,0,5,403265,3393295,507,0,11,-87.23
1810901,403455.0,3393220.0,15,270,3,3,2585.0,15.2,503,0,5,403590,3393460,506,0,7,-103.5
1810901,403455.0,3393220.0,15,270,3,3,2585.0,15.2,503,0,5,403410,3393285,504,0,5,-79.29
1810901,403455.0,3393220.0,15,270,3,3,2585.0,15.2,503,0,5,403400,3393295,504,0,5,-82.5
1810901,403455.0,3393220.0,15,270,3,3,2585.0,15.2,503,0,5,403430,3393305,504,0,5,-97.5
1810901,403455.0,3393220.0,15,270,3,3,2585.0,15.2,503,0,5,403415,3393290,504,0,5,-77.5
1810901,403455.0,3393220.0,15,270,3,3,2585.0,15.2,503,0,5,403365,3393340,506,0,6,-93.75
1810901,403455.0,3393220.0,15,270,3,3,2585.0,15.2,503,0,5,403395,3393350,505,54,7,-91.0
1810901,403455.0,3393220.0,15,270,3,3,2585.0,15.2,503,0,5,403360,3393335,506,0,6,-94.89
1810901,403455.0,3393220.0,15,270,3,3,2585.0,15.2,503,0,5,403385,3393360,506,0,7,-96.29
1810901,403455.0,3393220.0,15,270,3,3,2585.0,15.2,503,0,5,403375,3393330,505,0,6,-96.17
1810901,403455.0,3393220.0,15,270,3,3,2585.0,15.2,503,0,5,403370,3393325,505,0,6,-95.38
1810901,403455.0,3393220.0,15,270,3,3,2585.0,15.2,503,0,5,403380,3393355,506,0,5,-100.21
1810901,403455.0,3393220.0,15,270,3,3,2585.0,15.2,503,0,5,403390,3393345,505,0,7,-100.86
1810901,403455.0,3393220.0,15,270,3,3,2585.0,15.2,503,0,5,403325,3393185,507,0,5,-99.0
1810901,403455.0,3393220.0,15,270,3,3,2585.0,15.2,503,0,5,403535,3392915,506,0,10,-111.67
1810901,403455.0,3393220.0,15,270,3,3,2585.0,15.2,503,0,5,403095,3393435,507,0,5,-107.67
1810901,403455.0,3393220.0,15,270,3,3,2585.0,15.2,503,0,5,403345,3393165,507,42,5,-93.0
1810901,403455.0,3393220.0,15,270,3,3,2585.0,15.2,503,0,5,403430,3393100,505,0,5,-86.08
1810901,403455.0,3393220.0,15,270,3,3,2585.0,15.2,503,0,5,403340,3393170,507,42,5,-94.5
1810901,403455.0,3393220.0,15,270,3,3,2585.0,15.2,503,0,5,403380,3393050,506,0,5,-98.4
1810901,403455.0,3393220.0,15,270,3,3,2585.0,15.2,503,0,5,403150,3393300,505,0,5,-96.0
1810901,403455.0,3393220.0,15,270,3,3,2585.0,15.2,503,0,5,403265,3393245,508,0,5,-82.15
1810901,403455.0,3393220.0,15,270,3,3,2585.0,15.2,503,0,5,403260,3393250,508,0,5,-84.42
1810901,403455.0,3393220.0,15,270,3,3,2585.0,15.2,503,0,5,403330,3393200,507,0,6,-101.39
1810901,403455.0,3393220.0,15,270,3,3,2585.0,15.2,503,0,5,403385,3393045,506,0,7,-95.75
1810901,403455.0,3393220.0,15,270,3,3,2585.0,15.2,503,0,5,403435,3393095,505,0,6,-90.5
1810901,403455.0,3393220.0,15,270,3,3,2585.0,15.2,503,0,5,403450,3393000,506,102,7,-97.2
1810901,403455.0,3393220.0,15,270,3,3,2585.0,15.2,503,0,5,403455,3392995,506,102,7,-90.33
1810901,403455.0,3393220.0,15,270,3,3,2585.0,15.2,503,0,5,403465,3392965,506,0,7,-102.71
1810901,403455.0,3393220.0,15,270,3,3,2585.0,15.2,503,0,5,403540,3392890,506,102,5,-113.0
1810901,403455.0,3393220.0,15,270,3,3,2585.0,15.2,503,0,5,403185,3393325,506,0,6,-97.5
1810901,403455.0,3393220.0,15,270,3,3,2585.0,15.2,503,0,5,403230,3393220,508,0,5,-81.5
1810901,403455.0,3393220.0,15,270,3,3,2585.0,15.2,503,0,5,403270,3393260,508,0,11,-86.86
1810901,403455.0,3393220.0,15,270,3,3,2585.0,15.2,503,0,5,403390,3393060,507,0,7,-95.91
1810901,403455.0,3393220.0,15,270,3,3,2585.0,15.2,503,0,5,403395,3393055,506,0,7,-92.48
1810901,403455.0,3393220.0,15,270,3,3,2585.0,15.2,503,0,5,403140,3393290,505,0,5,-93.0
1810901,403455.0,3393220.0,15,270,3,3,2585.0,15.2,503,0,5,403175,3393355,506,0,6,-106.0
1810901,403455.0,3393220.0,15,270,3,3,2585.0,15.2,503,0,5,403415,3393115,506,0,5,-86.34
1810901,403455.0,3393220.0,15,270,3,3,2585.0,15.2,503,0,5,403145,3393285,506,0,5,-96.5
1810901,403455.0,3393220.0,15,270,3,3,2585.0,15.2,503,0,5,403410,3393120,506,0,5,-87.94
1810901,403455.0,3393220.0,15,270,3,3,2585.0,15.2,503,0,5,403420,3393090,506,0,6,-88.13
1810901,403455.0,3393220.0,15,270,3,3,2585.0,15.2,503,0,5,403405,3393105,506,0,5,-88.39
1810901,403455.0,3393220.0,15,270,3,3,2585.0,15.2,503,0,5,403200,3393230,508,0,6,-101.0
1810901,403455.0,3393220.0,15,270,3,3,2585.0,15.2,503,0,5,403165,3393345,505,0,6,-105.75
1810901,403455.0,3393220.0,15,270,3,3,2585.0,15.2,503,0,5,403080,3393430,507,0,5,-99.8
1810901,403455.0,3393220.0,15,270,3,3,2585.0,15.2,503,0,5,403240,3393270,508,0,5,-87.1
1810901,403455.0,3393220.0,15,270,3,3,2585.0,15.2,503,0,5,403195,3393335,506,0,6,-103.0
1810901,403455.0,3393220.0,15,270,3,3,2585.0,15.2,503,0,5,403255,3393275,508,0,5,-89.5
1810901,403455.0,3393220.0,15,270,3,3,2585.0,15.2,503,0,5,403190,3393340,506,0,6,-98.62
1810901,403455.0,3393220.0,15,270,3,3,2585.0,15.2,503,0,5,403155,3393295,506,0,5,-103.75
1810901,403455.0,3393220.0,15,270,3,3,2585.0,15.2,503,0,5,403180,3393330,506,0,6,-97.83
1810901,403455.0,3393220.0,15,270,3,3,2585.0,15.2,503,0,5,403160,3393350,505,6,6,-102.67
1810901,403455.0,3393220.0,15,270,3,3,2585.0,15.2,503,0,5,403170,3393360,505,0,5,-106.2
1810901,403455.0,3393220.0,15,270,3,3,2585.0,15.2,503,0,5,403320,3393190,507,0,5,-100.63
1810901,403455.0,3393220.0,15,270,3,3,2585.0,15.2,503,0,5,403250,3393280,508,0,6,-89.13
1810901,403455.0,3393220.0,15,270,3,3,2585.0,15.2,503,0,5,403425,3393085,506,0,6,-89.71
1810901,403455.0,3393220.0,15,270,3,3,2585.0,15.2,503,0,5,403460,3392970,506,0,7,-104.0
1810901,403455.0,3393220.0,15,270,3,3,2585.0,15.2,503,0,5,403470,3392980,507,0,7,-105.0
1810901,403455.0,3393220.0,15,270,3,3,2585.0,15.2,503,0,5,403295,3393155,508,0,5,-111.5
1810901,403455.0,3393220.0,15,270,3,3,2585.0,15.2,503,0,5,403125,3393305,505,0,10,-91.5
1810901,403455.0,3393220.0,15,270,3,3,2585.0,15.2,503,0,5,403485,3393025,506,0,7,-104.29
1810901,403455.0,3393220.0,15,270,3,3,2585.0,15.2,503,0,5,403400,3393110,506,24,6,-88.78
1810901,403455.0,3393220.0,15,270,3,3,2585.0,15.2,503,0,5,403245,3393265,508,0,5,-82.87
1810901,403455.0,3393220.0,15,270,3,3,2585.0,15.2,503,0,5,403445,3392985,506,102,7,-105.5
1810901,403455.0,3393220.0,15,270,3,3,2585.0,15.2,503,0,5,403480,3393030,506,0,5,-101.67
1810901,403455.0,3393220.0,15,270,3,3,2585.0,15.2,503,0,5,403495,3393035,505,0,10,-93.0
1810901,403455.0,3393220.0,15,270,3,3,2585.0,15.2,503,0,5,403490,3393040,505,0,10,-99.67
1810901,403455.0,3393220.0,15,270,3,3,2585.0,15.2,503,0,5,403440,3392990,506,102,5,-101.67
1810901,403455.0,3393220.0,15,270,3,3,2585.0,15.2,503,0,5,403085,3393425,507,0,5,-100.67
1810901,403455.0,3393220.0,15,270,3,3,2585.0,15.2,503,0,5,403335,3393195,507,0,5,-96.3
1810901,403455.0,3393220.0,15,270,3,3,2585.0,15.2,503,0,5,403275,3393255,508,0,11,-83.17
1810901,403455.0,3393220.0,15,270,3,3,2585.0,15.2,503,0,5,403355,3393175,507,0,12,-95.44
1810901,403455.0,3393220.0,15,270,3,3,2585.0,15.2,503,0,5,403515,3392950,506,0,7,-106.0
1810901,403455.0,3393220.0,15,270,3,3,2585.0,15.2,503,0,5,403445,3392900,505,0,5,-108.5
1810901,403455.0,3393220.0,15,270,3,3,2585.0,15.2,503,0,5,403460,3392915,505,0,10,-111.75
1810901,403455.0,3393220.0,15,270,3,3,2585.0,15.2,503,0,5,403470,3392905,505,0,5,-106.75
1810901,403455.0,3393220.0,15,270,3,3,2585.0,15.2,503,0,5,403500,3392955,506,0,7,-107.0
1810901,403455.0,3393220.0,15,270,3,3,2585.0,15.2,503,0,5,403480,3392935,506,0,5,-113.75
1810901,403455.0,3393220.0,15,270,3,3,2585.0,15.2,503,0,5,403510,3392945,506,0,7,-111.6
1810901,403455.0,3393220.0,15,270,3,3,2585.0,15.2,503,0,5,403485,3392940,506,0,5,-111.67
1810901,403455.0,3393220.0,15,270,3,3,2585.0,15.2,503,0,5,403490,3392925,506,0,10,-120.0
1810901,403455.0,3393220.0,15,270,3,3,2585.0,15.2,503,0,5,403440,3392895,505,0,7,-108.5
1810901,403455.0,3393220.0,15,270,3,3,2585.0,15.2,503,0,5,403535,3392970,506,0,5,-103.4
1810901,403455.0,3393220.0,15,270,3,3,2585.0,15.2,503,0,5,403530,3392965,506,0,5,-105.72
1810901,403455.0,3393220.0,15,270,3,3,2585.0,15.2,503,0,5,403385,3392840,505,0,5,-103.67
1810901,403455.0,3393220.0,15,270,3,3,2585.0,15.2,503,0,5,403505,3392960,506,0,7,-104.5
1810901,403455.0,3393220.0,15,270,3,3,2585.0,15.2,503,0,5,403555,3393240,503,0,13,-95.75
1810901,403455.0,3393220.0,15,270,3,3,2585.0,15.2,503,0,5,403575,3393260,504,0,13,-102.5
1810901,403455.0,3393220.0,15,270,3,3,2585.0,15.2,503,0,5,403565,3393250,503,0,13,-96.83
1810901,403455.0,3393220.0,15,270,3,3,2585.0,15.2,503,0,5,403570,3393255,503,0,13,-95.29
1810901,403455.0,3393220.0,15,270,3,3,2585.0,15.2,503,0,5,403550,3393235,503,0,13,-98.0
1810901,403455.0,3393220.0,15,270,3,3,2585.0,15.2,503,0,5,403560,3393245,503,0,13,-92.0
1810901,403455.0,3393220.0,15,270,3,3,2585.0,15.2,503,0,5,403520,3393205,503,0,13,-91.0
1810901,403455.0,3393220.0,15,270,3,3,2585.0,15.2,503,0,5,403645,3393255,506,0,5,-103.5
1810901,403455.0,3393220.0,15,270,3,3,2585.0,15.2,503,0,5,403355,3392945,506,0,7,-98.53
1810901,403455.0,3393220.0,15,270,3,3,2585.0,15.2,503,0,5,403330,3392930,506,0,7,-103.0
1810901,403455.0,3393220.0,15,270,3,3,2585.0,15.2,503,0,5,403345,3392955,506,0,7,-106.8
1810901,403455.0,3393220.0,15,270,3,3,2585.0,15.2,503,0,5,403350,3392950,506,0,7,-102.0
1810901,403455.0,3393220.0,15,270,3,3,2585.0,15.2,503,0,5,403640,3393260,506,0,5,-101.5
1810901,403455.0,3393220.0,15,270,3,3,2585.0,15.2,503,0,5,403335,3392925,506,0,7,-104.33
1810901,403455.0,3393220.0,15,270,3,3,2585.0,15.2,503,0,5,403620,3393240,505,0,7,-108.5
1810901,403455.0,3393220.0,15,270,3,3,2585.0,15.2,503,0,5,403550,3393160,503,6,13,-103.0
1810901,403455.0,3393220.0,15,270,3,3,2585.0,15.2,503,0,5,403345,3392945,506,0,7,-104.8
1810901,403455.0,3393220.0,15,270,3,3,2585.0,15.2,503,0,5,403525,3393125,504,0,13,-111.33
1810901,403455.0,3393220.0,15,270,3,3,2585.0,15.2,503,0,5,403325,3392925,506,0,7,-109.0
1810901,403455.0,3393220.0,15,270,3,3,2585.0,15.2,503,0,5,403315,3392915,507,0,5,-98.0
1810901,403455.0,3393220.0,15,270,3,3,2585.0,15.2,503,0,5,403355,3392955,506,0,7,-103.86
1810901,403455.0,3393220.0,15,270,3,3,2585.0,15.2,503,0,5,403350,3392960,506,0,7,-103.6
1810901,403455.0,3393220.0,15,270,3,3,2585.0,15.2,503,0,5,403330,3392940,506,0,5,-98.5
1810901,403455.0,3393220.0,15,270,3,3,2585.0,15.2,503,0,5,403650,3393260,506,0,5,-93.0
1810901,403455.0,3393220.0,15,270,3,3,2585.0,15.2,503,0,5,403335,3392935,506,0,7,-102.6
1810901,403455.0,3393220.0,15,270,3,3,2585.0,15.2,503,0,5,403445,3393105,505,0,5,-100.33
1810901,403455.0,3393220.0,15,270,3,3,2585.0,15.2,503,0,5,403475,3393095,504,0,5,-102.0
1810901,403455.0,3393220.0,15,270,3,3,2585.0,15.2,503,0,5,403440,3393110,505,0,7,-75.67
1810901,403455.0,3393220.0,15,270,3,3,2585.0,15.2,503,0,5,403360,3393030,506,0,6,-109.0
1810901,403455.0,3393220.0,15,270,3,3,2585.0,15.2,503,0,5,403340,3393210,507,0,5,-96.83
1810901,403455.0,3393220.0,15,270,3,3,2585.0,15.2,503,0,5,403385,3393005,505,0,7,-91.38
1810901,403455.0,3393220.0,15,270,3,3,2585.0,15.2,503,0,5,403320,3393230,507,42,11,-84.5
1810901,403455.0,3393220.0,15,270,3,3,2585.0,15.2,503,0,5,403165,3393385,505,0,5,-104.67
1810901,403455.0,3393220.0,15,270,3,3,2585.0,15.2,503,0,5,403300,3393250,508,0,7,-86.0
1810901,403455.0,3393220.0,15,270,3,3,2585.0,15.2,503,0,5,403100,3393290,506,0,10,-96.33
1810901,403455.0,3393220.0,15,270,3,3,2585.0,15.2,503,0,5,403305,3393245,508,0,7,-82.67
1810901,403455.0,3393220.0,15,270,3,3,2585.0,15.2,503,0,5,403285,3393265,508,0,7,-86.74
1810901,403455.0,3393220.0,15,270,3,3,2585.0,15.2,503,0,5,403290,3393280,508,0,5,-86.97
1810901,403455.0,3393220.0,15,270,3,3,2585.0,15.2,503,0,5,403345,3393205,506,0,5,-92.58
1810901,403455.0,3393220.0,15,270,3,3,2585.0,15.2,503,0,5,403375,3393035,506,0,5,-98.0
1810901,403455.0,3393220.0,15,270,3,3,2585.0,15.2,503,0,5,403295,3393275,508,0,5,-85.67
1810901,403455.0,3393220.0,15,270,3,3,2585.0,15.2,503,0,5,403145,3393405,506,84,5,-100.0
1810901,403455.0,3393220.0,15,270,3,3,2585.0,15.2,503,0,5,403180,3393370,506,0,5,-102.0
1810901,403455.0,3393220.0,15,270,3,3,2585.0,15.2,503,0,5,403420,3392970,506,0,10,-107.43
1810901,403455.0,3393220.0,15,270,3,3,2585.0,15.2,503,0,5,403355,3393215,506,0,5,-98.06
1810901,403455.0,3393220.0,15,270,3,3,2585.0,15.2,503,0,5,403310,3393260,507,0,7,-83.63
1810901,403455.0,3393220.0,15,270,3,3,2585.0,15.2,503,0,5,403325,3393225,507,42,5,-86.43
1810901,403455.0,3393220.0,15,270,3,3,2585.0,15.2,503,0,5,403350,3393220,506,0,5,-84.92
1810901,403455.0,3393220.0,15,270,3,3,2585.0,15.2,503,0,5,403280,3393270,508,0,5,-87.64
1810901,403455.0,3393220.0,15,270,3,3,2585.0,15.2,503,0,5,403330,3393240,507,0,7,-81.92
1810901,403455.0,3393220.0,15,270,3,3,2585.0,15.2,503,0,5,403430,3392980,506,0,5,-101.55
1810901,403455.0,3393220.0,15,270,3,3,2585.0,15.2,503,0,5,403190,3393380,506,0,6,-109.71
1810901,403455.0,3393220.0,15,270,3,3,2585.0,15.2,503,0,5,403115,3393295,505,0,10,-90.67
1810901,403455.0,3393220.0,15,270,3,3,2585.0,15.2,503,0,5,403425,3392965,506,102,5,-108.83
1810901,403455.0,3393220.0,15,270,3,3,2585.0,15.2,503,0,5,403075,3393335,507,0,5,-109.0
1810901,403455.0,3393220.0,15,270,3,3,2585.0,15.2,503,0,5,403380,3393010,506,0,7,-90.92
1810901,403455.0,3393220.0,15,270,3,3,2585.0,15.2,503,0,5,403195,3393375,506,0,6,-104.29
1810901,403455.0,3393220.0,15,270,3,3,2585.0,15.2,503,0,5,403185,3393365,506,0,6,-100.71
1810901,403455.0,3393220.0,15,270,3,3,2585.0,15.2,503,0,5,403335,3393235,507,0,5,-82.92
1810901,403455.0,3393220.0,15,270,3,3,2585.0,15.2,503,0,5,403460,3393090,504,0,6,-100.5
1810901,403455.0,3393220.0,15,270,3,3,2585.0,15.2,503,0,5,403315,3393255,507,0,7,-80.91
1810901,403455.0,3393220.0,15,270,3,3,2585.0,15.2,503,0,5,403410,3393000,506,0,5,-100.0
1810901,403455.0,3393220.0,15,270,3,3,2585.0,15.2,503,0,5,403390,3393020,506,0,7,-93.82
1810901,403455.0,3393220.0,15,270,3,3,2585.0,15.2,503,0,5,403395,3393015,506,0,7,-89.83
1810901,403455.0,3393220.0,15,270,3,3,2585.0,15.2,503,0,5,403405,3392985,505,0,10,-99.8
1810901,403455.0,3393220.0,15,270,3,3,2585.0,15.2,503,0,5,403140,3393410,506,84,5,-106.0
1810901,403455.0,3393220.0,15,270,3,3,2585.0,15.2,503,0,5,403160,3393390,505,0,13,-106.25
1810901,403455.0,3393220.0,15,270,3,3,2585.0,15.2,503,0,5,403090,3393320,506,0,5,-102.0
1810901,403455.0,3393220.0,15,270,3,3,2585.0,15.2,503,0,5,403450,3393120,504,0,7,-101.5
1810901,403455.0,3393220.0,15,270,3,3,2585.0,15.2,503,0,5,403455,3393115,504,0,7,-94.75
1810901,403455.0,3393220.0,15,270,3,3,2585.0,15.2,503,0,5,403435,3392975,506,0,5,-105.5
1810901,403455.0,3393220.0,15,270,3,3,2585.0,15.2,503,0,5,403400,3392990,505,0,5,-101.6
1810901,403455.0,3393220.0,15,270,3,3,2585.0,15.2,503,0,5,403120,3393430,506,0,5,-106.33
1810901,403455.0,3393220.0,15,270,3,3,2585.0,15.2,503,0,5,403465,3393085,504,0,6,-99.5
1810901,403455.0,3393220.0,15,270,3,3,2585.0,15.2,503,0,5,403470,3393100,504,0,5,-106.0
1810901,403455.0,3393220.0,15,270,3,3,2585.0,15.2,503,0,5,403415,3392995,506,0,10,-101.33
1810901,403455.0,3393220.0,15,270,3,3,2585.0,15.2,503,0,5,403410,3393340,505,54,6,-99.0
1810901,403455.0,3393220.0,15,270,3,3,2585.0,15.2,503,0,5,403380,3393310,505,0,5,-91.96
1810901,403455.0,3393220.0,15,270,3,3,2585.0,15.2,503,0,5,403375,3393295,505,0,5,-88.07
1810901,403455.0,3393220.0,15,270,3,3,2585.0,15.2,503,0,5,403365,3393285,505,0,11,-80.63
1810901,403455.0,3393220.0,15,270,3,3,2585.0,15.2,503,0,5,403395,3393315,505,0,5,-86.25
1810901,403455.0,3393220.0,15,270,3,3,2585.0,15.2,503,0,5,403360,3393290,505,0,11,-83.77
1810901,403455.0,3393220.0,15,270,3,3,2585.0,15.2,503,0,5,403385,3393305,505,0,5,-90.5
1810901,403455.0,3393220.0,15,270,3,3,2585.0,15.2,503,0,5,403370,3393300,505,0,5,-88.17
1810901,403455.0,3393220.0,15,270,3,3,2585.0,15.2,503,0,5,403400,3393330,505,0,6,-96.0
1810901,403455.0,3393220.0,15,270,3,3,2585.0,15.2,503,0,5,403390,3393320,505,0,6,-94.2
1810901,403455.0,3393220.0,15,270,3,3,2585.0,15.2,503,0,5,403285,3393330,507,0,6,-96.0
1810901,403455.0,3393220.0,15,270,3,3,2585.0,15.2,503,0,5,403280,3393325,507,0,5,-114.0
1810901,403455.0,3393220.0,15,270,3,3,2585.0,15.2,503,0,5,403320,3393285,507,0,11,-80.94
1810901,403455.0,3393220.0,15,270,3,3,2585.0,15.2,503,0,5,403350,3393315,506,0,5,-95.23
1810901,403455.0,3393220.0,15,270,3,3,2585.0,15.2,503,0,5,403345,3393310,506,0,5,-98.33
1810901,403455.0,3393220.0,15,270,3,3,2585.0,15.2,503,0,5,403340,3393305,506,0,5,-87.75
1810901,403455.0,3393220.0,15,270,3,3,2585.0,15.2,503,0,5,403325,3393290,507,0,11,-86.25
1810901,403455.0,3393220.0,15,270,3,3,2585.0,15.2,503,0,5,403305,3393350,507,33,5,-102.0
1810901,403455.0,3393220.0,15,270,3,3,2585.0,15.2,503,0,5,403290,3393335,507,0,6,-100.8
1810901,403455.0,3393220.0,15,270,3,3,2585.0,15.2,503,0,5,403335,3393300,506,0,5,-90.56
1810901,403455.0,3393220.0,15,270,3,3,2585.0,15.2,503,0,5,403330,3393295,506,0,5,-85.93
1810901,403455.0,3393220.0,15,270,3,3,2585.0,15.2,503,0,5,403355,3393320,506,0,5,-93.57
1810901,403455.0,3393220.0,15,270,3,3,2585.0,15.2,503,0,5,403295,3393340,507,0,6,-98.25
1810901,403455.0,3393220.0,15,270,3,3,2585.0,15.2,503,0,5,403315,3393360,507,33,5,-95.6
1810901,403455.0,3393220.0,15,270,3,3,2585.0,15.2,503,0,5,403570,3393260,504,0,13,-98.25
1810901,403455.0,3393220.0,15,270,3,3,2585.0,15.2,503,0,5,403550,3393240,503,0,13,-96.33
1810901,403455.0,3393220.0,15,270,3,3,2585.0,15.2,503,0,5,403565,3393245,503,0,13,-95.33
1810901,403455.0,3393220.0,15,270,3,3,2585.0,15.2,503,0,5,403525,3393205,503,0,13,-88.0
1810901,403455.0,3393220.0,15,270,3,3,2585.0,15.2,503,0,5,403555,3393235,503,0,13,-99.0
1810901,403455.0,3393220.0,15,270,3,3,2585.0,15.2,503,0,5,403610,3393140,504,0,13,-107.5
1810901,403455.0,3393220.0,15,270,3,3,2585.0,15.2,503,0,5,403560,3393250,503,0,13,-99.14
1810901,403455.0,3393220.0,15,270,3,3,2585.0,15.2,503,0,5,403585,3393265,504,0,5,-91.33
1810901,403455.0,3393220.0,15,270,3,3,2585.0,15.2,503,0,5,403595,3393275,505,0,5,-93.0
1810901,403455.0,3393220.0,15,270,3,3,2585.0,15.2,503,0,5,403575,3393255,504,0,5,-98.5
1810901,403455.0,3393220.0,15,270,3,3,2585.0,15.2,503,0,5,403525,3393315,505,0,6,-91.57
1810901,403455.0,3393220.0,15,270,3,3,2585.0,15.2,503,0,5,403520,3393320,505,0,6,-94.8
1810901,403455.0,3393220.0,15,270,3,3,2585.0,15.2,503,0,5,403490,3392875,505,0,7,-109.0
1810901,403455.0,3393220.0,15,270,3,3,2585.0,15.2,503,0,5,403370,3392915,506,0,5,-114.0
1810901,403455.0,3393220.0,15,270,3,3,2585.0,15.2,503,0,5,403385,3392890,506,0,7,-106.0
1810901,403455.0,3393220.0,15,270,3,3,2585.0,15.2,503,0,5,403410,3392955,506,0,5,-107.2
1810901,403455.0,3393220.0,15,270,3,3,2585.0,15.2,503,0,5,403415,3392960,506,0,10,-113.89
1810901,403455.0,3393220.0,15,270,3,3,2585.0,15.2,503,0,5,403535,3393080,505,0,6,-95.0
1810901,403455.0,3393220.0,15,270,3,3,2585.0,15.2,503,0,5,403395,3392900,506,0,7,-109.0
1810901,403455.0,3393220.0,15,270,3,3,2585.0,15.2,503,0,5,403390,3392895,506,0,7,-108.0
1810901,403455.0,3393220.0,15,270,3,3,2585.0,15.2,503,0,5,403435,3392940,506,102,5,-115.5
1810901,403455.0,3393220.0,15,270,3,3,2585.0,15.2,503,0,5,403405,3392950,506,0,5,-103.63
1810901,403455.0,3393220.0,15,270,3,3,2585.0,15.2,503,0,5,403400,3392945,506,0,5,-110.0
1810901,403455.0,3393220.0,15,270,3,3,2585.0,15.2,503,0,5,403540,3393190,503,6,5,-102.5
1810901,403455.0,3393220.0,15,270,3,3,2585.0,15.2,503,0,5,403350,3392920,506,0,7,-102.5
1810901,403455.0,3393220.0,15,270,3,3,2585.0,15.2,503,0,5,403340,3392910,506,0,7,-96.0
1810901,403455.0,3393220.0,15,270,3,3,2585.0,15.2,503,0,5,403325,3392885,506,0,7,-105.4
1810901,403455.0,3393220.0,15,270,3,3,2585.0,15.2,503,0,5,403330,3392900,507,0,7,-106.5
1810901,403455.0,3393220.0,15,270,3,3,2585.0,15.2,503,0,5,403530,3393180,503,6,5,-89.0
1810901,403455.0,3393220.0,15,270,3,3,2585.0,15.2,503,0,5,403335,3392895,506,0,7,-102.25
1810901,403455.0,3393220.0,15,270,3,3,2585.0,15.2,503,0,5,402690,3393265,507,0,6,-100.0
1810901,403455.0,3393220.0,15,270,3,3,2585.0,15.2,503,0,5,403490,3392860,504,102,6,-115.0
1810901,403455.0,3393220.0,15,270,3,3,2585.0,15.2,503,0,5,403425,3392945,506,102,5,-105.5
1810901,403455.0,3393220.0,15,270,3,3,2585.0,15.2,503,0,5,403400,3392930,506,0,10,-106.17
1810901,403455.0,3393220.0,15,270,3,3,2585.0,15.2,503,0,5,403390,3392920,506,0,10,-99.2
1810901,403455.0,3393220.0,15,270,3,3,2585.0,15.2,503,0,5,403395,3392915,506,0,5,-105.33
1810901,403455.0,3393220.0,15,270,3,3,2585.0,15.2,503,0,5,403385,3392905,506,0,5,-114.5
1810901,403455.0,3393220.0,15,270,3,3,2585.0,15.2,503,0,5,403405,3392925,506,102,10,-109.5
1810901,403455.0,3393220.0,15,270,3,3,2585.0,15.2,503,0,5,403375,3392895,506,0,7,-100.5
1810901,403455.0,3393220.0,15,270,3,3,2585.0,15.2,503,0,5,403380,3392910,506,0,10,-105.33
1810901,403455.0,3393220.0,15,270,3,3,2585.0,15.2,503,0,5,403430,3392960,506,102,5,-103.0
1810901,403455.0,3393220.0,15,270,3,3,2585.0,15.2,503,0,5,403320,3392690,506,66,7,-110.0
1810901,403455.0,3393220.0,15,270,3,3,2585.0,15.2,503,0,5,403410,3392940,506,0,5,-104.5
1810901,403455.0,3393220.0,15,270,3,3,2585.0,15.2,503,0,5,403435,3392955,506,102,7,-117.2
1810901,403455.0,3393220.0,15,270,3,3,2585.0,15.2,503,0,5,403420,3392950,506,102,5,-106.5
1810901,403455.0,3393220.0,15,270,3,3,2585.0,15.2,503,0,5,403245,3393340,507,0,6,-99.5
1810901,403455.0,3393220.0,15,270,3,3,2585.0,15.2,503,0,5,403200,3393295,507,0,6,-92.5
1810901,403455.0,3393220.0,15,270,3,3,2585.0,15.2,503,0,5,403165,3393260,507,0,5,-112.0
1810901,403455.0,3393220.0,15,270,3,3,2585.0,15.2,503,0,5,403195,3393270,507,0,6,-93.2
1810901,403455.0,3393220.0,15,270,3,3,2585.0,15.2,503,0,5,403185,3393280,507,0,5,-97.0
1810901,403455.0,3393220.0,15,270,3,3,2585.0,15.2,503,0,5,403210,3393285,507,0,7,-98.25
1810901,403455.0,3393220.0,15,270,3,3,2585.0,15.2,503,0,5,403145,3393240,506,0,10,-105.67
1810901,403455.0,3393220.0,15,270,3,3,2585.0,15.2,503,0,5,403215,3393290,508,0,7,-95.0
1810901,403455.0,3393220.0,15,270,3,3,2585.0,15.2,503,0,5,403205,3393300,507,0,5,-95.67
1810901,403455.0,3393220.0,15,270,3,3,2585.0,15.2,503,0,5,403175,3393250,507,0,5,-88.0
1810901,403455.0,3393220.0,15,270,3,3,2585.0,15.2,503,0,5,403180,3393275,507,0,5,-89.75
1810901,403455.0,3393220.0,15,270,3,3,2585.0,15.2,503,0,5,403160,3393255,507,0,10,-108.5
1810901,403455.0,3393220.0,15,270,3,3,2585.0,15.2,503,0,5,403360,3393455,506,33,13,-95.67
1810901,403455.0,3393220.0,15,270,3,3,2585.0,15.2,503,0,5,403255,3393330,507,0,6,-104.43
1810901,403455.0,3393220.0,15,270,3,3,2585.0,15.2,503,0,5,403235,3393310,507,0,7,-96.33
1810901,403455.0,3393220.0,15,270,3,3,2585.0,15.2,503,0,5,403295,3392860,506,0,6,-107.5
1810901,403455.0,3393220.0,15,270,3,3,2585.0,15.2,503,0,5,403525,3393250,503,0,5,-91.0
1810901,403455.0,3393220.0,15,270,3,3,2585.0,15.2,503,0,5,403520,3393245,503,0,5,-87.14
1810901,403455.0,3393220.0,15,270,3,3,2585.0,15.2,503,0,5,403585,3393230,504,0,5,-104.0
1810901,403455.0,3393220.0,15,270,3,3,2585.0,15.2,503,0,5,403545,3393270,504,0,16,-89.2
1810901,403455.0,3393220.0,15,270,3,3,2585.0,15.2,503,0,5,403540,3393265,503,0,16,-92.83
1810901,403455.0,3393220.0,15,270,3,3,2585.0,15.2,503,0,5,403535,3393260,503,0,5,-93.13
1810901,403455.0,3393220.0,15,270,3,3,2585.0,15.2,503,0,5,403550,3393275,504,0,5,-86.5
1810901,403455.0,3393220.0,15,270,3,3,2585.0,15.2,503,0,5,403530,3393255,503,0,5,-92.0
1810901,403455.0,3393220.0,15,270,3,3,2585.0,15.2,503,0,5,403535,3393330,505,0,6,-91.25
1810901,403455.0,3393220.0,15,270,3,3,2585.0,15.2,503,0,5,403540,3393355,505,0,7,-99.5
1810901,403455.0,3393220.0,15,270,3,3,2585.0,15.2,503,0,5,403520,3393335,505,0,6,-94.33
1810901,403455.0,3393220.0,15,270,3,3,2585.0,15.2,503,0,5,403525,3393340,505,0,7,-96.92
1810901,403455.0,3393220.0,15,270,3,3,2585.0,15.2,503,0,5,403850,3393155,508,0,7,-102.5
1810901,403455.0,3393220.0,15,270,3,3,2585.0,15.2,503,0,5,403255,3393340,507,0,6,-91.0
1810901,403455.0,3393220.0,15,270,3,3,2585.0,15.2,503,0,5,403145,3393230,507,0,6,-101.0
1810901,403455.0,3393220.0,15,270,3,3,2585.0,15.2,503,0,5,403220,3393305,507,0,7,-86.5
1810901,403455.0,3393220.0,15,270,3,3,2585.0,15.2,503,0,5,403205,3393290,507,0,5,-94.25
1810901,403455.0,3393220.0,15,270,3,3,2585.0,15.2,503,0,5,403190,3393275,507,0,6,-96.67
1810901,403455.0,3393220.0,15,270,3,3,2585.0,15.2,503,0,5,403240,3393325,507,0,7,-99.6
1810901,403455.0,3393220.0,15,270,3,3,2585.0,15.2,503,0,5,403210,3393295,507,0,7,-94.25
1810901,403455.0,3393220.0,15,270,3,3,2585.0,15.2,503,0,5,403160,3393245,507,0,10,-91.5
1810901,403455.0,3393220.0,15,270,3,3,2585.0,15.2,503,0,5,403265,3393350,507,0,6,-95.2
1810901,403455.0,3393220.0,15,270,3,3,2585.0,15.2,503,0,5,403200,3393285,507,0,6,-96.0
1810901,403455.0,3393220.0,15,270,3,3,2585.0,15.2,503,0,5,403175,3393260,507,0,5,-89.5
1810901,403455.0,3393220.0,15,270,3,3,2585.0,15.2,503,0,5,403245,3393330,507,0,6,-113.67
1810901,403455.0,3393220.0,15,270,3,3,2585.0,15.2,503,0,5,403155,3393240,507,0,10,-106.67
1810901,403455.0,3393220.0,15,270,3,3,2585.0,15.2,503,0,5,403250,3393335,507,0,6,-97.0
1810901,403455.0,3393220.0,15,270,3,3,2585.0,15.2,503,0,5,403165,3393250,507,0,5,-98.75
1810901,403455.0,3393220.0,15,270,3,3,2585.0,15.2,503,0,5,403360,3393310,506,0,5,-90.56
1810901,403455.0,3393220.0,15,270,3,3,2585.0,15.2,503,0,5,403365,3393305,505,0,5,-91.0
1810901,403455.0,3393220.0,15,270,3,3,2585.0,15.2,503,0,5,403380,3393290,505,0,11,-80.81
1810901,403455.0,3393220.0,15,270,3,3,2585.0,15.2,503,0,5,403385,3393285,505,0,11,-78.81
1810901,403455.0,3393220.0,15,270,3,3,2585.0,15.2,503,0,5,403390,3393300,505,0,5,-87.71
1810901,403455.0,3393220.0,15,270,3,3,2585.0,15.2,503,0,5,403370,3393320,505,0,6,-91.19
1810901,403455.0,3393220.0,15,270,3,3,2585.0,15.2,503,0,5,403465,3393365,506,0,7,-96.0
1810901,403455.0,3393220.0,15,270,3,3,2585.0,15.2,503,0,5,403375,3393315,505,0,5,-91.1
1810901,403455.0,3393220.0,15,270,3,3,2585.0,15.2,503,0,5,403425,3393325,505,0,6,-86.0
1810901,403455.0,3393220.0,15,270,3,3,2585.0,15.2,503,0,5,403395,3393295,505,0,5,-97.0
1810901,403455.0,3393220.0,15,270,3,3,2585.0,15.2,503,0,5,403220,3393325,507,0,7,-108.5
1810901,403455.0,3393220.0,15,270,3,3,2585.0,15.2,503,0,5,403230,3393335,507,0,6,-101.0
1810901,403455.0,3393220.0,15,270,3,3,2585.0,15.2,503,0,5,403255,3393320,507,0,7,-94.0
1810901,403455.0,3393220.0,15,270,3,3,2585.0,15.2,503,0,5,403270,3393295,507,0,11,-84.88
1810901,403455.0,3393220.0,15,270,3,3,2585.0,15.2,503,0,5,403190,3393215,508,0,6,-105.4
1810901,403455.0,3393220.0,15,270,3,3,2585.0,15.2,503,0,5,403260,3393285,508,0,5,-82.33
1810901,403455.0,3393220.0,15,270,3,3,2585.0,15.2,503,0,5,403195,3393220,508,0,6,-96.0
1810901,403455.0,3393220.0,15,270,3,3,2585.0,15.2,503,0,5,403185,3393210,508,0,5,-105.0
1810901,403455.0,3393220.0,15,270,3,3,2585.0,15.2,503,0,5,403350,3393375,506,0,5,-84.0
1810901,403455.0,3393220.0,15,270,3,3,2585.0,15.2,503,0,5,403250,3393315,507,0,7,-101.0
1810901,403455.0,3393220.0,15,270,3,3,2585.0,15.2,503,0,5,403205,3393350,506,0,6,-104.0
1810901,403455.0,3393220.0,15,270,3,3,2585.0,15.2,503,0,5,403210,3393355,506,0,6,-103.83
1810901,403455.0,3393220.0,15,270,3,3,2585.0,15.2,503,0,5,403240,3393305,507,0,5,-99.5
1810901,403455.0,3393220.0,15,270,3,3,2585.0,15.2,503,0,5,403135,3393280,505,0,5,-103.5
1810901,403455.0,3393220.0,15,270,3,3,2585.0,15.2,503,0,5,403265,3393290,508,0,11,-82.0
1810901,403455.0,3393220.0,15,270,3,3,2585.0,15.2,503,0,5,403140,3393245,506,0,10,-98.0
1810901,403455.0,3393220.0,15,270,3,3,2585.0,15.2,503,0,5,403165,3393230,507,0,6,-99.0
1810901,403455.0,3393220.0,15,270,3,3,2585.0,15.2,503,0,5,403275,3393300,507,0,11,-97.71
1810901,403455.0,3393220.0,15,270,3,3,2585.0,15.2,503,0,5,403150,3393255,506,0,10,-105.5
1810901,403455.0,3393220.0,15,270,3,3,2585.0,15.2,503,0,5,403375,3392955,506,0,7,-96.0
1810901,403455.0,3393220.0,15,270,3,3,2585.0,15.2,503,0,5,403430,3392900,505,0,5,-110.0
1810901,403455.0,3393220.0,15,270,3,3,2585.0,15.2,503,0,5,403365,3392945,506,0,7,-103.2
1810901,403455.0,3393220.0,15,270,3,3,2585.0,15.2,503,0,5,403390,3392940,506,0,5,-115.0
1810901,403455.0,3393220.0,15,270,3,3,2585.0,15.2,503,0,5,403410,3392920,506,102,10,-107.0
1810901,403455.0,3393220.0,15,270,3,3,2585.0,15.2,503,0,5,403530,3393120,504,0,5,-113.0
1810901,403455.0,3393220.0,15,270,3,3,2585.0,15.2,503,0,5,403405,3392905,506,102,5,-107.0
1810901,403455.0,3393220.0,15,270,3,3,2585.0,15.2,503,0,5,403370,3392960,506,0,7,-97.5
1810901,403455.0,3393220.0,15,270,3,3,2585.0,15.2,503,0,5,403360,3392950,506,0,7,-97.67
1810901,403455.0,3393220.0,15,270,3,3,2585.0,15.2,503,0,5,403520,3393285,504,0,5,-89.0
1810901,403455.0,3393220.0,15,270,3,3,2585.0,15.2,503,0,5,403440,3392945,506,102,5,-106.0
1810901,403455.0,3393220.0,15,270,3,3,2585.0,15.2,503,0,5,403520,3393025,505,0,5,-97.0
1810901,403455.0,3393220.0,15,270,3,3,2585.0,15.2,503,0,5,403450,3392955,506,0,7,-107.63
1810901,403455.0,3393220.0,15,270,3,3,2585.0,15.2,503,0,5,403475,3392940,506,0,5,-112.33
1810901,403455.0,3393220.0,15,270,3,3,2585.0,15.2,503,0,5,403360,3392865,505,0,6,-105.0
1810901,403455.0,3393220.0,15,270,3,3,2585.0,15.2,503,0,5,403465,3392930,506,0,5,-108.0
1810901,403455.0,3393220.0,15,270,3,3,2585.0,15.2,503,0,5,403495,3392920,506,0,10,-109.0
1810901,403455.0,3393220.0,15,270,3,3,2585.0,15.2,503,0,5,403480,3392905,505,0,5,-109.25
1810901,403455.0,3393220.0,15,270,3,3,2585.0,15.2,503,0,5,403525,3393350,505,0,7,-91.33
1810901,403455.0,3393220.0,15,270,3,3,2585.0,15.2,503,0,5,403530,3393355,505,0,7,-99.0
1810901,403455.0,3393220.0,15,270,3,3,2585.0,15.2,503,0,5,403520,3393345,505,0,7,-93.75
1810901,403455.0,3393220.0,15,270,3,3,2585.0,15.2,503,0,5,403535,3393360,505,0,7,-95.63
1810901,403455.0,3393220.0,15,270,3,3,2585.0,15.2,503,0,5,403075,3393410,507,0,5,-95.0
1810901,403455.0,3393220.0,15,270,3,3,2585.0,15.2,503,0,5,403240,3393235,508,6,5,-81.0
1810901,403455.0,3393220.0,15,270,3,3,2585.0,15.2,503,0,5,403295,3393190,508,0,5,-99.5
1810901,403455.0,3393220.0,15,270,3,3,2585.0,15.2,503,0,5,403230,3393245,508,0,12,-87.0
1810901,403455.0,3393220.0,15,270,3,3,2585.0,15.2,503,0,5,403425,3393060,506,0,5,-95.8
1810901,403455.0,3393220.0,15,270,3,3,2585.0,15.2,503,0,5,403420,3393055,506,0,7,-97.8
1810901,403455.0,3393220.0,15,270,3,3,2585.0,15.2,503,0,5,403250,3393225,508,0,5,-105.0
1810901,403455.0,3393220.0,15,270,3,3,2585.0,15.2,503,0,5,403280,3393195,508,0,5,-105.0
1810901,403455.0,3393220.0,15,270,3,3,2585.0,15.2,503,0,5,403475,3393010,506,0,7,-97.33
1810901,403455.0,3393220.0,15,270,3,3,2585.0,15.2,503,0,5,403235,3393250,508,0,12,-83.29
1810901,403455.0,3393220.0,15,270,3,3,2585.0,15.2,503,0,5,403080,3393395,507,0,5,-104.5
1810901,403455.0,3393220.0,15,270,3,3,2585.0,15.2,503,0,5,403470,3393005,506,0,7,-103.33
1810901,403455.0,3393220.0,15,270,3,3,2585.0,15.2,503,0,5,403525,3392960,506,0,7,-110.5
1810901,403455.0,3393220.0,15,270,3,3,2585.0,15.2,503,0,5,403300,3393175,508,0,12,-110.91
1810901,403455.0,3393220.0,15,270,3,3,2585.0,15.2,503,0,5,403185,3393300,507,0,5,-96.25
1810901,403455.0,3393220.0,15,270,3,3,2585.0,15.2,503,0,5,403465,3393020,506,0,7,-101.63
1810901,403455.0,3393220.0,15,270,3,3,2585.0,15.2,503,0,5,403125,3393360,505,0,5,-101.0
1810901,403455.0,3393220.0,15,270,3,3,2585.0,15.2,503,0,5,403430,3393045,506,0,5,-99.0
1810901,403455.0,3393220.0,15,270,3,3,2585.0,15.2,503,0,5,403170,3393305,506,0,5,-95.5
1810901,403455.0,3393220.0,15,270,3,3,2585.0,15.2,503,0,5,403460,3393015,506,0,7,-91.0
1810901,403455.0,3393220.0,15,270,3,3,2585.0,15.2,503,0,5,403455,3393030,506,0,5,-93.62
1810901,403455.0,3393220.0,15,270,3,3,2585.0,15.2,503,0,5,403315,3393170,508,42,12,-85.0
1810901,403455.0,3393220.0,15,270,3,3,2585.0,15.2,503,0,5,403180,3393295,506,0,5,-97.6
1810901,403455.0,3393220.0,15,270,3,3,2585.0,15.2,503,0,5,403095,3393390,506,0,5,-91.5
1810901,403455.0,3393220.0,15,270,3,3,2585.0,15.2,503,0,5,403410,3393065,506,0,7,-86.25
1810901,403455.0,3393220.0,15,270,3,3,2585.0,15.2,503,0,5,403400,3393075,507,0,5,-94.49
1810901,403455.0,3393220.0,15,270,3,3,2585.0,15.2,503,0,5,403210,3393265,508,0,7,-96.0
1810901,403455.0,3393220.0,15,270,3,3,2585.0,15.2,503,0,5,403405,3393080,506,0,5,-94.88
1810901,403455.0,3393220.0,15,270,3,3,2585.0,15.2,503,0,5,403200,3393275,507,0,6,-89.0
1810901,403455.0,3393220.0,15,270,3,3,2585.0,15.2,503,0,5,403535,3392950,506,0,10,-106.2
1810901,403455.0,3393220.0,15,270,3,3,2585.0,15.2,503,0,5,403415,3393070,506,0,7,-88.36
1810901,403455.0,3393220.0,15,270,3,3,2585.0,15.2,503,0,5,403365,3393120,507,24,5,-111.4
1810901,403455.0,3393220.0,15,270,3,3,2585.0,15.2,503,0,5,403135,3393350,505,0,6,-104.0
1810901,403455.0,3393220.0,15,270,3,3,2585.0,15.2,503,0,5,403275,3393210,508,42,5,-97.38
1810901,403455.0,3393220.0,15,270,3,3,2585.0,15.2,503,0,5,403305,3393180,508,0,12,-108.67
1810901,403455.0,3393220.0,15,270,3,3,2585.0,15.2,503,0,5,403450,3393025,506,0,7,-92.57
1810901,403455.0,3393220.0,15,270,3,3,2585.0,15.2,503,0,5,403445,3393040,506,0,10,-97.0
1810901,403455.0,3393220.0,15,270,3,3,2585.0,15.2,503,0,5,403140,3393335,504,33,6,-103.5
1810901,403455.0,3393220.0,15,270,3,3,2585.0,15.2,503,0,5,403270,3393205,508,42,5,-93.5
1810901,403455.0,3393220.0,15,270,3,3,2585.0,15.2,503,0,5,403440,3393035,506,0,10,-93.67
1810901,403455.0,3393220.0,15,270,3,3,2585.0,15.2,503,0,5,403245,3393240,508,0,5,-84.9
1810901,403455.0,3393220.0,15,270,3,3,2585.0,15.2,503,0,5,403395,3393090,507,0,6,-95.29
1810901,403455.0,3393220.0,15,270,3,3,2585.0,15.2,503,0,5,403055,3393430,508,87,10,-100.5
1810901,403455.0,3393220.0,15,270,3,3,2585.0,15.2,503,0,5,403385,3393100,507,0,6,-101.25
1810901,403455.0,3393220.0,15,270,3,3,2585.0,15.2,503,0,5,403515,3392970,506,0,7,-104.67
1810901,403455.0,3393220.0,15,270,3,3,2585.0,15.2,503,0,5,403390,3393085,507,24,6,-91.86
1810901,403455.0,3393220.0,15,270,3,3,2585.0,15.2,503,0,5,403530,3392945,506,0,5,-103.0
1810901,403455.0,3393220.0,15,270,3,3,2585.0,15.2,503,0,5,403145,3393340,505,0,6,-104.25
1810901,403455.0,3393220.0,15,270,3,3,2585.0,15.2,503,0,5,403485,3393000,506,102,7,-101.5
1810901,403455.0,3393220.0,15,270,3,3,2585.0,15.2,503,0,5,403480,3392995,507,102,7,-102.0
1810901,403455.0,3393220.0,15,270,3,3,2585.0,15.2,503,0,5,403510,3392965,506,0,7,-105.0
1810901,403455.0,3393220.0,15,270,3,3,2585.0,15.2,503,0,5,403215,3393270,508,0,7,-82.0
1810901,403455.0,3393220.0,15,270,3,3,2585.0,15.2,503,0,5,403225,3393260,508,0,7,-101.5
1810901,403455.0,3393220.0,15,270,3,3,2585.0,15.2,503,0,5,403285,3393200,508,0,5,-100.0
1810901,403455.0,3393220.0,15,270,3,3,2585.0,15.2,503,0,5,403330,3393145,507,0,12,-95.0
1810901,403455.0,3393220.0,15,270,3,3,2585.0,15.2,503,0,5,403370,3393105,507,0,5,-108.75
1810901,403455.0,3393220.0,15,270,3,3,2585.0,15.2,503,0,5,403065,3393420,507,0,5,-104.0
1810901,403455.0,3393220.0,15,270,3,3,2585.0,15.2,503,0,5,403360,3393115,507,24,12,-101.67
1810901,403455.0,3393220.0,15,270,3,3,2585.0,15.2,503,0,5,403390,3393115,506,0,6,-96.5
1810901,403455.0,3393220.0,15,270,3,3,2585.0,15.2,503,0,5,403350,3393155,507,0,5,-96.0
1810901,403455.0,3393220.0,15,270,3,3,2585.0,15.2,503,0,5,403070,3393435,507,0,5,-102.86
1810901,403455.0,3393220.0,15,270,3,3,2585.0,15.2,503,0,5,403385,3393110,507,0,6,-98.83
1810901,403455.0,3393220.0,15,270,3,3,2585.0,15.2,503,0,5,403380,3393105,507,0,6,-101.0
1810901,403455.0,3393220.0,15,270,3,3,2585.0,15.2,503,0,5,403505,3392990,506,102,7,-99.5
1810901,403455.0,3393220.0,15,270,3,3,2585.0,15.2,503,0,5,403310,3393195,508,0,5,-100.0
1810901,403455.0,3393220.0,15,270,3,3,2585.0,15.2,503,0,5,403355,3393160,507,0,5,-95.0
1810901,403455.0,3393220.0,15,270,3,3,2585.0,15.2,503,0,5,403065,3393430,508,0,5,-104.33
1810901,403455.0,3393220.0,15,270,3,3,2585.0,15.2,503,0,5,403395,3393120,506,24,6,-98.38
1810901,403455.0,3393220.0,15,270,3,3,2585.0,15.2,503,0,5,403445,3393010,506,102,5,-96.0
1810901,403455.0,3393220.0,15,270,3,3,2585.0,15.2,503,0,5,403210,3393255,508,0,7,-91.0
1810901,403455.0,3393220.0,15,270,3,3,2585.0,15.2,503,0,5,403370,3393095,507,0,6,-99.5
1810901,403455.0,3393220.0,15,270,3,3,2585.0,15.2,503,0,5,403245,3393210,508,0,5,-85.25
1810901,403455.0,3393220.0,15,270,3,3,2585.0,15.2,503,0,5,403140,3393345,505,0,6,-101.57
1810901,403455.0,3393220.0,15,270,3,3,2585.0,15.2,503,0,5,403200,3393245,508,0,6,-89.5
1810901,403455.0,3393220.0,15,270,3,3,2585.0,15.2,503,0,5,403410,3393055,506,0,7,-92.25
1810901,403455.0,3393220.0,15,270,3,3,2585.0,15.2,503,0,5,403450,3393015,506,0,7,-94.33
1810901,403455.0,3393220.0,15,270,3,3,2585.0,15.2,503,0,5,403455,3393020,506,0,7,-95.14
1810901,403455.0,3393220.0,15,270,3,3,2585.0,15.2,503,0,5,403275,3393240,508,42,11,-87.08
1810901,403455.0,3393220.0,15,270,3,3,2585.0,15.2,503,0,5,403315,3393200,508,0,6,-100.7
1810901,403455.0,3393220.0,15,270,3,3,2585.0,15.2,503,0,5,403260,3393225,508,0,5,-74.6
1810901,403455.0,3393220.0,15,270,3,3,2585.0,15.2,503,0,5,403180,3393305,506,0,5,-95.67
1810901,403455.0,3393220.0,15,270,3,3,2585.0,15.2,503,0,5,403220,3393265,508,0,7,-85.0
1810901,403455.0,3393220.0,15,270,3,3,2585.0,15.2,503,0,5,403195,3393320,507,0,6,-108.5
1810901,403455.0,3393220.0,15,270,3,3,2585.0,15.2,503,0,5,403185,3393310,506,0,5,-98.5
1810901,403455.0,3393220.0,15,270,3,3,2585.0,15.2,503,0,5,403230,3393275,508,0,5,-87.25
1810901,403455.0,3393220.0,15,270,3,3,2585.0,15.2,503,0,5,403225,3393270,508,0,7,-86.57
1810901,403455.0,3393220.0,15,270,3,3,2585.0,15.2,503,0,5,403460,3393025,506,0,7,-96.14
1810901,403455.0,3393220.0,15,270,3,3,2585.0,15.2,503,0,5,403365,3393090,507,24,6,-100.5
1810901,403455.0,3393220.0,15,270,3,3,2585.0,15.2,503,0,5,403270,3393235,508,42,11,-80.7
1810901,403455.0,3393220.0,15,270,3,3,2585.0,15.2,503,0,5,403205,3393250,508,0,5,-99.67
1810901,403455.0,3393220.0,15,270,3,3,2585.0,15.2,503,0,5,403405,3393050,506,0,7,-89.54
1810901,403455.0,3393220.0,15,270,3,3,2585.0,15.2,503,0,5,403415,3393060,506,0,7,-89.7
1810901,403455.0,3393220.0,15,270,3,3,2585.0,15.2,503,0,5,403525,3392930,506,0,5,-111.33
1810901,403455.0,3393220.0,15,270,3,3,2585.0,15.2,503,0,5,403400,3393045,506,0,7,-88.67
1810901,403455.0,3393220.0,15,270,3,3,2585.0,15.2,503,0,5,403085,3393370,507,0,5,-95.5
1810901,403455.0,3393220.0,15,270,3,3,2585.0,15.2,503,0,5,403175,3393300,506,0,5,-90.0
1810901,403455.0,3393220.0,15,270,3,3,2585.0,15.2,503,0,5,403165,3393290,506,0,5,-98.11
1810901,403455.0,3393220.0,15,270,3,3,2585.0,15.2,503,0,5,403235,3393280,508,0,5,-89.67
1810901,403455.0,3393220.0,15,270,3,3,2585.0,15.2,503,0,5,403425,3393070,506,0,5,-88.8
1810901,403455.0,3393220.0,15,270,3,3,2585.0,15.2,503,0,5,403120,3393325,505,33,5,-99.0
1810901,403455.0,3393220.0,15,270,3,3,2585.0,15.2,503,0,5,403250,3393215,508,0,5,-104.0
1810901,403455.0,3393220.0,15,270,3,3,2585.0,15.2,503,0,5,403150,3393355,505,6,6,-103.67
1810901,403455.0,3393220.0,15,270,3,3,2585.0,15.2,503,0,5,403480,3392965,506,0,7,-111.73
1810901,403455.0,3393220.0,15,270,3,3,2585.0,15.2,503,0,5,403155,3393360,505,6,5,-101.17
1810901,403455.0,3393220.0,15,270,3,3,2585.0,15.2,503,0,5,403485,3392970,506,0,7,-105.33
1810901,403455.0,3393220.0,15,270,3,3,2585.0,15.2,503,0,5,403435,3393080,505,0,6,-88.75
1810901,403455.0,3393220.0,15,270,3,3,2585.0,15.2,503,0,5,403420,3393065,506,0,7,-88.5
1810901,403455.0,3393220.0,15,270,3,3,2585.0,15.2,503,0,5,403440,3393005,506,102,10,-100.17
1810901,403455.0,3393220.0,15,270,3,3,2585.0,15.2,503,0,5,403305,3393190,508,0,5,-102.0
1810901,403455.0,3393220.0,15,270,3,3,2585.0,15.2,503,0,5,403190,3393315,506,0,6,-97.67
1810901,403455.0,3393220.0,15,270,3,3,2585.0,15.2,503,0,5,403545,3392950,506,0,10,-104.75
1810901,403455.0,3393220.0,15,270,3,3,2585.0,15.2,503,0,5,403075,3393440,507,0,5,-111.5
1810901,403455.0,3393220.0,15,270,3,3,2585.0,15.2,503,0,5,403530,3392935,506,0,5,-112.4
1810901,403455.0,3393220.0,15,270,3,3,2585.0,15.2,503,0,5,403300,3393185,508,0,5,-102.67
1810901,403455.0,3393220.0,15,270,3,3,2585.0,15.2,503,0,5,403375,3393100,507,0,6,-101.67
1810901,403455.0,3393220.0,15,270,3,3,2585.0,15.2,503,0,5,403285,3393170,508,42,5,-109.0
1810901,403455.0,3393220.0,15,270,3,3,2585.0,15.2,503,0,5,403160,3393285,506,0,5,-95.0
1810901,403455.0,3393220.0,15,270,3,3,2585.0,15.2,503,0,5,403145,3393350,505,0,6,-102.43
1810901,403455.0,3393220.0,15,270,3,3,2585.0,15.2,503,0,5,403475,3393040,505,0,5,-100.75
1810901,403455.0,3393220.0,15,270,3,3,2585.0,15.2,503,0,5,403265,3393230,508,0,5,-81.0
1810901,403455.0,3393220.0,15,270,3,3,2585.0,15.2,503,0,5,403295,3393180,508,0,12,-113.67
1810901,403455.0,3393220.0,15,270,3,3,2585.0,15.2,503,0,5,403520,3392925,506,0,5,-110.5
1810901,403455.0,3393220.0,15,270,3,3,2585.0,15.2,503,0,5,403475,3392915,505,0,5,-106.0
1810901,403455.0,3393220.0,15,270,3,3,2585.0,15.2,503,0,5,403460,3392910,505,0,10,-120.67
1810901,403455.0,3393220.0,15,270,3,3,2585.0,15.2,503,0,5,403505,3392945,506,0,5,-109.25
1810901,403455.0,3393220.0,15,270,3,3,2585.0,15.2,503,0,5,403420,3392870,505,102,6,-104.5
1810901,403455.0,3393220.0,15,270,3,3,2585.0,15.2,503,0,5,403500,3392950,506,0,7,-108.0
1810901,403455.0,3393220.0,15,270,3,3,2585.0,15.2,503,0,5,403525,3392965,506,0,7,-107.5
1810901,403455.0,3393220.0,15,270,3,3,2585.0,15.2,503,0,5,403465,3392905,505,0,10,-109.25
1810901,403455.0,3393220.0,15,270,3,3,2585.0,15.2,503,0,5,403480,3392930,506,0,5,-107.5
1810901,403455.0,3393220.0,15,270,3,3,2585.0,15.2,503,0,5,403455,3392895,505,0,7,-110.33
1810901,403455.0,3393220.0,15,270,3,3,2585.0,15.2,503,0,5,403495,3392935,506,0,5,-107.2
1810901,403455.0,3393220.0,15,270,3,3,2585.0,15.2,503,0,5,403435,3392875,505,102,5,-111.5
1810901,403455.0,3393220.0,15,270,3,3,2585.0,15.2,503,0,5,403470,3392920,505,0,10,-93.0
1810901,403455.0,3393220.0,15,270,3,3,2585.0,15.2,503,0,5,403490,3392940,506,0,5,-108.0
1810901,403455.0,3393220.0,15,270,3,3,2585.0,15.2,503,0,5,403450,3392900,505,0,5,-111.0
1810901,403455.0,3393220.0,15,270,3,3,2585.0,15.2,503,0,5,403525,3392990,506,0,7,-112.5
1810901,403455.0,3393220.0,15,270,3,3,2585.0,15.2,503,0,5,403410,3392875,505,102,5,-105.0
1810901,403455.0,3393220.0,15,270,3,3,2585.0,15.2,503,0,5,403540,3392965,506,0,10,-102.5
1810901,403455.0,3393220.0,15,270,3,3,2585.0,15.2,503,0,5,403445,3392910,505,0,5,-114.0
1810901,403455.0,3393220.0,15,270,3,3,2585.0,15.2,503,0,5,403490,3392955,506,0,7,-118.5
1810901,403455.0,3393220.0,15,270,3,3,2585.0,15.2,503,0,5,403505,3392930,506,0,5,-106.0
1810901,403455.0,3393220.0,15,270,3,3,2585.0,15.2,503,0,5,403510,3392935,506,0,5,-112.4
1810901,403455.0,3393220.0,15,270,3,3,2585.0,15.2,503,0,5,403440,3392905,505,0,5,-111.33
1810901,403455.0,3393220.0,15,270,3,3,2585.0,15.2,503,0,5,403530,3392995,506,0,5,-113.0
1810901,403455.0,3393220.0,15,270,3,3,2585.0,15.2,503,0,5,403465,3392890,505,0,7,-110.0
1810901,403455.0,3393220.0,15,270,3,3,2585.0,15.2,503,0,5,403480,3392945,506,0,5,-108.67
1810901,403455.0,3393220.0,15,270,3,3,2585.0,15.2,503,0,5,403450,3392915,505,0,5,-110.5
1810901,403455.0,3393220.0,15,270,3,3,2585.0,15.2,503,0,5,403520,3392985,506,0,7,-113.0
1810901,403455.0,3393220.0,15,270,3,3,2585.0,15.2,503,0,5,403520,3393305,504,0,5,-91.33
1810901,403455.0,3393220.0,15,270,3,3,2585.0,15.2,503,0,5,403530,3393315,505,0,6,-95.5
1810901,403455.0,3393220.0,15,270,3,3,2585.0,15.2,503,0,5,403395,3393300,505,0,5,-90.5
1810901,403455.0,3393220.0,15,270,3,3,2585.0,15.2,503,0,5,403390,3393295,505,0,5,-77.5
1810901,403455.0,3393220.0,15,270,3,3,2585.0,15.2,503,0,5,403400,3393345,505,54,7,-85.5
1810901,403455.0,3393220.0,15,270,3,3,2585.0,15.2,503,0,5,403380,3393285,505,0,11,-79.43
1810901,403455.0,3393220.0,15,270,3,3,2585.0,15.2,503,0,5,403375,3393320,505,0,6,-92.73
1810901,403455.0,3393220.0,15,270,3,3,2585.0,15.2,503,0,5,403360,3393305,506,0,5,-91.54
1810901,403455.0,3393220.0,15,270,3,3,2585.0,15.2,503,0,5,403365,3393310,505,0,5,-91.62
1810901,403455.0,3393220.0,15,270,3,3,2585.0,15.2,503,0,5,403385,3393290,505,0,11,-85.0
1810901,403455.0,3393220.0,15,270,3,3,2585.0,15.2,503,0,5,403370,3393315,505,0,5,-92.19
1810901,403455.0,3393220.0,15,270,3,3,2585.0,15.2,503,0,5,403370,3393160,506,42,5,-78.0
1810901,403455.0,3393220.0,15,270,3,3,2585.0,15.2,503,0,5,403375,3393155,506,42,5,-97.0
1810901,403455.0,3393220.0,15,270,3,3,2585.0,15.2,503,0,5,403385,3393125,506,0,5,-108.17
1810901,403455.0,3393220.0,15,270,3,3,2585.0,15.2,503,0,5,403410,3393200,505,0,5,-88.38
1810901,403455.0,3393220.0,15,270,3,3,2585.0,15.2,503,0,5,403455,3393235,503,0,6,-85.0
1810901,403455.0,3393220.0,15,270,3,3,2585.0,15.2,503,0,5,403425,3393165,505,42,6,-91.11
1810901,403455.0,3393220.0,15,270,3,3,2585.0,15.2,503,0,5,403480,3393270,504,0,5,-80.75
1810901,403455.0,3393220.0,15,270,3,3,2585.0,15.2,503,0,5,403515,3393255,503,0,5,-88.38
1810901,403455.0,3393220.0,15,270,3,3,2585.0,15.2,503,0,5,403505,3393245,503,0,5,-86.25
1810901,403455.0,3393220.0,15,270,3,3,2585.0,15.2,503,0,5,403365,3393145,507,0,12,-102.75
1810901,403455.0,3393220.0,15,270,3,3,2585.0,15.2,503,0,5,403470,3393220,503,0,5,-80.83
1810901,403455.0,3393220.0,15,270,3,3,2585.0,15.2,503,0,5,403500,3393250,503,0,5,-90.06
1810901,403455.0,3393220.0,15,270,3,3,2585.0,15.2,503,0,5,403405,3393185,505,0,5,-84.8
1810901,403455.0,3393220.0,15,270,3,3,2585.0,15.2,503,0,5,403415,3393195,505,0,5,-96.62
1810901,403455.0,3393220.0,15,270,3,3,2585.0,15.2,503,0,5,403435,3393175,504,0,5,-92.17
1810901,403455.0,3393220.0,15,270,3,3,2585.0,15.2,503,0,5,403475,3393215,503,0,5,-82.44
1810901,403455.0,3393220.0,15,270,3,3,2585.0,15.2,503,0,5,403400,3393190,505,0,5,-87.08
1810901,403455.0,3393220.0,15,270,3,3,2585.0,15.2,503,0,5,403430,3393180,504,42,6,-97.55
1810901,403455.0,3393220.0,15,270,3,3,2585.0,15.2,503,0,5,403460,3393210,503,0,5,-82.5
1810901,403455.0,3393220.0,15,270,3,3,2585.0,15.2,503,0,5,403380,3393130,506,0,12,-110.3
1810901,403455.0,3393220.0,15,270,3,3,2585.0,15.2,503,0,5,403445,3393225,504,0,6,-85.0
1810901,403455.0,3393220.0,15,270,3,3,2585.0,15.2,503,0,5,403465,3393205,503,0,5,-85.1
1810901,403455.0,3393220.0,15,270,3,3,2585.0,15.2,503,0,5,403395,3393135,506,0,6,-100.12
1810901,403455.0,3393220.0,15,270,3,3,2585.0,15.2,503,0,5,403390,3393140,506,0,12,-98.86
1810901,403455.0,3393220.0,15,270,3,3,2585.0,15.2,503,0,5,403510,3393260,503,0,5,-89.0
1810901,403455.0,3393220.0,15,270,3,3,2585.0,15.2,503,0,5,403495,3393275,504,0,5,-83.9
1810901,403455.0,3393220.0,15,270,3,3,2585.0,15.2,503,0,5,403420,3393170,505,42,6,-102.96
1810901,403455.0,3393220.0,15,270,3,3,2585.0,15.2,503,0,5,403490,3393280,504,0,5,-88.5
1810901,403455.0,3393220.0,15,270,3,3,2585.0,15.2,503,0,5,403485,3393265,503,0,5,-83.89
1810901,403455.0,3393220.0,15,270,3,3,2585.0,15.2,503,0,5,403450,3393240,503,0,6,-71.14
1810901,403455.0,3393220.0,15,270,3,3,2585.0,15.2,503,0,5,403360,3393150,507,0,5,-97.38
1810901,403455.0,3393220.0,15,270,3,3,2585.0,15.2,503,0,5,403565,3393390,506,0,13,-101.67
1810901,403455.0,3393220.0,15,270,3,3,2585.0,15.2,503,0,5,402725,3393270,506,0,6,-98.0
1810901,403455.0,3393220.0,15,270,3,3,2585.0,15.2,503,0,5,403295,3393290,508,0,11,-89.44
1810901,403455.0,3393220.0,15,270,3,3,2585.0,15.2,503,0,5,403205,3393380,506,0,5,-104.5
1810901,403455.0,3393220.0,15,270,3,3,2585.0,15.2,503,0,5,403200,3393375,506,0,6,-108.71
1810901,403455.0,3393220.0,15,270,3,3,2585.0,15.2,503,0,5,403290,3393285,508,0,11,-82.58
1810901,403455.0,3393220.0,15,270,3,3,2585.0,15.2,503,0,5,403330,3393325,506,0,6,-96.67
1810901,403455.0,3393220.0,15,270,3,3,2585.0,15.2,503,0,5,403325,3393340,506,0,6,-95.33
1810901,403455.0,3393220.0,15,270,3,3,2585.0,15.2,503,0,5,403110,3393265,506,0,10,-110.67
1810901,403455.0,3393220.0,15,270,3,3,2585.0,15.2,503,0,5,403310,3393305,507,0,5,-95.17
1810901,403455.0,3393220.0,15,270,3,3,2585.0,15.2,503,0,5,403215,3393370,506,0,5,-108.0
1810901,403455.0,3393220.0,15,270,3,3,2585.0,15.2,503,0,5,403180,3393195,508,0,5,-96.67
1810901,403455.0,3393220.0,15,270,3,3,2585.0,15.2,503,0,5,403335,3393330,506,0,6,-100.55
1810901,403455.0,3393220.0,15,270,3,3,2585.0,15.2,503,0,5,403320,3393335,507,0,6,-97.04
1810901,403455.0,3393220.0,15,270,3,3,2585.0,15.2,503,0,5,403280,3393295,507,0,11,-91.57
1810901,403455.0,3393220.0,15,270,3,3,2585.0,15.2,503,0,5,403305,3393320,507,0,7,-94.33
1810901,403455.0,3393220.0,15,270,3,3,2585.0,15.2,503,0,5,403350,3393345,506,0,5,-95.0
1810901,403455.0,3393220.0,15,270,3,3,2585.0,15.2,503,0,5,403285,3393300,507,0,5,-86.25
1810901,403455.0,3393220.0,15,270,3,3,2585.0,15.2,503,0,5,403210,3393365,506,0,5,-106.33
1810901,403455.0,3393220.0,15,270,3,3,2585.0,15.2,503,0,5,403315,3393310,507,0,7,-94.69
1810901,403455.0,3393220.0,15,270,3,3,2585.0,15.2,503,0,5,403300,3393315,507,0,7,-96.0
1810901,403455.0,3393220.0,15,270,3,3,2585.0,15.2,503,0,5,403185,3393200,508,0,5,-95.0
1810901,403455.0,3393220.0,15,270,3,3,2585.0,15.2,503,0,5,403235,3393290,508,0,13,-88.6
1810901,403455.0,3393220.0,15,270,3,3,2585.0,15.2,503,0,5,403220,3393295,507,0,7,-88.2
1810901,403455.0,3393220.0,15,270,3,3,2585.0,15.2,503,0,5,403210,3393305,507,0,7,-101.0
1810901,403455.0,3393220.0,15,270,3,3,2585.0,15.2,503,0,5,403205,3393320,507,0,5,-94.5
1810901,403455.0,3393220.0,15,270,3,3,2585.0,15.2,503,0,5,403160,3393275,506,0,5,-101.25
1810901,403455.0,3393220.0,15,270,3,3,2585.0,15.2,503,0,5,403230,3393285,508,0,5,-95.25
1810901,403455.0,3393220.0,15,270,3,3,2585.0,15.2,503,0,5,403185,3393260,507,0,5,-86.0
1810901,403455.0,3393220.0,15,270,3,3,2585.0,15.2,503,0,5,403190,3393245,507,0,6,-89.11
1810901,403455.0,3393220.0,15,270,3,3,2585.0,15.2,503,0,5,403195,3393250,508,0,6,-90.73
1810901,403455.0,3393220.0,15,270,3,3,2585.0,15.2,503,0,5,403315,3393370,506,0,5,-92.0
1810901,403455.0,3393220.0,15,270,3,3,2585.0,15.2,503,0,5,403165,3393280,506,0,5,-88.0
1810901,403455.0,3393220.0,15,270,3,3,2585.0,15.2,503,0,5,403275,3393330,507,0,6,-99.0
1810901,403455.0,3393220.0,15,270,3,3,2585.0,15.2,503,0,5,403260,3393335,507,0,6,-104.33
1810901,403455.0,3393220.0,15,270,3,3,2585.0,15.2,503,0,5,403270,3393325,507,0,5,-98.25
1810901,403455.0,3393220.0,15,270,3,3,2585.0,15.2,503,0,5,403470,3392875,504,0,7,-108.0
1810901,403455.0,3393220.0,15,270,3,3,2585.0,15.2,503,0,5,403360,3392925,506,0,7,-97.5
1810901,403455.0,3393220.0,15,270,3,3,2585.0,15.2,503,0,5,403420,3392905,506,102,5,-106.0
1810901,403455.0,3393220.0,15,270,3,3,2585.0,15.2,503,0,5,403375,3392940,506,0,5,-96.25
1810901,403455.0,3393220.0,15,270,3,3,2585.0,15.2,503,0,5,403365,3392930,506,0,7,-104.5
1810901,403455.0,3393220.0,15,270,3,3,2585.0,15.2,503,0,5,403385,3392950,505,0,5,-104.0
1810901,403455.0,3393220.0,15,270,3,3,2585.0,15.2,503,0,5,403410,3392895,506,0,7,-103.0
1810901,403455.0,3393220.0,15,270,3,3,2585.0,15.2,503,0,5,403390,3392955,505,0,5,-104.33
1810901,403455.0,3393220.0,15,270,3,3,2585.0,15.2,503,0,5,403370,3392935,506,0,5,-100.5
1810901,403455.0,3393220.0,15,270,3,3,2585.0,15.2,503,0,5,403395,3392960,505,0,5,-107.0
1810901,403455.0,3393220.0,15,270,3,3,2585.0,15.2,503,0,5,403420,3393305,505,0,5,-79.0
1810901,403455.0,3393220.0,15,270,3,3,2585.0,15.2,503,0,5,403360,3393325,506,0,6,-96.0
1810901,403455.0,3393220.0,15,270,3,3,2585.0,15.2,503,0,5,403385,3393350,505,0,7,-99.78
1810901,403455.0,3393220.0,15,270,3,3,2585.0,15.2,503,0,5,403375,3393340,505,0,6,-96.93
1810901,403455.0,3393220.0,15,270,3,3,2585.0,15.2,503,0,5,403380,3393345,505,0,6,-94.86
1810901,403455.0,3393220.0,15,270,3,3,2585.0,15.2,503,0,5,403395,3393360,506,0,7,-104.0
1810901,403455.0,3393220.0,15,270,3,3,2585.0,15.2,503,0,5,403410,3393295,504,0,5,-79.14
1810901,403455.0,3393220.0,15,270,3,3,2585.0,15.2,503,0,5,403370,3393335,505,0,6,-99.43
1810901,403455.0,3393220.0,15,270,3,3,2585.0,15.2,503,0,5,403390,3393355,505,0,7,-95.67
1810901,403455.0,3393220.0,15,270,3,3,2585.0,15.2,503,0,5,403400,3393285,504,0,11,-76.0
1810901,403455.0,3393220.0,15,270,3,3,2585.0,15.2,503,0,5,403405,3393290,504,0,5,-79.33
1810901,403455.0,3393220.0,15,270,3,3,2585.0,15.2,503,0,5,403365,3393330,506,0,6,-96.0
1810901,403455.0,3393220.0,15,270,3,3,2585.0,15.2,503,0,5,403520,3393300,504,0,5,-92.25
1810901,403455.0,3393220.0,15,270,3,3,2585.0,15.2,503,0,5,403465,3392995,507,102,7,-106.0
1810901,403455.0,3393220.0,15,270,3,3,2585.0,15.2,503,0,5,403325,3393175,507,42,12,-97.5
1810901,403455.0,3393220.0,15,270,3,3,2585.0,15.2,503,0,5,403110,3393430,506,0,5,-107.5
1810901,403455.0,3393220.0,15,270,3,3,2585.0,15.2,503,0,5,402970,3393450,509,0,6,-104.5
1810901,403455.0,3393220.0,15,270,3,3,2585.0,15.2,503,0,5,403435,3393105,505,0,5,-85.17
1810901,403455.0,3393220.0,15,270,3,3,2585.0,15.2,503,0,5,403280,3393140,508,0,5,-113.0
1810901,403455.0,3393220.0,15,270,3,3,2585.0,15.2,503,0,5,403450,3392970,506,0,7,-113.0
1810901,403455.0,3393220.0,15,270,3,3,2585.0,15.2,503,0,5,403445,3392975,506,0,7,-106.25
1810901,403455.0,3393220.0,15,270,3,3,2585.0,15.2,503,0,5,403195,3393345,506,0,6,-102.14
1810901,403455.0,3393220.0,15,270,3,3,2585.0,15.2,503,0,5,403390,3393070,507,0,5,-95.44
1810901,403455.0,3393220.0,15,270,3,3,2585.0,15.2,503,0,5,402975,3393445,509,0,6,-101.0
1810901,403455.0,3393220.0,15,270,3,3,2585.0,15.2,503,0,5,403425,3393115,505,0,5,-85.75
1810901,403455.0,3393220.0,15,270,3,3,2585.0,15.2,503,0,5,403350,3393190,507,0,5,-99.79
1810901,403455.0,3393220.0,15,270,3,3,2585.0,15.2,503,0,5,403375,3393045,506,0,6,-92.0
1810901,403455.0,3393220.0,15,270,3,3,2585.0,15.2,503,0,5,403175,3393325,506,0,5,-101.0
1810901,403455.0,3393220.0,15,270,3,3,2585.0,15.2,503,0,5,403485,3393015,506,0,7,-108.33
1810901,403455.0,3393220.0,15,270,3,3,2585.0,15.2,503,0,5,403275,3393265,508,0,11,-87.27
1810901,403455.0,3393220.0,15,270,3,3,2585.0,15.2,503,0,5,403345,3393195,507,0,5,-99.77
1810901,403455.0,3393220.0,15,270,3,3,2585.0,15.2,503,0,5,403340,3393200,507,0,5,-97.67
1810901,403455.0,3393220.0,15,270,3,3,2585.0,15.2,503,0,5,403180,3393360,506,0,5,-100.75
1810901,403455.0,3393220.0,15,270,3,3,2585.0,15.2,503,0,5,403130,3393290,505,0,5,-96.0
1810901,403455.0,3393220.0,15,270,3,3,2585.0,15.2,503,0,5,403255,3393245,508,0,6,-83.64
1810901,403455.0,3393220.0,15,270,3,3,2585.0,15.2,503,0,5,403415,3393085,506,0,6,-89.91
1810901,403455.0,3393220.0,15,270,3,3,2585.0,15.2,503,0,5,403265,3393275,508,0,5,-85.77
1810901,403455.0,3393220.0,15,270,3,3,2585.0,15.2,503,0,5,403410,3393090,506,0,6,-90.95
1810901,403455.0,3393220.0,15,270,3,3,2585.0,15.2,503,0,5,403185,3393355,506,0,6,-102.38
1810901,403455.0,3393220.0,15,270,3,3,2585.0,15.2,503,0,5,403380,3393080,507,24,6,-101.0
1810901,403455.0,3393220.0,15,270,3,3,2585.0,15.2,503,0,5,403430,3393110,505,0,5,-85.9
1810901,403455.0,3393220.0,15,270,3,3,2585.0,15.2,503,0,5,403190,3393350,506,0,6,-100.1
1810901,403455.0,3393220.0,15,270,3,3,2585.0,15.2,503,0,5,403405,3393095,506,0,6,-88.24
1810901,403455.0,3393220.0,15,270,3,3,2585.0,15.2,503,0,5,403395,3393065,507,0,7,-97.0
1810901,403455.0,3393220.0,15,270,3,3,2585.0,15.2,503,0,5,403240,3393260,508,0,5,-84.62
1810901,403455.0,3393220.0,15,270,3,3,2585.0,15.2,503,0,5,403250,3393250,508,0,5,-83.62
1810901,403455.0,3393220.0,15,270,3,3,2585.0,15.2,503,0,5,403420,3393120,505,0,5,-85.14
1810901,403455.0,3393220.0,15,270,3,3,2585.0,15.2,503,0,5,403355,3393185,506,0,5,-96.47
1810901,403455.0,3393220.0,15,270,3,3,2585.0,15.2,503,0,5,403135,3393285,505,0,5,-93.67
1810901,403455.0,3393220.0,15,270,3,3,2585.0,15.2,503,0,5,403260,3393280,508,0,5,-90.0
1810901,403455.0,3393220.0,15,270,3,3,2585.0,15.2,503,0,5,403270,3393270,508,0,11,-87.14
1810901,403455.0,3393220.0,15,270,3,3,2585.0,15.2,503,0,5,403090,3393410,507,0,5,-98.83
1810901,403455.0,3393220.0,15,270,3,3,2585.0,15.2,503,0,5,403080,3393420,507,0,5,-102.56
1810901,403455.0,3393220.0,15,270,3,3,2585.0,15.2,503,0,5,403170,3393330,506,0,5,-105.5
1810901,403455.0,3393220.0,15,270,3,3,2585.0,15.2,503,0,5,403385,3393075,507,24,6,-95.2
1810901,403455.0,3393220.0,15,270,3,3,2585.0,15.2,503,0,5,403460,3393000,506,102,7,-100.75
1810901,403455.0,3393220.0,15,270,3,3,2585.0,15.2,503,0,5,403495,3393005,506,0,7,-104.0
1810901,403455.0,3393220.0,15,270,3,3,2585.0,15.2,503,0,5,403400,3393100,506,0,6,-89.91
1810901,403455.0,3393220.0,15,270,3,3,2585.0,15.2,503,0,5,403480,3393020,506,0,7,-103.43
1810901,403455.0,3393220.0,15,270,3,3,2585.0,15.2,503,0,5,403165,3393335,505,0,6,-102.0
1810901,403455.0,3393220.0,15,270,3,3,2585.0,15.2,503,0,5,403440,3392980,506,102,7,-100.5
1810901,403455.0,3393220.0,15,270,3,3,2585.0,15.2,503,0,5,403455,3392965,506,0,7,-104.0
1810901,403455.0,3393220.0,15,270,3,3,2585.0,15.2,503,0,5,403160,3393340,505,6,6,-101.4
1810901,403455.0,3393220.0,15,270,3,3,2585.0,15.2,503,0,5,403320,3393180,507,0,12,-97.75
1810901,403455.0,3393220.0,15,270,3,3,2585.0,15.2,503,0,5,403330,3393170,507,42,5,-97.0
1810901,403455.0,3393220.0,15,270,3,3,2585.0,15.2,503,0,5,403245,3393255,508,0,5,-80.5
1810901,403455.0,3393220.0,15,270,3,3,2585.0,15.2,503,0,5,403085,3393415,507,0,5,-107.75
1810901,403455.0,3393220.0,15,270,3,3,2585.0,15.2,503,0,5,403295,3393345,507,0,6,-97.5
1810901,403455.0,3393220.0,15,270,3,3,2585.0,15.2,503,0,5,403340,3393300,506,0,5,-97.0
1810901,403455.0,3393220.0,15,270,3,3,2585.0,15.2,503,0,5,403325,3393315,507,0,7,-96.0
1810901,403455.0,3393220.0,15,270,3,3,2585.0,15.2,503,0,5,403345,3393295,506,0,5,-81.5
1810901,403455.0,3393220.0,15,270,3,3,2585.0,15.2,503,0,5,403320,3393320,507,0,7,-96.16
1810901,403455.0,3393220.0,15,270,3,3,2585.0,15.2,503,0,5,403355,3393285,506,0,11,-80.73
1810901,403455.0,3393220.0,15,270,3,3,2585.0,15.2,503,0,5,403305,3393335,507,0,6,-95.63
1810901,403455.0,3393220.0,15,270,3,3,2585.0,15.2,503,0,5,403335,3393305,506,0,5,-87.33
1810901,403455.0,3393220.0,15,270,3,3,2585.0,15.2,503,0,5,403330,3393310,506,0,7,-93.0
1810901,403455.0,3393220.0,15,270,3,3,2585.0,15.2,503,0,5,403315,3393325,507,0,6,-95.56
1810901,403455.0,3393220.0,15,270,3,3,2585.0,15.2,503,0,5,403310,3393330,507,0,6,-99.0
1810901,403455.0,3393220.0,15,270,3,3,2585.0,15.2,503,0,5,403350,3393290,506,0,11,-82.75
1810901,403455.0,3393220.0,15,270,3,3,2585.0,15.2,503,0,5,403285,3393355,507,0,5,-98.5
1810901,403455.0,3393220.0,15,270,3,3,2585.0,15.2,503,0,5,403360,3393345,506,33,6,-103.5
1810901,403455.0,3393220.0,15,270,3,3,2585.0,15.2,503,0,5,403410,3393315,505,0,5,-89.75
1810901,403455.0,3393220.0,15,270,3,3,2585.0,15.2,503,0,5,403420,3393285,504,0,5,-75.25
1810901,403455.0,3393220.0,15,270,3,3,2585.0,15.2,503,0,5,403390,3393335,505,0,6,-95.79
1810901,403455.0,3393220.0,15,270,3,3,2585.0,15.2,503,0,5,403365,3393350,506,0,6,-96.33
1810901,403455.0,3393220.0,15,270,3,3,2585.0,15.2,503,0,5,403375,3393360,506,0,6,-104.0
1810901,403455.0,3393220.0,15,270,3,3,2585.0,15.2,503,0,5,403385,3393330,505,0,6,-92.75
1810901,403455.0,3393220.0,15,270,3,3,2585.0,15.2,503,0,5,403380,3393325,505,0,6,-93.94
1810901,403455.0,3393220.0,15,270,3,3,2585.0,15.2,503,0,5,403395,3393340,505,54,6,-103.0
1810901,403455.0,3393220.0,15,270,3,3,2585.0,15.2,503,0,5,403370,3393355,506,0,6,-98.0
1810901,403455.0,3393220.0,15,270,3,3,2585.0,15.2,503,0,5,403445,3393355,505,0,7,-99.25
1810901,403455.0,3393220.0,15,270,3,3,2585.0,15.2,503,0,5,403390,3393410,507,0,5,-88.5
1810901,403455.0,3393220.0,15,270,3,3,2585.0,15.2,503,0,5,403500,3393300,504,0,5,-93.83
1810901,403455.0,3393220.0,15,270,3,3,2585.0,15.2,503,0,5,403455,3393345,505,0,7,-96.5
1810901,403455.0,3393220.0,15,270,3,3,2585.0,15.2,503,0,5,403450,3393350,505,0,7,-96.17
1810901,403455.0,3393220.0,15,270,3,3,2585.0,15.2,503,0,5,403405,3393395,506,0,11,-97.0
1810901,403455.0,3393220.0,15,270,3,3,2585.0,15.2,503,0,5,403380,3393420,507,6,6,-96.0
1810901,403455.0,3393220.0,15,270,3,3,2585.0,15.2,503,0,5,403505,3393295,504,0,5,-89.11
1810901,403455.0,3393220.0,15,270,3,3,2585.0,15.2,503,0,5,403510,3393290,504,0,5,-87.5
1810901,403455.0,3393220.0,15,270,3,3,2585.0,15.2,503,0,5,403515,3393285,504,0,5,-87.25
1810901,403455.0,3393220.0,15,270,3,3,2585.0,15.2,503,0,5,403475,3393325,505,0,6,-90.0
1810901,403455.0,3393220.0,15,270,3,3,2585.0,15.2,503,0,5,403460,3393340,505,0,5,-101.33
1810901,403455.0,3393220.0,15,270,3,3,2585.0,15.2,503,0,5,403475,3393305,504,0,6,-83.5
1810901,403455.0,3393220.0,15,270,3,3,2585.0,15.2,503,0,5,403490,3393330,505,0,6,-87.6
1810901,403455.0,3393220.0,15,270,3,3,2585.0,15.2,503,0,5,403360,3393380,506,0,5,-84.0
1810901,403455.0,3393220.0,15,270,3,3,2585.0,15.2,503,0,5,403445,3393295,504,0,5,-77.67
1810901,403455.0,3393220.0,15,270,3,3,2585.0,15.2,503,0,5,403470,3393310,504,0,6,-92.4
1810901,403455.0,3393220.0,15,270,3,3,2585.0,15.2,503,0,5,403480,3393340,505,0,5,-107.25
1810901,403455.0,3393220.0,15,270,3,3,2585.0,15.2,503,0,5,403385,3393395,506,0,5,-92.0
1810901,403455.0,3393220.0,15,270,3,3,2585.0,15.2,503,0,5,403485,3393335,505,0,6,-97.33
1810901,403455.0,3393220.0,15,270,3,3,2585.0,15.2,503,0,5,403375,3393365,506,0,6,-93.0
1810901,403455.0,3393220.0,15,270,3,3,2585.0,15.2,503,0,5,403380,3393400,506,0,6,-96.5
1810901,403455.0,3393220.0,15,270,3,3,2585.0,15.2,503,0,5,403515,3393345,505,0,5,-90.67
1810901,403455.0,3393220.0,15,270,3,3,2585.0,15.2,503,0,5,403390,3393390,506,0,5,-98.0
1810901,403455.0,3393220.0,15,270,3,3,2585.0,15.2,503,0,5,403605,3393480,507,0,7,-95.5
1810901,403455.0,3393220.0,15,270,3,3,2585.0,15.2,503,0,5,403530,3393360,505,0,7,-96.0
1810901,403455.0,3393220.0,15,270,3,3,2585.0,15.2,503,0,5,403540,3393330,505,0,6,-93.5
1810901,403455.0,3393220.0,15,270,3,3,2585.0,15.2,503,0,5,403520,3393350,505,0,7,-97.0
1810901,403455.0,3393220.0,15,270,3,3,2585.0,15.2,503,0,5,403535,3393355,505,0,7,-96.38
1810901,403455.0,3393220.0,15,270,3,3,2585.0,15.2,503,0,5,403525,3393345,505,0,7,-90.0
1810901,403455.0,3393220.0,15,270,3,3,2585.0,15.2,503,0,5,403440,3393285,504,0,5,-84.8
1810901,403455.0,3393220.0,15,270,3,3,2585.0,15.2,503,0,5,403475,3393320,505,0,6,-82.67
1810901,403455.0,3393220.0,15,270,3,3,2585.0,15.2,503,0,5,403460,3393305,504,0,5,-95.0
1810901,403455.0,3393220.0,15,270,3,3,2585.0,15.2,503,0,5,403445,3393290,504,0,5,-94.0
1810901,403455.0,3393220.0,15,270,3,3,2585.0,15.2,503,0,5,403360,3393365,506,0,5,-103.0
1810901,403455.0,3393220.0,15,270,3,3,2585.0,15.2,503,0,5,403515,3393360,505,0,6,-85.5
1810901,403455.0,3393220.0,15,270,3,3,2585.0,15.2,503,0,5,403380,3393385,506,0,6,-94.5
1810901,403455.0,3393220.0,15,270,3,3,2585.0,15.2,503,0,5,403385,3393390,506,0,5,-94.5
1810901,403455.0,3393220.0,15,270,3,3,2585.0,15.2,503,0,5,403480,3393325,505,0,6,-88.33
1810901,403455.0,3393220.0,15,270,3,3,2585.0,15.2,503,0,5,403485,3393330,505,0,6,-98.86
1810901,403455.0,3393220.0,15,270,3,3,2585.0,15.2,503,0,5,403370,3393375,506,0,6,-92.75
1810901,403455.0,3393220.0,15,270,3,3,2585.0,15.2,503,0,5,403550,3393265,503,0,16,-94.33
1810901,403455.0,3393220.0,15,270,3,3,2585.0,15.2,503,0,5,403540,3393275,504,0,13,-88.67
1810901,403455.0,3393220.0,15,270,3,3,2585.0,15.2,503,0,5,403535,3393250,503,0,5,-92.64
1810901,403455.0,3393220.0,15,270,3,3,2585.0,15.2,503,0,5,403525,3393260,503,0,5,-89.55
1810901,403455.0,3393220.0,15,270,3,3,2585.0,15.2,503,0,5,403520,3393255,503,0,5,-86.75
1810901,403455.0,3393220.0,15,270,3,3,2585.0,15.2,503,0,5,403305,3392880,506,0,5,-109.0
1810901,403455.0,3393220.0,15,270,3,3,2585.0,15.2,503,0,5,403530,3393245,503,0,5,-91.0
1810901,403455.0,3393220.0,15,270,3,3,2585.0,15.2,503,0,5,403315,3392870,506,0,6,-96.5
1810901,403455.0,3393220.0,15,270,3,3,2585.0,15.2,503,0,5,403865,3393155,508,0,7,-103.0
1810901,403455.0,3393220.0,15,270,3,3,2585.0,15.2,503,0,5,402435,3393305,505,0,5,-101.5
1810901,403455.0,3393220.0,15,270,3,3,2585.0,15.2,503,0,5,403130,3393430,506,0,5,-101.5
1810901,403455.0,3393220.0,15,270,3,3,2585.0,15.2,503,0,5,403460,3393100,504,0,5,-96.0
1810901,403455.0,3393220.0,15,270,3,3,2585.0,15.2,503,0,5,403310,3393250,508,0,7,-81.45
1810901,403455.0,3393220.0,15,270,3,3,2585.0,15.2,503,0,5,403440,3393120,505,0,5,-82.86
1810901,403455.0,3393220.0,15,270,3,3,2585.0,15.2,503,0,5,403345,3393215,506,0,11,-89.25
1810901,403455.0,3393220.0,15,270,3,3,2585.0,15.2,503,0,5,403400,3393000,505,0,5,-98.0
1810901,403455.0,3393220.0,15,270,3,3,2585.0,15.2,503,0,5,403340,3393220,507,0,11,-85.5
1810901,403455.0,3393220.0,15,270,3,3,2585.0,15.2,503,0,5,403405,3392995,505,0,5,-101.33
1810901,403455.0,3393220.0,15,270,3,3,2585.0,15.2,503,0,5,403395,3393005,505,0,7,-94.5
1810901,403455.0,3393220.0,15,270,3,3,2585.0,15.2,503,0,5,403370,3393030,506,0,5,-92.0
1810901,403455.0,3393220.0,15,270,3,3,2585.0,15.2,503,0,5,403420,3392980,506,0,10,-105.78
1810901,403455.0,3393220.0,15,270,3,3,2585.0,15.2,503,0,5,403380,3393020,506,0,7,-98.33
1810901,403455.0,3393220.0,15,270,3,3,2585.0,15.2,503,0,5,403280,3393280,508,0,5,-85.11
1810901,403455.0,3393220.0,15,270,3,3,2585.0,15.2,503,0,5,403300,3393260,508,0,7,-82.1
1810901,403455.0,3393220.0,15,270,3,3,2585.0,15.2,503,0,5,403415,3392985,506,0,10,-102.71
1810901,403455.0,3393220.0,15,270,3,3,2585.0,15.2,503,0,5,403355,3393205,506,0,5,-98.68
1810901,403455.0,3393220.0,15,270,3,3,2585.0,15.2,503,0,5,403285,3393275,508,0,5,-89.05
1810901,403455.0,3393220.0,15,270,3,3,2585.0,15.2,503,0,5,403315,3393245,507,0,7,-82.83
1810901,403455.0,3393220.0,15,270,3,3,2585.0,15.2,503,0,5,403290,3393270,508,0,7,-87.22
1810901,403455.0,3393220.0,15,270,3,3,2585.0,15.2,503,0,5,403195,3393365,506,0,6,-103.71
1810901,403455.0,3393220.0,15,270,3,3,2585.0,15.2,503,0,5,403445,3393115,505,0,7,-87.67
1810901,403455.0,3393220.0,15,270,3,3,2585.0,15.2,503,0,5,403070,3393330,507,0,5,-95.33
1810901,403455.0,3393220.0,15,270,3,3,2585.0,15.2,503,0,5,403385,3393015,506,0,7,-94.84
1810901,403455.0,3393220.0,15,270,3,3,2585.0,15.2,503,0,5,403430,3392970,506,0,5,-106.71
1810901,403455.0,3393220.0,15,270,3,3,2585.0,15.2,503,0,5,403410,3392990,506,0,10,-103.67
1810901,403455.0,3393220.0,15,270,3,3,2585.0,15.2,503,0,5,403350,3393210,506,0,5,-96.8
1810901,403455.0,3393220.0,15,270,3,3,2585.0,15.2,503,0,5,403075,3393325,507,0,5,-98.47
1810901,403455.0,3393220.0,15,270,3,3,2585.0,15.2,503,0,5,403080,3393320,507,0,5,-99.5
1810901,403455.0,3393220.0,15,270,3,3,2585.0,15.2,503,0,5,403505,3393055,505,9,10,-98.5
1810901,403455.0,3393220.0,15,270,3,3,2585.0,15.2,503,0,5,403330,3393230,507,0,11,-82.73
1810901,403455.0,3393220.0,15,270,3,3,2585.0,15.2,503,0,5,403100,3393300,506,0,10,-103.5
1810901,403455.0,3393220.0,15,270,3,3,2585.0,15.2,503,0,5,403335,3393225,507,0,11,-81.7
1810901,403455.0,3393220.0,15,270,3,3,2585.0,15.2,503,0,5,403325,3393235,507,42,5,-84.93
1810901,403455.0,3393220.0,15,270,3,3,2585.0,15.2,503,0,5,403155,3393405,506,84,12,-104.75
1810901,403455.0,3393220.0,15,270,3,3,2585.0,15.2,503,0,5,403165,3393395,505,0,5,-108.0
1810901,403455.0,3393220.0,15,270,3,3,2585.0,15.2,503,0,5,403190,3393370,506,0,6,-104.31
1810901,403455.0,3393220.0,15,270,3,3,2585.0,15.2,503,0,5,403200,3393200,508,0,6,-100.0
1810901,403455.0,3393220.0,15,270,3,3,2585.0,15.2,503,0,5,403170,3393390,505,0,5,-103.5
1810901,403455.0,3393220.0,15,270,3,3,2585.0,15.2,503,0,5,403160,3393400,506,0,13,-104.0
1810901,403455.0,3393220.0,15,270,3,3,2585.0,15.2,503,0,5,403390,3393010,506,0,7,-93.11
1810901,403455.0,3393220.0,15,270,3,3,2585.0,15.2,503,0,5,403180,3393380,506,0,5,-104.0
1810901,403455.0,3393220.0,15,270,3,3,2585.0,15.2,503,0,5,403185,3393375,506,0,5,-101.67
1810901,403455.0,3393220.0,15,270,3,3,2585.0,15.2,503,0,5,403320,3393240,507,42,5,-82.18
1810901,403455.0,3393220.0,15,270,3,3,2585.0,15.2,503,0,5,403305,3393255,508,0,7,-80.29
1810901,403455.0,3393220.0,15,270,3,3,2585.0,15.2,503,0,5,403145,3393415,506,0,5,-108.5
1810901,403455.0,3393220.0,15,270,3,3,2585.0,15.2,503,0,5,403435,3392965,506,0,7,-102.75
1810901,403455.0,3393220.0,15,270,3,3,2585.0,15.2,503,0,5,403465,3393095,504,0,5,-95.0
1810901,403455.0,3393220.0,15,270,3,3,2585.0,15.2,503,0,5,403485,3393075,504,0,5,-97.75
1810901,403455.0,3393220.0,15,270,3,3,2585.0,15.2,503,0,5,403425,3392975,506,0,10,-110.89
1810901,403455.0,3393220.0,15,270,3,3,2585.0,15.2,503,0,5,403295,3393265,508,0,7,-85.68
1810901,403455.0,3393220.0,15,270,3,3,2585.0,15.2,503,0,5,403625,3393300,506,0,5,-89.0
1810901,403455.0,3393220.0,15,270,3,3,2585.0,15.2,503,0,5,403540,3393375,506,0,7,-95.6
1810901,403455.0,3393220.0,15,270,3,3,2585.0,15.2,503,0,5,403260,3393325,507,0,5,-96.5
1810901,403455.0,3393220.0,15,270,3,3,2585.0,15.2,503,0,5,403380,3393445,506,6,5,-92.5
1810901,403455.0,3393220.0,15,270,3,3,2585.0,15.2,503,0,5,403210,3393315,507,0,7,-106.0
1810901,403455.0,3393220.0,15,270,3,3,2585.0,15.2,503,0,5,403190,3393255,507,0,6,-94.2
1810901,403455.0,3393220.0,15,270,3,3,2585.0,15.2,503,0,5,403195,3393260,507,0,6,-96.17
1810901,403455.0,3393220.0,15,270,3,3,2585.0,15.2,503,0,5,403205,3393310,507,0,5,-97.6
1810901,403455.0,3393220.0,15,270,3,3,2585.0,15.2,503,0,5,403220,3393285,508,0,7,-89.29
1810901,403455.0,3393220.0,15,270,3,3,2585.0,15.2,503,0,5,403225,3393290,508,0,7,-96.88
1810901,403455.0,3393220.0,15,270,3,3,2585.0,15.2,503,0,5,403180,3393245,507,0,5,-90.8
1810901,403455.0,3393220.0,15,270,3,3,2585.0,15.2,503,0,5,403270,3393335,507,0,6,-108.4
1810901,403455.0,3393220.0,15,270,3,3,2585.0,15.2,503,0,5,403165,3393270,506,0,5,-96.67
1810901,403455.0,3393220.0,15,270,3,3,2585.0,15.2,503,0,5,403230,3393295,507,0,5,-88.67
1810901,403455.0,3393220.0,15,270,3,3,2585.0,15.2,503,0,5,403245,3393350,507,0,6,-99.67
1810901,403455.0,3393220.0,15,270,3,3,2585.0,15.2,503,0,5,403265,3393330,507,0,6,-104.75
1810901,403455.0,3393220.0,15,270,3,3,2585.0,15.2,503,0,5,403480,3393330,505,0,6,-96.0
1810901,403455.0,3393220.0,15,270,3,3,2585.0,15.2,503,0,5,403375,3393375,506,0,6,-93.5
1810901,403455.0,3393220.0,15,270,3,3,2585.0,15.2,503,0,5,403370,3393380,506,0,6,-97.33
1810901,403455.0,3393220.0,15,270,3,3,2585.0,15.2,503,0,5,403365,3393365,506,0,5,-104.33
1810901,403455.0,3393220.0,15,270,3,3,2585.0,15.2,503,0,5,403475,3393315,505,0,6,-90.5
1810901,403455.0,3393220.0,15,270,3,3,2585.0,15.2,503,0,5,403395,3393395,506,0,11,-106.5
1810901,403455.0,3393220.0,15,270,3,3,2585.0,15.2,503,0,5,403325,3392875,506,0,5,-101.67
1810901,403455.0,3393220.0,15,270,3,3,2585.0,15.2,503,0,5,403520,3393240,503,0,5,-91.0
1810901,403455.0,3393220.0,15,270,3,3,2585.0,15.2,503,0,5,403555,3393205,503,6,5,-91.0
1810901,403455.0,3393220.0,15,270,3,3,2585.0,15.2,503,0,5,403585,3393255,504,0,5,-97.0
1810901,403455.0,3393220.0,15,270,3,3,2585.0,15.2,503,0,5,403535,3393225,503,5,16,-92.0
1810901,403455.0,3393220.0,15,270,3,3,2585.0,15.2,503,0,5,403565,3393275,504,0,13,-91.4
1810901,403455.0,3393220.0,15,270,3,3,2585.0,15.2,503,0,5,403355,3392910,506,0,7,-111.0
1810901,403455.0,3393220.0,15,270,3,3,2585.0,15.2,503,0,5,403540,3393195,503,6,5,-89.67
1810901,403455.0,3393220.0,15,270,3,3,2585.0,15.2,503,0,5,403610,3393245,505,0,5,-102.5
1810901,403455.0,3393220.0,15,270,3,3,2585.0,15.2,503,0,5,403605,3393260,505,0,5,-101.0
1810901,403455.0,3393220.0,15,270,3,3,2585.0,15.2,503,0,5,403615,3393250,505,0,5,-94.0
1810901,403455.0,3393220.0,15,270,3,3,2585.0,15.2,503,0,5,403325,3392900,507,0,7,-107.63
1810901,403455.0,3393220.0,15,270,3,3,2585.0,15.2,503,0,5,403340,3392915,506,0,7,-100.0
1810901,403455.0,3393220.0,15,270,3,3,2585.0,15.2,503,0,5,403345,3392920,506,0,7,-98.33
1810901,403455.0,3393220.0,15,270,3,3,2585.0,15.2,503,0,5,403315,3392950,506,0,6,-98.0
1810901,403455.0,3393220.0,15,270,3,3,2585.0,15.2,503,0,5,403500,3392895,505,0,5,-110.43
1810901,403455.0,3393220.0,15,270,3,3,2585.0,15.2,503,0,5,403510,3392885,505,0,5,-113.5
1810901,403455.0,3393220.0,15,270,3,3,2585.0,15.2,503,0,5,403505,3392900,505,0,5,-108.0
1810901,403455.0,3393220.0,15,270,3,3,2585.0,15.2,503,0,5,403475,3392930,506,0,5,-110.0
1810901,403455.0,3393220.0,15,270,3,3,2585.0,15.2,503,0,5,403440,3392955,506,0,7,-113.75
1810901,403455.0,3393220.0,15,270,3,3,2585.0,15.2,503,0,5,403320,3392755,505,0,10,-106.0
1810901,403455.0,3393220.0,15,270,3,3,2585.0,15.2,503,0,5,403380,3392855,505,102,6,-109.0
1810901,403455.0,3393220.0,15,270,3,3,2585.0,15.2,503,0,5,403445,3392960,506,0,7,-104.4
1810901,403455.0,3393220.0,15,270,3,3,2585.0,15.2,503,0,5,403465,3392940,506,0,5,-106.0
1810901,403455.0,3393220.0,15,270,3,3,2585.0,15.2,503,0,5,403600,3393485,507,0,7,-98.0
1810901,403455.0,3393220.0,15,270,3,3,2585.0,15.2,503,0,5,403475,3393170,503,0,7,-99.0
1810901,403455.0,3393220.0,15,270,3,3,2585.0,15.2,503,0,5,403515,3393130,504,0,13,-110.0
1810901,403455.0,3393220.0,15,270,3,3,2585.0,15.2,503,0,5,403500,3393135,503,0,5,-109.5
1810901,403455.0,3393220.0,15,270,3,3,2585.0,15.2,503,0,5,403390,3393245,504,0,7,-82.33
1810901,403455.0,3393220.0,15,270,3,3,2585.0,15.2,503,0,5,403410,3393225,504,0,5,-72.4
1810901,403455.0,3393220.0,15,270,3,3,2585.0,15.2,503,0,5,403340,3392975,506,0,6,-101.0
1810901,403455.0,3393220.0,15,270,3,3,2585.0,15.2,503,0,5,403480,3393155,503,0,7,-91.5
1810901,403455.0,3393220.0,15,270,3,3,2585.0,15.2,503,0,5,403495,3393150,503,0,7,-101.5
1810901,403455.0,3393220.0,15,270,3,3,2585.0,15.2,503,0,5,403415,3393230,504,0,5,-78.68
1810901,403455.0,3393220.0,15,270,3,3,2585.0,15.2,503,0,5,403405,3393240,504,0,5,-75.22
1810901,403455.0,3393220.0,15,270,3,3,2585.0,15.2,503,0,5,403435,3393210,504,0,6,-77.13
1810901,403455.0,3393220.0,15,270,3,3,2585.0,15.2,503,0,5,403450,3393185,504,0,5,-85.52
1810901,403455.0,3393220.0,15,270,3,3,2585.0,15.2,503,0,5,403195,3393450,505,0,6,-94.33
1810901,403455.0,3393220.0,15,270,3,3,2585.0,15.2,503,0,5,403400,3393235,504,0,5,-74.0
1810901,403455.0,3393220.0,15,270,3,3,2585.0,15.2,503,0,5,403375,3393270,505,0,7,-86.92
1810901,403455.0,3393220.0,15,270,3,3,2585.0,15.2,503,0,5,403395,3393250,504,0,7,-78.21
1810901,403455.0,3393220.0,15,270,3,3,2585.0,15.2,503,0,5,403350,3392965,506,0,7,-100.5
1810901,403455.0,3393220.0,15,270,3,3,2585.0,15.2,503,0,5,403465,3393180,503,0,5,-87.67
1810901,403455.0,3393220.0,15,270,3,3,2585.0,15.2,503,0,5,403430,3393205,504,42,6,-91.67
1810901,403455.0,3393220.0,15,270,3,3,2585.0,15.2,503,0,5,403455,3393190,504,0,5,-90.35
1810901,403455.0,3393220.0,15,270,3,3,2585.0,15.2,503,0,5,403420,3393215,504,0,11,-78.1
1810901,403455.0,3393220.0,15,270,3,3,2585.0,15.2,503,0,5,403460,3393175,503,0,5,-92.95
1810901,403455.0,3393220.0,15,270,3,3,2585.0,15.2,503,0,5,403425,3393220,504,0,5,-78.0
1810901,403455.0,3393220.0,15,270,3,3,2585.0,15.2,503,0,5,403360,3393275,505,0,5,-83.37
1810901,403455.0,3393220.0,15,270,3,3,2585.0,15.2,503,0,5,403325,3393000,506,0,5,-106.0
1810901,403455.0,3393220.0,15,270,3,3,2585.0,15.2,503,0,5,403445,3393200,504,0,6,-84.82
1810901,403455.0,3393220.0,15,270,3,3,2585.0,15.2,503,0,5,403440,3393195,504,0,6,-92.83
1810901,403455.0,3393220.0,15,270,3,3,2585.0,15.2,503,0,5,403365,3393280,505,0,11,-81.44
1810901,403455.0,3393220.0,15,270,3,3,2585.0,15.2,503,0,5,403010,3393305,508,0,5,-92.5
1810901,403455.0,3393220.0,15,270,3,3,2585.0,15.2,503,0,5,403385,3393260,504,0,7,-81.58
1810901,403455.0,3393220.0,15,270,3,3,2585.0,15.2,503,0,5,403380,3393255,504,0,7,-80.28
1810901,403455.0,3393220.0,15,270,3,3,2585.0,15.2,503,0,5,403355,3392970,506,0,7,-100.4
1810901,403455.0,3393220.0,15,270,3,3,2585.0,15.2,503,0,5,403470,3393165,503,0,7,-106.89
1810901,403455.0,3393220.0,15,270,3,3,2585.0,15.2,503,0,5,403370,3393265,505,0,7,-82.3
1810901,403455.0,3393220.0,15,270,3,3,2585.0,15.2,503,0,5,403510,3393125,504,0,13,-105.5
1810901,403455.0,3393220.0,15,270,3,3,2585.0,15.2,503,0,5,403485,3393160,503,0,7,-98.67
1810901,403455.0,3393220.0,15,270,3,3,2585.0,15.2,503,0,5,403480,3393130,503,0,7,-91.5
1810901,403455.0,3393220.0,15,270,3,3,2585.0,15.2,503,0,5,403430,3393240,504,0,11,-78.88
1810901,403455.0,3393220.0,15,270,3,3,2585.0,15.2,503,0,5,403435,3393235,504,0,5,-82.75
1810901,403455.0,3393220.0,15,270,3,3,2585.0,15.2,503,0,5,403440,3393170,504,0,5,-92.23
1810901,403455.0,3393220.0,15,270,3,3,2585.0,15.2,503,0,5,403425,3393225,504,0,11,-83.1
1810901,403455.0,3393220.0,15,270,3,3,2585.0,15.2,503,0,5,403390,3393280,504,0,11,-76.06
1810901,403455.0,3393220.0,15,270,3,3,2585.0,15.2,503,0,5,403395,3393275,504,0,11,-82.65
1810901,403455.0,3393220.0,15,270,3,3,2585.0,15.2,503,0,5,403380,3393270,505,0,5,-82.75
1810901,403455.0,3393220.0,15,270,3,3,2585.0,15.2,503,0,5,403090,3393540,507,0,5,-107.5
1810901,403455.0,3393220.0,15,270,3,3,2585.0,15.2,503,0,5,403400,3393210,505,0,5,-82.89
1810901,403455.0,3393220.0,15,270,3,3,2585.0,15.2,503,0,5,403405,3393205,505,0,5,-95.33
1810901,403455.0,3393220.0,15,270,3,3,2585.0,15.2,503,0,5,403460,3393190,503,0,5,-87.24
1810901,403455.0,3393220.0,15,270,3,3,2585.0,15.2,503,0,5,403455,3393175,504,0,5,-94.05
1810901,403455.0,3393220.0,15,270,3,3,2585.0,15.2,503,0,5,403470,3393200,503,0,5,-84.09
1810901,403455.0,3393220.0,15,270,3,3,2585.0,15.2,503,0,5,403360,3393250,505,0,7,-82.67
1810901,403455.0,3393220.0,15,270,3,3,2585.0,15.2,503,0,5,403450,3393180,504,0,5,-95.23
1810901,403455.0,3393220.0,15,270,3,3,2585.0,15.2,503,0,5,403385,3393265,504,0,7,-83.28
1810901,403455.0,3393220.0,15,270,3,3,2585.0,15.2,503,0,5,403465,3393185,503,0,5,-87.65
1810901,403455.0,3393220.0,15,270,3,3,2585.0,15.2,503,0,5,403475,3393195,503,0,5,-90.14
1810901,403455.0,3393220.0,15,270,3,3,2585.0,15.2,503,0,5,403355,3392995,506,0,5,-102.5
1810901,403455.0,3393220.0,15,270,3,3,2585.0,15.2,503,0,5,403410,3393220,504,0,11,-84.0
1810901,403455.0,3393220.0,15,270,3,3,2585.0,15.2,503,0,5,403445,3393165,504,0,5,-92.16
1810901,403455.0,3393220.0,15,270,3,3,2585.0,15.2,503,0,5,403420,3393230,504,0,11,-83.13
1810901,403455.0,3393220.0,15,270,3,3,2585.0,15.2,503,0,5,403370,3393260,505,0,7,-82.1
1810901,403455.0,3393220.0,15,270,3,3,2585.0,15.2,503,0,5,403415,3393215,504,0,11,-82.9
1810901,403455.0,3393220.0,15,270,3,3,2585.0,15.2,503,0,5,403375,3393255,505,0,7,-80.68
1810901,403455.0,3393220.0,15,270,3,3,2585.0,15.2,503,0,5,403350,3393000,506,0,6,-104.5
1810901,403455.0,3393220.0,15,270,3,3,2585.0,15.2,503,0,5,403365,3393245,505,0,7,-82.71
1810901,403455.0,3393220.0,15,270,3,3,2585.0,15.2,503,0,5,403540,3393185,503,6,5,-87.33
1810901,403455.0,3393220.0,15,270,3,3,2585.0,15.2,503,0,5,403320,3392885,506,0,7,-106.0
1810901,403455.0,3393220.0,15,270,3,3,2585.0,15.2,503,0,5,403620,3393265,505,0,10,-88.0
1810901,403455.0,3393220.0,15,270,3,3,2585.0,15.2,503,0,5,403345,3392910,506,0,7,-96.33
1810901,403455.0,3393220.0,15,270,3,3,2585.0,15.2,503,0,5,403330,3392895,507,0,7,-104.0
1810901,403455.0,3393220.0,15,270,3,3,2585.0,15.2,503,0,5,403340,3392905,507,0,7,-99.25
1810901,403455.0,3393220.0,15,270,3,3,2585.0,15.2,503,0,5,403335,3392900,507,0,7,-99.67
1810901,403455.0,3393220.0,15,270,3,3,2585.0,15.2,503,0,5,403355,3392920,506,0,7,-96.67
1810901,403455.0,3393220.0,15,270,3,3,2585.0,15.2,503,0,5,403325,3392890,506,0,7,-106.33
1810901,403455.0,3393220.0,15,270,3,3,2585.0,15.2,503,0,5,403470,3393085,504,0,6,-99.33
1810901,403455.0,3393220.0,15,270,3,3,2585.0,15.2,503,0,5,403355,3393210,506,0,5,-92.83
1810901,403455.0,3393220.0,15,270,3,3,2585.0,15.2,503,0,5,403440,3393115,505,0,7,-86.25
1810901,403455.0,3393220.0,15,270,3,3,2585.0,15.2,503,0,5,403350,3393205,506,0,5,-95.0
1810901,403455.0,3393220.0,15,270,3,3,2585.0,15.2,503,0,5,403345,3393220,506,0,11,-90.9
1810901,403455.0,3393220.0,15,270,3,3,2585.0,15.2,503,0,5,403310,3393245,508,0,7,-83.0
1810901,403455.0,3393220.0,15,270,3,3,2585.0,15.2,503,0,5,403300,3393255,508,0,7,-83.69
1810901,403455.0,3393220.0,15,270,3,3,2585.0,15.2,503,0,5,403435,3392970,506,0,7,-109.56
1810901,403455.0,3393220.0,15,270,3,3,2585.0,15.2,503,0,5,403330,3393225,507,0,11,-86.67
1810901,403455.0,3393220.0,15,270,3,3,2585.0,15.2,503,0,5,403295,3393270,508,0,7,-86.31
1810901,403455.0,3393220.0,15,270,3,3,2585.0,15.2,503,0,5,403395,3393010,506,0,7,-89.5
1810901,403455.0,3393220.0,15,270,3,3,2585.0,15.2,503,0,5,403315,3393250,507,0,7,-81.45
1810901,403455.0,3393220.0,15,270,3,3,2585.0,15.2,503,0,5,403140,3393415,506,0,5,-104.0
1810901,403455.0,3393220.0,15,270,3,3,2585.0,15.2,503,0,5,403385,3393020,506,0,7,-92.75
1810901,403455.0,3393220.0,15,270,3,3,2585.0,15.2,503,0,5,403420,3392975,506,0,10,-107.74
1810901,403455.0,3393220.0,15,270,3,3,2585.0,15.2,503,0,5,403305,3393260,508,0,7,-83.27
1810901,403455.0,3393220.0,15,270,3,3,2585.0,15.2,503,0,5,403445,3393120,505,0,7,-89.0
1810901,403455.0,3393220.0,15,270,3,3,2585.0,15.2,503,0,5,403195,3393370,506,0,6,-101.0
1810901,403455.0,3393220.0,15,270,3,3,2585.0,15.2,503,0,5,403290,3393265,508,0,7,-84.27
1810901,403455.0,3393220.0,15,270,3,3,2585.0,15.2,503,0,5,403100,3393295,506,0,10,-100.33
1810901,403455.0,3393220.0,15,270,3,3,2585.0,15.2,503,0,5,403340,3393215,507,0,11,-89.0
1810901,403455.0,3393220.0,15,270,3,3,2585.0,15.2,503,0,5,403285,3393280,508,0,5,-84.87
1810901,403455.0,3393220.0,15,270,3,3,2585.0,15.2,503,0,5,403320,3393235,507,42,5,-79.58
1810901,403455.0,3393220.0,15,270,3,3,2585.0,15.2,503,0,5,403185,3393380,506,0,5,-104.38
1810901,403455.0,3393220.0,15,270,3,3,2585.0,15.2,503,0,5,403190,3393365,506,0,6,-102.13
1810901,403455.0,3393220.0,15,270,3,3,2585.0,15.2,503,0,5,403065,3393340,508,0,6,-98.0
1810901,403455.0,3393220.0,15,270,3,3,2585.0,15.2,503,0,5,403055,3393350,508,0,6,-97.0
1810901,403455.0,3393220.0,15,270,3,3,2585.0,15.2,503,0,5,403280,3393275,508,0,5,-85.38
1810901,403455.0,3393220.0,15,270,3,3,2585.0,15.2,503,0,5,403425,3392980,506,0,5,-103.1
1810901,403455.0,3393220.0,15,270,3,3,2585.0,15.2,503,0,5,403400,3392995,505,0,5,-99.75
1810901,403455.0,3393220.0,15,270,3,3,2585.0,15.2,503,0,5,403075,3393330,507,0,5,-97.0
1810901,403455.0,3393220.0,15,270,3,3,2585.0,15.2,503,0,5,403070,3393325,507,0,5,-103.0
1810901,403455.0,3393220.0,15,270,3,3,2585.0,15.2,503,0,5,403180,3393375,506,0,5,-102.75
1810901,403455.0,3393220.0,15,270,3,3,2585.0,15.2,503,0,5,403165,3393400,506,0,5,-106.0
1810901,403455.0,3393220.0,15,270,3,3,2585.0,15.2,503,0,5,403170,3393385,505,0,5,-100.0
1810901,403455.0,3393220.0,15,270,3,3,2585.0,15.2,503,0,5,403335,3393230,507,0,11,-86.58
1810901,403455.0,3393220.0,15,270,3,3,2585.0,15.2,503,0,5,403410,3392985,506,0,10,-102.33
1810901,403455.0,3393220.0,15,270,3,3,2585.0,15.2,503,0,5,403380,3393015,506,0,7,-96.16
1810901,403455.0,3393220.0,15,270,3,3,2585.0,15.2,503,0,5,403415,3392990,506,0,10,-105.1
1810901,403455.0,3393220.0,15,270,3,3,2585.0,15.2,503,0,5,403390,3393005,505,0,7,-95.0
1810901,403455.0,3393220.0,15,270,3,3,2585.0,15.2,503,0,5,403325,3393240,507,42,7,-80.41
1810901,403455.0,3393220.0,15,270,3,3,2585.0,15.2,503,0,5,403475,3393090,504,0,6,-93.0
1810901,403455.0,3393220.0,15,270,3,3,2585.0,15.2,503,0,5,403430,3392965,506,102,5,-102.0
1810901,403455.0,3393220.0,15,270,3,3,2585.0,15.2,503,0,5,403145,3393420,506,0,5,-103.67
1810901,403455.0,3393220.0,15,270,3,3,2585.0,15.2,503,0,5,403160,3393395,505,0,13,-104.67
1810901,403455.0,3393220.0,15,270,3,3,2585.0,15.2,503,0,5,403375,3393030,506,0,7,-96.2
1810901,403455.0,3393220.0,15,270,3,3,2585.0,15.2,503,0,5,403465,3393100,504,0,5,-98.0
1810901,403455.0,3393220.0,15,270,3,3,2585.0,15.2,503,0,5,403080,3393315,507,0,5,-101.0
1810901,403455.0,3393220.0,15,270,3,3,2585.0,15.2,503,0,5,403370,3393210,506,0,11,-80.67
1810901,403455.0,3393220.0,15,270,3,3,2585.0,15.2,503,0,5,403495,3393165,503,0,7,-106.0
1810901,403455.0,3393220.0,15,270,3,3,2585.0,15.2,503,0,5,403475,3393145,503,0,7,-96.5
1810901,403455.0,3393220.0,15,270,3,3,2585.0,15.2,503,0,5,403395,3393225,504,42,5,-79.38
1810901,403455.0,3393220.0,15,270,3,3,2585.0,15.2,503,0,5,403415,3393245,504,0,5,-68.0
1810901,403455.0,3393220.0,15,270,3,3,2585.0,15.2,503,0,5,403465,3393155,503,0,7,-95.25
1810901,403455.0,3393220.0,15,270,3,3,2585.0,15.2,503,0,5,403480,3393180,503,0,7,-100.33
1810901,403455.0,3393220.0,15,270,3,3,2585.0,15.2,503,0,5,403450,3393130,504,0,7,-92.0
1810901,403455.0,3393220.0,15,270,3,3,2585.0,15.2,503,0,5,403430,3393270,504,0,5,-78.27
1810901,403455.0,3393220.0,15,270,3,3,2585.0,15.2,503,0,5,403390,3393230,504,42,5,-72.75
1810901,403455.0,3393220.0,15,270,3,3,2585.0,15.2,503,0,5,403460,3393160,504,0,7,-94.08
1810901,403455.0,3393220.0,15,270,3,3,2585.0,15.2,503,0,5,403440,3393140,504,0,5,-84.48
1810901,403455.0,3393220.0,15,270,3,3,2585.0,15.2,503,0,5,403360,3393220,506,0,5,-86.42
1810901,403455.0,3393220.0,15,270,3,3,2585.0,15.2,503,0,5,403385,3393235,504,0,5,-76.58
1810901,403455.0,3393220.0,15,270,3,3,2585.0,15.2,503,0,5,403485,3393175,503,0,7,-100.0
1810901,403455.0,3393220.0,15,270,3,3,2585.0,15.2,503,0,5,403380,3393240,505,0,7,-82.94
1810901,403455.0,3393220.0,15,270,3,3,2585.0,15.2,503,0,5,403400,3393260,504,0,7,-85.93
1810901,403455.0,3393220.0,15,270,3,3,2585.0,15.2,503,0,5,403365,3393215,506,0,11,-92.76
1810901,403455.0,3393220.0,15,270,3,3,2585.0,15.2,503,0,5,403405,3393255,504,0,5,-84.2
1810901,403455.0,3393220.0,15,270,3,3,2585.0,15.2,503,0,5,403425,3393275,504,0,5,-89.44
1810901,403455.0,3393220.0,15,270,3,3,2585.0,15.2,503,0,5,403510,3393190,503,0,5,-93.0
1810901,403455.0,3393220.0,15,270,3,3,2585.0,15.2,503,0,5,403515,3393185,503,0,5,-97.0
1810901,403455.0,3393220.0,15,270,3,3,2585.0,15.2,503,0,5,402960,3393300,507,0,5,-89.5
1810901,403455.0,3393220.0,15,270,3,3,2585.0,15.2,503,0,5,403420,3393280,504,0,5,-79.6
1810901,403455.0,3393220.0,15,270,3,3,2585.0,15.2,503,0,5,403410,3393250,504,0,5,-80.79
1810901,403455.0,3393220.0,15,270,3,3,2585.0,15.2,503,0,5,403435,3393265,504,0,5,-70.52
1810901,403455.0,3393220.0,15,270,3,3,2585.0,15.2,503,0,5,403455,3393125,504,0,7,-87.0
1810901,403455.0,3393220.0,15,270,3,3,2585.0,15.2,503,0,5,403470,3393150,503,0,7,-91.75
1810901,403455.0,3393220.0,15,270,3,3,2585.0,15.2,503,0,5,403445,3393135,504,0,5,-87.56
1810901,403455.0,3393220.0,15,270,3,3,2585.0,15.2,503,0,5,403325,3393015,506,24,12,-101.33
1810901,403455.0,3393220.0,15,270,3,3,2585.0,15.2,503,0,5,403340,3393040,506,0,5,-101.5
1810901,403455.0,3393220.0,15,270,3,3,2585.0,15.2,503,0,5,403375,3393205,505,0,5,-89.75
1810901,403455.0,3393220.0,15,270,3,3,2585.0,15.2,503,0,5,403560,3393400,506,0,7,-100.5
1810901,403455.0,3393220.0,15,270,3,3,2585.0,15.2,503,0,5,403490,3393290,504,0,5,-89.57
1810901,403455.0,3393220.0,15,270,3,3,2585.0,15.2,503,0,5,403500,3393320,505,0,6,-92.33
1810901,403455.0,3393220.0,15,270,3,3,2585.0,15.2,503,0,5,403495,3393285,504,0,5,-88.0
1810901,403455.0,3393220.0,15,270,3,3,2585.0,15.2,503,0,5,403470,3393350,505,0,7,-96.63
1810901,403455.0,3393220.0,15,270,3,3,2585.0,15.2,503,0,5,403465,3393355,505,0,7,-99.6
1810901,403455.0,3393220.0,15,270,3,3,2585.0,15.2,503,0,5,403510,3393310,504,0,5,-95.0
1810901,403455.0,3393220.0,15,270,3,3,2585.0,15.2,503,0,5,403445,3393335,505,0,6,-97.0
1810901,403455.0,3393220.0,15,270,3,3,2585.0,15.2,503,0,5,403475,3393345,505,0,7,-115.0
1810901,403455.0,3393220.0,15,270,3,3,2585.0,15.2,503,0,5,403505,3393315,505,0,6,-93.57
1810901,403455.0,3393220.0,15,270,3,3,2585.0,15.2,503,0,5,403515,3393305,504,0,5,-88.57
1810901,403455.0,3393220.0,15,270,3,3,2585.0,15.2,503,0,5,403485,3393295,504,0,6,-93.67
1810901,403455.0,3393220.0,15,270,3,3,2585.0,15.2,503,0,5,403345,3392950,506,0,7,-103.0
1810901,403455.0,3393220.0,15,270,3,3,2585.0,15.2,503,0,5,403350,3392955,506,0,7,-107.4
1810901,403455.0,3393220.0,15,270,3,3,2585.0,15.2,503,0,5,403340,3392945,506,0,7,-105.25
1810901,403455.0,3393220.0,15,270,3,3,2585.0,15.2,503,0,5,403335,3392940,506,0,7,-104.91
1810901,403455.0,3393220.0,15,270,3,3,2585.0,15.2,503,0,5,403355,3392960,506,0,7,-101.63
1810901,403455.0,3393220.0,15,270,3,3,2585.0,15.2,503,0,5,403555,3393160,503,6,13,-102.0
1810901,403455.0,3393220.0,15,270,3,3,2585.0,15.2,503,0,5,403650,3393255,506,0,5,-100.0
1810901,403455.0,3393220.0,15,270,3,3,2585.0,15.2,503,0,5,403535,3393245,503,0,16,-93.0
1810901,403455.0,3393220.0,15,270,3,3,2585.0,15.2,503,0,5,403525,3393255,503,0,5,-89.5
1810901,403455.0,3393220.0,15,270,3,3,2585.0,15.2,503,0,5,403530,3393250,503,0,5,-89.7
1810901,403455.0,3393220.0,15,270,3,3,2585.0,15.2,503,0,5,403520,3393260,503,0,5,-86.25
1810901,403455.0,3393220.0,15,270,3,3,2585.0,15.2,503,0,5,403555,3393265,503,0,16,-90.67
1810901,403455.0,3393220.0,15,270,3,3,2585.0,15.2,503,0,5,403415,3393305,505,0,5,-97.33
1810901,403455.0,3393220.0,15,270,3,3,2585.0,15.2,503,0,5,403430,3393290,504,0,5,-72.5
1810901,403455.0,3393220.0,15,270,3,3,2585.0,15.2,503,0,5,403395,3393325,505,0,6,-92.25
1810901,403455.0,3393220.0,15,270,3,3,2585.0,15.2,503,0,5,403405,3393315,505,0,5,-100.5
1810901,403455.0,3393220.0,15,270,3,3,2585.0,15.2,503,0,5,403370,3393350,506,0,6,-99.75
1810901,403455.0,3393220.0,15,270,3,3,2585.0,15.2,503,0,5,403400,3393320,505,0,6,-104.5
1810901,403455.0,3393220.0,15,270,3,3,2585.0,15.2,503,0,5,403410,3393310,505,0,5,-91.67
1810901,403455.0,3393220.0,15,270,3,3,2585.0,15.2,503,0,5,403375,3393345,505,0,6,-95.63
1810901,403455.0,3393220.0,15,270,3,3,2585.0,15.2,503,0,5,403390,3393330,505,0,6,-96.44
1810901,403455.0,3393220.0,15,270,3,3,2585.0,15.2,503,0,5,403425,3393295,504,0,5,-95.0
1810901,403455.0,3393220.0,15,270,3,3,2585.0,15.2,503,0,5,403380,3393340,505,0,6,-96.48
1810901,403455.0,3393220.0,15,270,3,3,2585.0,15.2,503,0,5,403385,3393335,505,0,6,-96.53
1810901,403455.0,3393220.0,15,270,3,3,2585.0,15.2,503,0,5,403435,3393285,504,0,5,-84.33
1810901,403455.0,3393220.0,15,270,3,3,2585.0,15.2,503,0,5,403365,3393355,506,33,5,-97.67
1810901,403455.0,3393220.0,15,270,3,3,2585.0,15.2,503,0,5,403360,3393360,506,33,5,-99.08
1810901,403455.0,3393220.0,15,270,3,3,2585.0,15.2,503,0,5,403515,3393020,505,0,7,-107.0
1810901,403455.0,3393220.0,15,270,3,3,2585.0,15.2,503,0,5,403465,3392970,506,0,7,-109.0
1810901,403455.0,3393220.0,15,270,3,3,2585.0,15.2,503,0,5,403350,3393175,507,42,12,-95.5
1810901,403455.0,3393220.0,15,270,3,3,2585.0,15.2,503,0,5,403430,3393095,505,0,6,-86.5
1810901,403455.0,3393220.0,15,270,3,3,2585.0,15.2,503,0,5,403320,3393185,507,0,5,-89.75
1810901,403455.0,3393220.0,15,270,3,3,2585.0,15.2,503,0,5,403100,3393405,506,84,13,-105.0
1810901,403455.0,3393220.0,15,270,3,3,2585.0,15.2,503,0,5,403360,3393065,507,0,5,-93.0
1810901,403455.0,3393220.0,15,270,3,3,2585.0,15.2,503,0,5,403160,3393345,505,6,6,-103.71
1810901,403455.0,3393220.0,15,270,3,3,2585.0,15.2,503,0,5,403155,3393300,506,0,5,-90.5
1810901,403455.0,3393220.0,15,270,3,3,2585.0,15.2,503,0,5,403265,3393250,508,0,11,-83.5
1810901,403455.0,3393220.0,15,270,3,3,2585.0,15.2,503,0,5,403460,3392965,506,0,7,-104.33
1810901,403455.0,3393220.0,15,270,3,3,2585.0,15.2,503,0,5,403335,3393200,507,0,6,-96.47
1810901,403455.0,3393220.0,15,270,3,3,2585.0,15.2,503,0,5,403445,3392990,506,102,7,-99.75
1810901,403455.0,3393220.0,15,270,3,3,2585.0,15.2,503,0,5,403150,3393295,506,0,5,-104.0
1810901,403455.0,3393220.0,15,270,3,3,2585.0,15.2,503,0,5,403240,3393265,508,0,5,-88.25
1810901,403455.0,3393220.0,15,270,3,3,2585.0,15.2,503,0,5,403175,3393360,506,0,5,-105.13
1810901,403455.0,3393220.0,15,270,3,3,2585.0,15.2,503,0,5,403170,3393355,505,0,6,-104.8
1810901,403455.0,3393220.0,15,270,3,3,2585.0,15.2,503,0,5,403390,3393055,507,0,7,-96.93
1810901,403455.0,3393220.0,15,270,3,3,2585.0,15.2,503,0,5,403380,3393045,506,0,7,-95.67
1810901,403455.0,3393220.0,15,270,3,3,2585.0,15.2,503,0,5,403145,3393290,506,0,5,-92.5
1810901,403455.0,3393220.0,15,270,3,3,2585.0,15.2,503,0,5,403435,3393100,505,0,5,-87.25
1810901,403455.0,3393220.0,15,270,3,3,2585.0,15.2,503,0,5,403190,3393335,506,0,6,-99.4
1810901,403455.0,3393220.0,15,270,3,3,2585.0,15.2,503,0,5,403140,3393285,505,0,5,-97.5
1810901,403455.0,3393220.0,15,270,3,3,2585.0,15.2,503,0,5,403185,3393330,506,0,6,-103.63
1810901,403455.0,3393220.0,15,270,3,3,2585.0,15.2,503,0,5,403245,3393270,508,0,5,-88.64
1810901,403455.0,3393220.0,15,270,3,3,2585.0,15.2,503,0,5,403180,3393325,506,0,5,-98.75
1810901,403455.0,3393220.0,15,270,3,3,2585.0,15.2,503,0,5,403415,3393120,506,0,5,-83.69
1810901,403455.0,3393220.0,15,270,3,3,2585.0,15.2,503,0,5,403410,3393115,506,0,5,-85.56
1810901,403455.0,3393220.0,15,270,3,3,2585.0,15.2,503,0,5,403385,3393050,506,0,7,-98.83
1810901,403455.0,3393220.0,15,270,3,3,2585.0,15.2,503,0,5,403480,3393025,506,0,7,-97.57
1810901,403455.0,3393220.0,15,270,3,3,2585.0,15.2,503,0,5,403420,3393085,506,0,6,-88.88
1810901,403455.0,3393220.0,15,270,3,3,2585.0,15.2,503,0,5,403395,3393060,506,0,7,-95.81
1810901,403455.0,3393220.0,15,270,3,3,2585.0,15.2,503,0,5,403405,3393110,506,0,5,-83.67
1810901,403455.0,3393220.0,15,270,3,3,2585.0,15.2,503,0,5,403195,3393340,506,0,6,-102.0
1810901,403455.0,3393220.0,15,270,3,3,2585.0,15.2,503,0,5,403250,3393275,508,0,6,-89.88
1810901,403455.0,3393220.0,15,270,3,3,2585.0,15.2,503,0,5,403440,3392985,506,102,7,-103.67
1810901,403455.0,3393220.0,15,270,3,3,2585.0,15.2,503,0,5,403425,3393090,506,0,6,-83.31
1810901,403455.0,3393220.0,15,270,3,3,2585.0,15.2,503,0,5,403275,3393260,508,0,11,-86.53
1810901,403455.0,3393220.0,15,270,3,3,2585.0,15.2,503,0,5,403255,3393280,508,0,5,-86.73
1810901,403455.0,3393220.0,15,270,3,3,2585.0,15.2,503,0,5,403345,3393170,507,42,12,-105.5
1810901,403455.0,3393220.0,15,270,3,3,2585.0,15.2,503,0,5,403455,3393000,506,102,7,-100.25
1810901,403455.0,3393220.0,15,270,3,3,2585.0,15.2,503,0,5,403085,3393430,507,0,5,-98.33
1810901,403455.0,3393220.0,15,270,3,3,2585.0,15.2,503,0,5,403165,3393350,505,0,6,-104.0
1810901,403455.0,3393220.0,15,270,3,3,2585.0,15.2,503,0,5,403565,3392950,505,0,5,-104.0
1810901,403455.0,3393220.0,15,270,3,3,2585.0,15.2,503,0,5,403090,3393435,507,0,5,-106.33
1810901,403455.0,3393220.0,15,270,3,3,2585.0,15.2,503,0,5,403205,3393230,508,0,5,-87.0
1810901,403455.0,3393220.0,15,270,3,3,2585.0,15.2,503,0,5,403400,3393105,506,0,6,-94.7
1810901,403455.0,3393220.0,15,270,3,3,2585.0,15.2,503,0,5,403125,3393310,505,0,5,-96.0
1810901,403455.0,3393220.0,15,270,3,3,2585.0,15.2,503,0,5,403355,3393180,506,0,5,-89.43
1810901,403455.0,3393220.0,15,270,3,3,2585.0,15.2,503,0,5,403485,3393030,505,0,5,-99.33
1810901,403455.0,3393220.0,15,270,3,3,2585.0,15.2,503,0,5,403490,3393035,505,0,10,-104.5
1810901,403455.0,3393220.0,15,270,3,3,2585.0,15.2,503,0,5,403270,3393255,508,0,11,-87.14
1810901,403455.0,3393220.0,15,270,3,3,2585.0,15.2,503,0,5,403260,3393245,508,0,5,-80.92
1810901,403455.0,3393220.0,15,270,3,3,2585.0,15.2,503,0,5,403495,3393040,505,0,10,-99.5
1810901,403455.0,3393220.0,15,270,3,3,2585.0,15.2,503,0,5,403330,3393195,507,0,5,-102.6
1810901,403455.0,3393220.0,15,270,3,3,2585.0,15.2,503,0,5,403325,3393190,507,0,5,-96.67
1810901,403455.0,3393220.0,15,270,3,3,2585.0,15.2,503,0,5,403080,3393425,507,0,5,-101.0
1810901,403455.0,3393220.0,15,270,3,3,2585.0,15.2,503,0,5,403525,3393300,504,0,5,-88.0
1810901,403455.0,3393220.0,15,270,3,3,2585.0,15.2,503,0,5,403520,3393295,504,0,5,-89.0
1810901,403455.0,3393220.0,15,270,3,3,2585.0,15.2,503,0,5,403125,3393235,506,81,5,-93.0
1810901,403455.0,3393220.0,15,270,3,3,2585.0,15.2,503,0,5,403245,3393355,507,0,5,-93.5
1810901,403455.0,3393220.0,15,270,3,3,2585.0,15.2,503,0,5,403215,3393305,507,0,7,-98.0
1810901,403455.0,3393220.0,15,270,3,3,2585.0,15.2,503,0,5,403275,3393325,507,0,5,-103.0
1810901,403455.0,3393220.0,15,270,3,3,2585.0,15.2,503,0,5,403270,3393330,507,0,6,-99.56
1810901,403455.0,3393220.0,15,270,3,3,2585.0,15.2,503,0,5,403230,3393290,508,0,5,-92.29
1810901,403455.0,3393220.0,15,270,3,3,2585.0,15.2,503,0,5,403315,3393365,507,33,5,-97.0
1810901,403455.0,3393220.0,15,270,3,3,2585.0,15.2,503,0,5,403200,3393320,507,0,6,-98.5
1810901,403455.0,3393220.0,15,270,3,3,2585.0,15.2,503,0,5,403265,3393335,507,0,6,-105.2
1810901,403455.0,3393220.0,15,270,3,3,2585.0,15.2,503,0,5,403180,3393260,507,0,5,-83.5
1810901,403455.0,3393220.0,15,270,3,3,2585.0,15.2,503,0,5,403175,3393265,507,0,5,-95.67
1810901,403455.0,3393220.0,15,270,3,3,2585.0,15.2,503,0,5,403235,3393285,508,0,5,-89.33
1810901,403455.0,3393220.0,15,270,3,3,2585.0,15.2,503,0,5,403195,3393245,508,0,6,-93.67
1810901,403455.0,3393220.0,15,270,3,3,2585.0,15.2,503,0,5,403225,3393295,507,0,7,-90.0
1810901,403455.0,3393220.0,15,270,3,3,2585.0,15.2,503,0,5,403190,3393250,507,0,6,-84.5
1810901,403455.0,3393220.0,15,270,3,3,2585.0,15.2,503,0,5,403165,3393275,506,0,5,-89.0
1810901,403455.0,3393220.0,15,270,3,3,2585.0,15.2,503,0,5,403260,3393340,507,0,6,-95.0
1810901,403455.0,3393220.0,15,270,3,3,2585.0,15.2,503,0,5,403185,3393255,507,0,5,-103.67
1810901,403455.0,3393220.0,15,270,3,3,2585.0,15.2,503,0,5,403300,3393300,507,0,5,-93.25
1810901,403455.0,3393220.0,15,270,3,3,2585.0,15.2,503,0,5,403280,3393320,507,0,7,-85.0
1810901,403455.0,3393220.0,15,270,3,3,2585.0,15.2,503,0,5,403325,3393355,506,33,5,-98.25
1810901,403455.0,3393220.0,15,270,3,3,2585.0,15.2,503,0,5,403310,3393290,507,0,11,-84.69
1810901,403455.0,3393220.0,15,270,3,3,2585.0,15.2,503,0,5,403355,3393325,506,0,6,-96.64
1810901,403455.0,3393220.0,15,270,3,3,2585.0,15.2,503,0,5,403320,3393360,506,33,5,-101.33
1810901,403455.0,3393220.0,15,270,3,3,2585.0,15.2,503,0,5,403305,3393295,507,0,11,-80.0
1810901,403455.0,3393220.0,15,270,3,3,2585.0,15.2,503,0,5,403290,3393310,507,0,7,-89.7
1810901,403455.0,3393220.0,15,270,3,3,2585.0,15.2,503,0,5,403100,3393260,506,0,10,-95.0
1810901,403455.0,3393220.0,15,270,3,3,2585.0,15.2,503,0,5,403350,3393330,506,0,6,-97.75
1810901,403455.0,3393220.0,15,270,3,3,2585.0,15.2,503,0,5,403105,3393255,506,0,10,-108.6
1810901,403455.0,3393220.0,15,270,3,3,2585.0,15.2,503,0,5,403285,3393315,507,0,7,-87.67
1810901,403455.0,3393220.0,15,270,3,3,2585.0,15.2,503,0,5,403345,3393335,506,0,6,-96.89
1810901,403455.0,3393220.0,15,270,3,3,2585.0,15.2,503,0,5,403295,3393305,507,0,5,-95.29
1810901,403455.0,3393220.0,15,270,3,3,2585.0,15.2,503,0,5,403330,3393350,506,33,5,-97.17
1810901,403455.0,3393220.0,15,270,3,3,2585.0,15.2,503,0,5,403315,3393285,507,0,11,-83.08
1810901,403455.0,3393220.0,15,270,3,3,2585.0,15.2,503,0,5,403455,3393240,503,0,6,-73.0
1810901,403455.0,3393220.0,15,270,3,3,2585.0,15.2,503,0,5,403365,3393150,507,0,5,-88.5
1810901,403455.0,3393220.0,15,270,3,3,2585.0,15.2,503,0,5,403375,3393160,506,42,5,-96.88
1810901,403455.0,3393220.0,15,270,3,3,2585.0,15.2,503,0,5,403505,3393250,503,0,5,-84.55
1810901,403455.0,3393220.0,15,270,3,3,2585.0,15.2,503,0,5,403385,3393130,506,0,12,-98.17
1810901,403455.0,3393220.0,15,270,3,3,2585.0,15.2,503,0,5,403420,3393165,505,42,6,-95.11
1810901,403455.0,3393220.0,15,270,3,3,2585.0,15.2,503,0,5,403425,3393170,505,42,6,-96.92
1810901,403455.0,3393220.0,15,270,3,3,2585.0,15.2,503,0,5,403445,3393230,503,0,6,-80.33
1810901,403455.0,3393220.0,15,270,3,3,2585.0,15.2,503,0,5,403435,3393180,504,0,6,-95.61
1810901,403455.0,3393220.0,15,270,3,3,2585.0,15.2,503,0,5,403410,3393195,505,0,5,-93.2
1810901,403455.0,3393220.0,15,270,3,3,2585.0,15.2,503,0,5,403415,3393200,504,0,5,-85.57
1810901,403455.0,3393220.0,15,270,3,3,2585.0,15.2,503,0,5,403405,3393190,505,0,6,-82.38
1810901,403455.0,3393220.0,15,270,3,3,2585.0,15.2,503,0,5,403400,3393185,505,0,5,-94.0
1810901,403455.0,3393220.0,15,270,3,3,2585.0,15.2,503,0,5,403070,3393455,508,6,5,-109.5
1810901,403455.0,3393220.0,15,270,3,3,2585.0,15.2,503,0,5,403475,3393220,503,0,5,-81.46
1810901,403455.0,3393220.0,15,270,3,3,2585.0,15.2,503,0,5,403440,3393225,504,0,6,-80.0
1810901,403455.0,3393220.0,15,270,3,3,2585.0,15.2,503,0,5,403515,3393260,503,0,5,-91.14
1810901,403455.0,3393220.0,15,270,3,3,2585.0,15.2,503,0,5,403510,3393255,503,0,5,-87.24
1810901,403455.0,3393220.0,15,270,3,3,2585.0,15.2,503,0,5,403395,3393140,506,0,6,-99.56
1810901,403455.0,3393220.0,15,270,3,3,2585.0,15.2,503,0,5,403460,3393205,503,0,5,-84.68
1810901,403455.0,3393220.0,15,270,3,3,2585.0,15.2,503,0,5,403430,3393175,504,0,6,-96.28
1810901,403455.0,3393220.0,15,270,3,3,2585.0,15.2,503,0,5,403380,3393125,507,0,12,-116.15
1810901,403455.0,3393220.0,15,270,3,3,2585.0,15.2,503,0,5,403390,3393135,506,0,5,-102.22
1810901,403455.0,3393220.0,15,270,3,3,2585.0,15.2,503,0,5,403480,3393265,503,0,5,-77.0
1810901,403455.0,3393220.0,15,270,3,3,2585.0,15.2,503,0,5,403500,3393245,503,0,5,-84.44
1810901,403455.0,3393220.0,15,270,3,3,2585.0,15.2,503,0,5,403470,3393215,503,0,5,-83.49
1810901,403455.0,3393220.0,15,270,3,3,2585.0,15.2,503,0,5,403465,3393210,503,0,5,-84.83
1810901,403455.0,3393220.0,15,270,3,3,2585.0,15.2,503,0,5,403360,3393145,507,0,12,-94.43
1810901,403455.0,3393220.0,15,270,3,3,2585.0,15.2,503,0,5,403450,3393235,503,0,6,-76.2
1810901,403455.0,3393220.0,15,270,3,3,2585.0,15.2,503,0,5,403485,3393270,504,0,5,-84.5
1810901,403455.0,3393220.0,15,270,3,3,2585.0,15.2,503,0,5,403495,3393280,504,0,5,-89.75
1810901,403455.0,3393220.0,15,270,3,3,2585.0,15.2,503,0,5,403370,3393155,506,42,5,-92.67
1810901,403455.0,3393220.0,15,270,3,3,2585.0,15.2,503,0,5,403065,3393450,508,0,5,-112.5
1810901,403455.0,3393220.0,15,270,3,3,2585.0,15.2,503,0,5,403335,3393120,507,24,5,-87.0
1810901,403455.0,3393220.0,15,270,3,3,2585.0,15.2,503,0,5,403490,3393275,504,0,5,-91.33
1810901,403455.0,3393220.0,15,270,3,3,2585.0,15.2,503,0,5,403375,3392950,506,0,5,-97.0
1810901,403455.0,3393220.0,15,270,3,3,2585.0,15.2,503,0,5,403550,3393085,505,0,6,-109.5
1810901,403455.0,3393220.0,15,270,3,3,2585.0,15.2,503,0,5,403360,3392955,506,0,7,-100.5
1810901,403455.0,3393220.0,15,270,3,3,2585.0,15.2,503,0,5,403365,3392960,506,0,7,-99.5
1810901,403455.0,3393220.0,15,270,3,3,2585.0,15.2,503,0,5,403525,3393120,504,0,13,-111.5
1810901,403455.0,3393220.0,15,270,3,3,2585.0,15.2,503,0,5,403380,3392935,506,0,5,-109.0
1810901,403455.0,3393220.0,15,270,3,3,2585.0,15.2,503,0,5,403400,3392915,506,102,5,-107.25
1810901,403455.0,3393220.0,15,270,3,3,2585.0,15.2,503,0,5,403370,3392945,506,0,7,-96.5
1810901,403455.0,3393220.0,15,270,3,3,2585.0,15.2,503,0,5,403415,3393210,504,0,11,-86.9
1810901,403455.0,3393220.0,15,270,3,3,2585.0,15.2,503,0,5,403490,3393125,503,0,5,-102.5
1810901,403455.0,3393220.0,15,270,3,3,2585.0,15.2,503,0,5,403505,3393160,503,6,5,-103.4
1810901,403455.0,3393220.0,15,270,3,3,2585.0,15.2,503,0,5,403405,3393220,504,0,11,-85.29
1810901,403455.0,3393220.0,15,270,3,3,2585.0,15.2,503,0,5,403420,3393235,504,0,11,-93.26
1810901,403455.0,3393220.0,15,270,3,3,2585.0,15.2,503,0,5,403425,3393240,504,0,11,-89.1
1810901,403455.0,3393220.0,15,270,3,3,2585.0,15.2,503,0,5,403390,3393265,504,0,7,-82.31
1810901,403455.0,3393220.0,15,270,3,3,2585.0,15.2,503,0,5,403435,3393230,504,0,5,-82.71
1810901,403455.0,3393220.0,15,270,3,3,2585.0,15.2,503,0,5,403450,3393165,504,0,5,-90.17
1810901,403455.0,3393220.0,15,270,3,3,2585.0,15.2,503,0,5,403500,3393155,503,6,7,-90.75
1810901,403455.0,3393220.0,15,270,3,3,2585.0,15.2,503,0,5,403445,3393180,504,0,5,-92.64
1810901,403455.0,3393220.0,15,270,3,3,2585.0,15.2,503,0,5,403440,3393175,504,0,5,-95.79
1810901,403455.0,3393220.0,15,270,3,3,2585.0,15.2,503,0,5,403410,3393205,504,0,5,-92.67
1810901,403455.0,3393220.0,15,270,3,3,2585.0,15.2,503,0,5,403470,3393185,503,0,7,-89.91
1810901,403455.0,3393220.0,15,270,3,3,2585.0,15.2,503,0,5,403370,3393245,505,0,7,-82.53
1810901,403455.0,3393220.0,15,270,3,3,2585.0,15.2,503,0,5,403385,3393280,504,0,11,-85.44
1810901,403455.0,3393220.0,15,270,3,3,2585.0,15.2,503,0,5,403360,3393255,505,0,7,-81.94
1810901,403455.0,3393220.0,15,270,3,3,2585.0,15.2,503,0,5,403355,3392990,505,0,7,-101.0
1810901,403455.0,3393220.0,15,270,3,3,2585.0,15.2,503,0,5,403465,3393200,503,0,5,-87.26
1810901,403455.0,3393220.0,15,270,3,3,2585.0,15.2,503,0,5,403035,3393310,508,0,5,-102.0
1810901,403455.0,3393220.0,15,270,3,3,2585.0,15.2,503,0,5,403000,3393295,508,0,13,-86.67
1810901,403455.0,3393220.0,15,270,3,3,2585.0,15.2,503,0,5,403430,3393225,504,0,5,-81.06
1810901,403455.0,3393220.0,15,270,3,3,2585.0,15.2,503,0,5,403195,3393470,506,0,6,-97.5
1810901,403455.0,3393220.0,15,270,3,3,2585.0,15.2,503,0,5,403460,3393195,503,0,5,-87.31
1810901,403455.0,3393220.0,15,270,3,3,2585.0,15.2,503,0,5,403475,3393190,503,0,7,-87.33
1810901,403455.0,3393220.0,15,270,3,3,2585.0,15.2,503,0,5,403380,3393275,505,0,5,-83.13
1810901,403455.0,3393220.0,15,270,3,3,2585.0,15.2,503,0,5,403365,3393260,505,0,7,-85.03
1810901,403455.0,3393220.0,15,270,3,3,2585.0,15.2,503,0,5,403395,3393270,504,0,5,-81.21
1810901,403455.0,3393220.0,15,270,3,3,2585.0,15.2,503,0,5,403130,3393485,505,0,5,-104.0
1810901,403455.0,3393220.0,15,270,3,3,2585.0,15.2,503,0,5,403400,3393215,505,0,5,-85.9
1810901,403455.0,3393220.0,15,270,3,3,2585.0,15.2,503,0,5,403375,3393250,505,0,7,-82.59
1810901,403455.0,3393220.0,15,270,3,3,2585.0,15.2,503,0,5,403455,3393170,504,0,5,-92.61
1810901,403455.0,3393220.0,15,270,3,3,2585.0,15.2,503,0,5,403430,3392950,506,102,5,-106.0
1810901,403455.0,3393220.0,15,270,3,3,2585.0,15.2,503,0,5,403370,3392890,506,0,7,-102.33
1810901,403455.0,3393220.0,15,270,3,3,2585.0,15.2,503,0,5,403375,3392885,506,0,7,-106.5
1810901,403455.0,3393220.0,15,270,3,3,2585.0,15.2,503,0,5,403435,3392945,506,102,5,-108.33
1810901,403455.0,3393220.0,15,270,3,3,2585.0,15.2,503,0,5,403410,3392930,506,102,10,-106.5
1810901,403455.0,3393220.0,15,270,3,3,2585.0,15.2,503,0,5,403425,3392955,506,102,5,-99.0
1810901,403455.0,3393220.0,15,270,3,3,2585.0,15.2,503,0,5,403420,3392960,506,102,10,-107.0
1810901,403455.0,3393220.0,15,270,3,3,2585.0,15.2,503,0,5,403395,3392905,506,0,5,-107.0
1810901,403455.0,3393220.0,15,270,3,3,2585.0,15.2,503,0,5,403415,3392925,506,102,10,-111.33
1810901,403455.0,3393220.0,15,270,3,3,2585.0,15.2,503,0,5,403385,3392915,506,0,10,-106.0
1810901,403455.0,3393220.0,15,270,3,3,2585.0,15.2,503,0,5,403405,3392935,506,0,5,-110.5
1810901,403455.0,3393220.0,15,270,3,3,2585.0,15.2,503,0,5,403400,3392940,506,0,5,-112.5
1810901,403455.0,3393220.0,15,270,3,3,2585.0,15.2,503,0,5,403330,3393180,507,0,5,-93.17
1810901,403455.0,3393220.0,15,270,3,3,2585.0,15.2,503,0,5,403365,3393045,506,0,6,-99.0
1810901,403455.0,3393220.0,15,270,3,3,2585.0,15.2,503,0,5,403495,3393015,506,0,7,-104.0
1810901,403455.0,3393220.0,15,270,3,3,2585.0,15.2,503,0,5,403500,3393030,505,0,5,-98.5
1810901,403455.0,3393220.0,15,270,3,3,2585.0,15.2,503,0,5,403085,3393405,507,0,5,-98.89
1810901,403455.0,3393220.0,15,270,3,3,2585.0,15.2,503,0,5,403520,3392890,505,0,5,-110.0
1810901,403455.0,3393220.0,15,270,3,3,2585.0,15.2,503,0,5,403465,3392985,507,0,7,-106.0
1810901,403455.0,3393220.0,15,270,3,3,2585.0,15.2,503,0,5,403335,3393175,507,42,12,-96.0
1810901,403455.0,3393220.0,15,270,3,3,2585.0,15.2,503,0,5,403450,3392980,506,102,7,-105.0
1810901,403455.0,3393220.0,15,270,3,3,2585.0,15.2,503,0,5,403100,3393430,507,0,5,-102.0
1810901,403455.0,3393220.0,15,270,3,3,2585.0,15.2,503,0,5,403170,3393340,505,0,6,-96.0
1810901,403455.0,3393220.0,15,270,3,3,2585.0,15.2,503,0,5,403425,3393105,505,0,5,-86.12
1810901,403455.0,3393220.0,15,270,3,3,2585.0,15.2,503,0,5,403240,3393250,508,0,5,-83.0
1810901,403455.0,3393220.0,15,270,3,3,2585.0,15.2,503,0,5,403255,3393255,508,0,6,-80.85
1810901,403455.0,3393220.0,15,270,3,3,2585.0,15.2,503,0,5,403395,3393075,507,0,5,-93.06
1810901,403455.0,3393220.0,15,270,3,3,2585.0,15.2,503,0,5,403485,3393005,506,0,7,-104.0
1810901,403455.0,3393220.0,15,270,3,3,2585.0,15.2,503,0,5,403245,3393245,508,0,5,-83.15
1810901,403455.0,3393220.0,15,270,3,3,2585.0,15.2,503,0,5,403375,3393055,507,24,6,-91.5
1810901,403455.0,3393220.0,15,270,3,3,2585.0,15.2,503,0,5,403470,3393000,507,102,7,-103.5
1810901,403455.0,3393220.0,15,270,3,3,2585.0,15.2,503,0,5,403185,3393345,506,0,6,-100.54
1810901,403455.0,3393220.0,15,270,3,3,2585.0,15.2,503,0,5,403175,3393335,506,0,6,-100.0
1810901,403455.0,3393220.0,15,270,3,3,2585.0,15.2,503,0,5,403400,3393090,506,0,6,-92.33
1810901,403455.0,3393220.0,15,270,3,3,2585.0,15.2,503,0,5,403180,3393350,506,0,6,-99.0
1810901,403455.0,3393220.0,15,270,3,3,2585.0,15.2,503,0,5,403350,3393200,506,0,5,-99.47
1810901,403455.0,3393220.0,15,270,3,3,2585.0,15.2,503,0,5,403260,3393270,508,0,5,-86.27
1810901,403455.0,3393220.0,15,270,3,3,2585.0,15.2,503,0,5,403420,3393110,505,0,5,-86.12
1810901,403455.0,3393220.0,15,270,3,3,2585.0,15.2,503,0,5,403355,3393195,506,0,6,-100.7
1810901,403455.0,3393220.0,15,270,3,3,2585.0,15.2,503,0,5,403430,3393120,505,0,5,-88.19
1810901,403455.0,3393220.0,15,270,3,3,2585.0,15.2,503,0,5,403270,3393280,508,0,5,-85.55
1810901,403455.0,3393220.0,15,270,3,3,2585.0,15.2,503,0,5,403405,3393085,506,0,6,-92.71
1810901,403455.0,3393220.0,15,270,3,3,2585.0,15.2,503,0,5,403385,3393065,507,0,5,-102.8
1810901,403455.0,3393220.0,15,270,3,3,2585.0,15.2,503,0,5,403490,3393020,506,0,7,-105.38
1810901,403455.0,3393220.0,15,270,3,3,2585.0,15.2,503,0,5,403190,3393360,506,0,6,-103.38
1810901,403455.0,3393220.0,15,270,3,3,2585.0,15.2,503,0,5,403195,3393355,506,0,6,-106.1
1810901,403455.0,3393220.0,15,270,3,3,2585.0,15.2,503,0,5,403410,3393100,506,0,5,-89.67
1810901,403455.0,3393220.0,15,270,3,3,2585.0,15.2,503,0,5,403120,3393290,505,0,10,-90.0
1810901,403455.0,3393220.0,15,270,3,3,2585.0,15.2,503,0,5,403415,3393095,506,0,6,-87.68
1810901,403455.0,3393220.0,15,270,3,3,2585.0,15.2,503,0,5,403250,3393260,508,0,5,-86.58
1810901,403455.0,3393220.0,15,270,3,3,2585.0,15.2,503,0,5,403080,3393410,507,0,5,-92.56
1810901,403455.0,3393220.0,15,270,3,3,2585.0,15.2,503,0,5,403435,3393115,505,0,5,-83.07
1810901,403455.0,3393220.0,15,270,3,3,2585.0,15.2,503,0,5,403095,3393415,507,0,5,-98.0
1810901,403455.0,3393220.0,15,270,3,3,2585.0,15.2,503,0,5,403345,3393185,507,0,5,-90.75
1810901,403455.0,3393220.0,15,270,3,3,2585.0,15.2,503,0,5,403275,3393275,508,0,5,-87.6
1810901,403455.0,3393220.0,15,270,3,3,2585.0,15.2,503,0,5,403265,3393265,508,0,11,-90.64
1810901,403455.0,3393220.0,15,270,3,3,2585.0,15.2,503,0,5,403390,3393080,507,0,6,-96.0
1810901,403455.0,3393220.0,15,270,3,3,2585.0,15.2,503,0,5,403480,3393010,506,0,7,-104.67
1810901,403455.0,3393220.0,15,270,3,3,2585.0,15.2,503,0,5,403440,3392970,506,0,7,-110.4
1810901,403455.0,3393220.0,15,270,3,3,2585.0,15.2,503,0,5,403380,3393070,507,24,6,-91.75
1810901,403455.0,3393220.0,15,270,3,3,2585.0,15.2,503,0,5,403340,3393190,507,0,5,-103.5
1810901,403455.0,3393220.0,15,270,3,3,2585.0,15.2,503,0,5,403585,3393460,506,0,7,-101.0
1810901,403455.0,3393220.0,15,270,3,3,2585.0,15.2,503,0,5,403330,3393410,506,0,12,-89.0
1810901,403455.0,3393220.0,15,270,3,3,2585.0,15.2,503,0,5,403225,3393315,507,0,7,-101.0
1810901,403455.0,3393220.0,15,270,3,3,2585.0,15.2,503,0,5,403255,3393325,507,0,5,-98.0
1810901,403455.0,3393220.0,15,270,3,3,2585.0,15.2,503,0,5,403180,3393280,507,0,5,-98.0
1810901,403455.0,3393220.0,15,270,3,3,2585.0,15.2,503,0,5,403230,3393310,507,0,7,-110.5
1810901,403455.0,3393220.0,15,270,3,3,2585.0,15.2,503,0,5,403215,3393285,508,0,7,-91.0
1810901,403455.0,3393220.0,15,270,3,3,2585.0,15.2,503,0,5,403155,3393225,507,0,5,-102.0
1810901,403455.0,3393220.0,15,270,3,3,2585.0,15.2,503,0,5,403210,3393290,507,0,7,-91.4
1810901,403455.0,3393220.0,15,270,3,3,2585.0,15.2,503,0,5,403145,3393235,507,0,5,-98.0
1810901,403455.0,3393220.0,15,270,3,3,2585.0,15.2,503,0,5,403205,3393295,507,0,5,-94.5
1810901,403455.0,3393220.0,15,270,3,3,2585.0,15.2,503,0,5,403355,3393425,507,0,5,-104.0
1810901,403455.0,3393220.0,15,270,3,3,2585.0,15.2,503,0,5,403175,3393245,507,0,5,-89.5
1810901,403455.0,3393220.0,15,270,3,3,2585.0,15.2,503,0,5,403100,3393450,507,0,5,-109.0
1810901,403455.0,3393220.0,15,270,3,3,2585.0,15.2,503,0,5,403415,3393155,505,42,6,-95.0
1810901,403455.0,3393220.0,15,270,3,3,2585.0,15.2,503,0,5,403390,3393180,506,0,5,-95.87
1810901,403455.0,3393220.0,15,270,3,3,2585.0,15.2,503,0,5,403460,3393250,503,0,6,-73.25
1810901,403455.0,3393220.0,15,270,3,3,2585.0,15.2,503,0,5,403455,3393275,504,0,5,-75.09
1810901,403455.0,3393220.0,15,270,3,3,2585.0,15.2,503,0,5,403105,3393445,506,0,5,-113.0
1810901,403455.0,3393220.0,15,270,3,3,2585.0,15.2,503,0,5,403470,3393260,503,0,6,-78.69
1810901,403455.0,3393220.0,15,270,3,3,2585.0,15.2,503,0,5,403400,3393150,506,0,6,-96.0
1810901,403455.0,3393220.0,15,270,3,3,2585.0,15.2,503,0,5,403475,3393255,503,0,5,-77.78
1810901,403455.0,3393220.0,15,270,3,3,2585.0,15.2,503,0,5,403405,3393145,506,0,6,-92.57
1810901,403455.0,3393220.0,15,270,3,3,2585.0,15.2,503,0,5,403435,3393135,505,0,5,-87.48
1810901,403455.0,3393220.0,15,270,3,3,2585.0,15.2,503,0,5,403440,3393270,504,0,5,-86.98
1810901,403455.0,3393220.0,15,270,3,3,2585.0,15.2,503,0,5,403420,3393130,505,0,5,-83.83
1810901,403455.0,3393220.0,15,270,3,3,2585.0,15.2,503,0,5,403370,3393200,506,0,5,-100.91
1810901,403455.0,3393220.0,15,270,3,3,2585.0,15.2,503,0,5,403445,3393265,504,0,5,-77.63
1810901,403455.0,3393220.0,15,270,3,3,2585.0,15.2,503,0,5,403375,3393195,506,0,6,-89.0
1810901,403455.0,3393220.0,15,270,3,3,2585.0,15.2,503,0,5,403485,3393225,503,0,5,-83.17
1810901,403455.0,3393220.0,15,270,3,3,2585.0,15.2,503,0,5,403365,3393185,506,0,5,-93.14
1810901,403455.0,3393220.0,15,270,3,3,2585.0,15.2,503,0,5,403480,3393230,503,0,5,-81.9
1810901,403455.0,3393220.0,15,270,3,3,2585.0,15.2,503,0,5,403395,3393175,505,0,12,-88.91
1810901,403455.0,3393220.0,15,270,3,3,2585.0,15.2,503,0,5,403430,3393140,505,0,5,-86.36
1810901,403455.0,3393220.0,15,270,3,3,2585.0,15.2,503,0,5,403425,3393125,505,0,5,-84.73
1810901,403455.0,3393220.0,15,270,3,3,2585.0,15.2,503,0,5,403380,3393170,506,0,12,-90.5
1810901,403455.0,3393220.0,15,270,3,3,2585.0,15.2,503,0,5,403465,3393245,503,0,6,-74.68
1810901,403455.0,3393220.0,15,270,3,3,2585.0,15.2,503,0,5,403495,3393235,503,0,5,-85.57
1810901,403455.0,3393220.0,15,270,3,3,2585.0,15.2,503,0,5,403490,3393240,503,0,5,-83.78
1810901,403455.0,3393220.0,15,270,3,3,2585.0,15.2,503,0,5,403080,3393470,507,0,5,-106.0
1810901,403455.0,3393220.0,15,270,3,3,2585.0,15.2,503,0,5,403450,3393280,504,0,5,-83.4
1810901,403455.0,3393220.0,15,270,3,3,2585.0,15.2,503,0,5,403385,3393165,506,0,5,-93.0
1810901,403455.0,3393220.0,15,270,3,3,2585.0,15.2,503,0,5,403360,3393190,506,0,5,-100.18
1810901,403455.0,3393220.0,15,270,3,3,2585.0,15.2,503,0,5,403410,3393160,505,42,6,-106.25
1810901,403455.0,3393220.0,15,270,3,3,2585.0,15.2,503,0,5,403495,3393310,504,0,6,-98.6
1810901,403455.0,3393220.0,15,270,3,3,2585.0,15.2,503,0,5,403500,3393295,504,0,5,-87.38
1810901,403455.0,3393220.0,15,270,3,3,2585.0,15.2,503,0,5,403450,3393345,505,0,7,-104.0
1810901,403455.0,3393220.0,15,270,3,3,2585.0,15.2,503,0,5,403505,3393300,504,0,5,-90.43
1810901,403455.0,3393220.0,15,270,3,3,2585.0,15.2,503,0,5,403510,3393285,504,0,5,-90.0
1810901,403455.0,3393220.0,15,270,3,3,2585.0,15.2,503,0,5,403260,3393535,506,0,12,-96.5
1810901,403455.0,3393220.0,15,270,3,3,2585.0,15.2,503,0,5,403485,3393320,505,0,6,-88.5
1810901,403455.0,3393220.0,15,270,3,3,2585.0,15.2,503,0,5,403465,3393340,505,0,7,-102.62
1810901,403455.0,3393220.0,15,270,3,3,2585.0,15.2,503,0,5,403490,3393305,504,0,6,-85.0
1810901,403455.0,3393220.0,15,270,3,3,2585.0,15.2,503,0,5,403515,3393290,504,0,5,-90.0
1810901,403455.0,3393220.0,15,270,3,3,2585.0,15.2,503,0,5,403455,3393350,505,0,7,-98.2
1810901,403455.0,3393220.0,15,270,3,3,2585.0,15.2,503,0,5,403275,3393220,508,0,5,-94.0
1810901,403455.0,3393220.0,15,270,3,3,2585.0,15.2,503,0,5,403425,3393050,506,0,5,-94.33
1810901,403455.0,3393220.0,15,270,3,3,2585.0,15.2,503,0,5,403245,3393230,508,6,5,-82.67
1810901,403455.0,3393220.0,15,270,3,3,2585.0,15.2,503,0,5,403315,3393180,508,0,12,-99.5
1810901,403455.0,3393220.0,15,270,3,3,2585.0,15.2,503,0,5,403150,3393335,505,33,6,-102.0
1810901,403455.0,3393220.0,15,270,3,3,2585.0,15.2,503,0,5,403305,3393170,508,0,5,-110.86
1810901,403455.0,3393220.0,15,270,3,3,2585.0,15.2,503,0,5,403420,3393045,506,0,5,-102.0
1810901,403455.0,3393220.0,15,270,3,3,2585.0,15.2,503,0,5,403075,3393420,507,0,5,-95.67
1810901,403455.0,3393220.0,15,270,3,3,2585.0,15.2,503,0,5,403480,3392985,507,0,2,-106.5
1810901,403455.0,3393220.0,15,270,3,3,2585.0,15.2,503,0,5,403375,3393120,507,0,12,-114.0
1810901,403455.0,3393220.0,15,270,3,3,2585.0,15.2,503,0,5,403345,3393130,507,0,5,-107.0
1810901,403455.0,3393220.0,15,270,3,3,2585.0,15.2,503,0,5,403385,3393090,507,24,6,-100.0
1810901,403455.0,3393220.0,15,270,3,3,2585.0,15.2,503,0,5,403205,3393270,507,0,5,-102.6
1810901,403455.0,3393220.0,15,270,3,3,2585.0,15.2,503,0,5,403360,3393105,507,0,5,-109.5
1810901,403455.0,3393220.0,15,270,3,3,2585.0,15.2,503,0,5,403255,3393240,508,0,5,-78.86
1810901,403455.0,3393220.0,15,270,3,3,2585.0,15.2,503,0,5,403490,3392995,506,102,2,-98.5
1810901,403455.0,3393220.0,15,270,3,3,2585.0,15.2,503,0,5,403215,3393280,508,0,7,-88.0
1810901,403455.0,3393220.0,15,270,3,3,2585.0,15.2,503,0,5,403535,3392960,506,0,10,-103.43
1810901,403455.0,3393220.0,15,270,3,3,2585.0,15.2,503,0,5,403440,3393025,506,0,5,-97.25
1810901,403455.0,3393220.0,15,270,3,3,2585.0,15.2,503,0,5,403190,3393295,507,0,6,-94.83
1810901,403455.0,3393220.0,15,270,3,3,2585.0,15.2,503,0,5,403235,3393260,508,0,12,-87.83
1810901,403455.0,3393220.0,15,270,3,3,2585.0,15.2,503,0,5,403410,3393075,506,0,5,-92.5
1810901,403455.0,3393220.0,15,270,3,3,2585.0,15.2,503,0,5,403230,3393255,508,0,12,-84.0
1810901,403455.0,3393220.0,15,270,3,3,2585.0,15.2,503,0,5,403085,3393390,507,0,5,-104.0
1810901,403455.0,3393220.0,15,270,3,3,2585.0,15.2,503,0,5,403195,3393300,507,0,6,-90.5
1810901,403455.0,3393220.0,15,270,3,3,2585.0,15.2,503,0,5,403095,3393400,507,0,5,-95.5
1810901,403455.0,3393220.0,15,270,3,3,2585.0,15.2,503,0,5,403445,3393030,506,0,5,-96.85
1810901,403455.0,3393220.0,15,270,3,3,2585.0,15.2,503,0,5,403405,3393070,506,0,7,-92.03
1810901,403455.0,3393220.0,15,270,3,3,2585.0,15.2,503,0,5,403415,3393080,506,0,5,-89.18
1810901,403455.0,3393220.0,15,270,3,3,2585.0,15.2,503,0,5,403400,3393065,506,0,7,-96.04
1810901,403455.0,3393220.0,15,270,3,3,2585.0,15.2,503,0,5,403180,3393285,507,0,5,-93.83
1810901,403455.0,3393220.0,15,270,3,3,2585.0,15.2,503,0,5,403080,3393385,507,0,5,-102.8
1810901,403455.0,3393220.0,15,270,3,3,2585.0,15.2,503,0,5,403465,3393010,506,0,7,-101.67
1810901,403455.0,3393220.0,15,270,3,3,2585.0,15.2,503,0,5,403455,3393040,505,0,5,-98.0
1810901,403455.0,3393220.0,15,270,3,3,2585.0,15.2,503,0,5,403370,3393115,507,24,12,-108.25
1810901,403455.0,3393220.0,15,270,3,3,2585.0,15.2,503,0,5,403450,3393035,506,0,10,-94.0
1810901,403455.0,3393220.0,15,270,3,3,2585.0,15.2,503,0,5,403475,3393020,506,0,7,-94.67
1810901,403455.0,3393220.0,15,270,3,3,2585.0,15.2,503,0,5,403395,3393100,506,24,6,-95.25
1810901,403455.0,3393220.0,15,270,3,3,2585.0,15.2,503,0,5,403135,3393360,505,0,5,-105.0
1810901,403455.0,3393220.0,15,270,3,3,2585.0,15.2,503,0,5,403125,3393350,504,0,6,-98.4
1810901,403455.0,3393220.0,15,270,3,3,2585.0,15.2,503,0,5,403175,3393320,506,0,5,-101.0
1810901,403455.0,3393220.0,15,270,3,3,2585.0,15.2,503,0,5,403515,3392980,506,0,7,-116.0
1810901,403455.0,3393220.0,15,270,3,3,2585.0,15.2,503,0,5,403295,3393200,508,0,6,-100.88
1810901,403455.0,3393220.0,15,270,3,3,2585.0,15.2,503,0,5,403065,3393410,507,0,5,-97.83
1810901,403455.0,3393220.0,15,270,3,3,2585.0,15.2,503,0,5,403365,3393110,507,0,12,-116.5
1810901,403455.0,3393220.0,15,270,3,3,2585.0,15.2,503,0,5,403250,3393235,508,6,5,-86.29
1810901,403455.0,3393220.0,15,270,3,3,2585.0,15.2,503,0,5,403355,3393140,507,0,12,-110.25
1810901,403455.0,3393220.0,15,270,3,3,2585.0,15.2,503,0,5,403155,3393340,505,33,6,-105.33
1810901,403455.0,3393220.0,15,270,3,3,2585.0,15.2,503,0,5,403430,3393055,506,0,5,-92.75
1810901,403455.0,3393220.0,15,270,3,3,2585.0,15.2,503,0,5,403460,3393005,506,0,7,-91.5
1810901,403455.0,3393220.0,15,270,3,3,2585.0,15.2,503,0,5,403390,3393095,507,24,6,-98.5
1810901,403455.0,3393220.0,15,270,3,3,2585.0,15.2,503,0,5,403470,3393015,506,0,7,-99.0
1810901,403455.0,3393220.0,15,270,3,3,2585.0,15.2,503,0,5,403265,3393210,508,42,5,-104.0
1810901,403455.0,3393220.0,15,270,3,3,2585.0,15.2,503,0,5,403290,3393195,508,0,5,-104.75
1810901,403455.0,3393220.0,15,270,3,3,2585.0,15.2,503,0,5,403675,3392820,505,0,5,-112.0
1810901,403455.0,3393220.0,15,270,3,3,2585.0,15.2,503,0,5,403530,3392955,506,0,5,-103.4
1810901,403455.0,3393220.0,15,270,3,3,2585.0,15.2,503,0,5,403310,3393175,508,42,12,-108.67
1810901,403455.0,3393220.0,15,270,3,3,2585.0,15.2,503,0,5,403300,3393165,508,0,5,-110.33
1810901,403455.0,3393220.0,15,270,3,3,2585.0,15.2,503,0,5,403320,3392950,506,0,6,-92.5
1810901,403455.0,3393220.0,15,270,3,3,2585.0,15.2,503,0,5,403325,3392945,506,0,6,-101.5
1810901,403455.0,3393220.0,15,270,3,3,2585.0,15.2,503,0,5,403330,3392960,506,0,6,-111.0
1810901,403455.0,3393220.0,15,270,3,3,2585.0,15.2,503,0,5,403345,3392925,506,0,7,-99.13
1810901,403455.0,3393220.0,15,270,3,3,2585.0,15.2,503,0,5,403355,3392935,506,0,7,-95.0
1810901,403455.0,3393220.0,15,270,3,3,2585.0,15.2,503,0,5,403335,3392955,506,0,5,-104.0
1810901,403455.0,3393220.0,15,270,3,3,2585.0,15.2,503,0,5,403610,3393240,505,0,7,-94.5
1810901,403455.0,3393220.0,15,270,3,3,2585.0,15.2,503,0,5,403350,3392940,506,0,7,-102.09
1810901,403455.0,3393220.0,15,270,3,3,2585.0,15.2,503,0,5,403340,3392930,506,0,7,-97.0
1810901,403455.0,3393220.0,15,270,3,3,2585.0,15.2,503,0,5,403345,3393155,507,42,5,-87.0
1810901,403455.0,3393220.0,15,270,3,3,2585.0,15.2,503,0,5,403370,3393090,507,24,6,-105.33
1810901,403455.0,3393220.0,15,270,3,3,2585.0,15.2,503,0,5,403270,3393230,508,0,5,-84.75
1810901,403455.0,3393220.0,15,270,3,3,2585.0,15.2,503,0,5,403455,3393005,506,0,7,-97.5
1810901,403455.0,3393220.0,15,270,3,3,2585.0,15.2,503,0,5,403485,3392975,507,0,2,-105.0
1810901,403455.0,3393220.0,15,270,3,3,2585.0,15.2,503,0,5,403125,3393335,504,33,5,-92.5
1810901,403455.0,3393220.0,15,270,3,3,2585.0,15.2,503,0,5,403495,3392965,506,0,7,-107.0
1810901,403455.0,3393220.0,15,270,3,3,2585.0,15.2,503,0,5,403410,3393050,506,0,7,-87.63
1810901,403455.0,3393220.0,15,270,3,3,2585.0,15.2,503,0,5,403140,3393360,505,0,5,-98.33
1810901,403455.0,3393220.0,15,270,3,3,2585.0,15.2,503,0,5,403265,3393235,508,42,5,-82.5
1810901,403455.0,3393220.0,15,270,3,3,2585.0,15.2,503,0,5,403430,3393070,506,0,5,-103.67
1810901,403455.0,3393220.0,15,270,3,3,2585.0,15.2,503,0,5,403170,3393290,506,0,5,-100.29
1810901,403455.0,3393220.0,15,270,3,3,2585.0,15.2,503,0,5,403230,3393270,508,0,5,-92.14
1810901,403455.0,3393220.0,15,270,3,3,2585.0,15.2,503,0,5,403440,3393020,506,0,5,-96.5
1810901,403455.0,3393220.0,15,270,3,3,2585.0,15.2,503,0,5,403545,3392955,506,0,10,-108.33
1810901,403455.0,3393220.0,15,270,3,3,2585.0,15.2,503,0,5,403175,3393285,506,0,5,-102.0
1810901,403455.0,3393220.0,15,270,3,3,2585.0,15.2,503,0,5,403275,3393225,508,0,11,-89.83
1810901,403455.0,3393220.0,15,270,3,3,2585.0,15.2,503,0,5,403165,3393295,506,0,5,-101.25
1810901,403455.0,3393220.0,15,270,3,3,2585.0,15.2,503,0,5,403355,3393145,507,0,12,-100.0
1810901,403455.0,3393220.0,15,270,3,3,2585.0,15.2,503,0,5,403205,3393255,508,0,5,-92.0
1810901,403455.0,3393220.0,15,270,3,3,2585.0,15.2,503,0,5,403080,3393380,507,0,5,-106.67
1810901,403455.0,3393220.0,15,270,3,3,2585.0,15.2,503,0,5,403150,3393350,505,6,6,-101.18
1810901,403455.0,3393220.0,15,270,3,3,2585.0,15.2,503,0,5,403260,3393240,508,42,6,-84.0
1810901,403455.0,3393220.0,15,270,3,3,2585.0,15.2,503,0,5,403235,3393265,508,0,12,-86.75
1810901,403455.0,3393220.0,15,270,3,3,2585.0,15.2,503,0,5,403550,3392950,506,102,10,-101.0
1810901,403455.0,3393220.0,15,270,3,3,2585.0,15.2,503,0,5,403405,3393055,506,0,7,-91.64
1810901,403455.0,3393220.0,15,270,3,3,2585.0,15.2,503,0,5,403445,3393015,506,0,5,-93.0
1810901,403455.0,3393220.0,15,270,3,3,2585.0,15.2,503,0,5,403470,3393030,506,0,5,-99.14
1810901,403455.0,3393220.0,15,270,3,3,2585.0,15.2,503,0,5,403195,3393305,507,0,6,-99.33
1810901,403455.0,3393220.0,15,270,3,3,2585.0,15.2,503,0,5,403520,3392940,506,0,5,-108.75
1810901,403455.0,3393220.0,15,270,3,3,2585.0,15.2,503,0,5,403220,3393280,508,0,7,-90.11
1810901,403455.0,3393220.0,15,270,3,3,2585.0,15.2,503,0,5,403225,3393275,508,0,7,-87.25
1810901,403455.0,3393220.0,15,270,3,3,2585.0,15.2,503,0,5,403190,3393310,507,0,6,-104.25
1810901,403455.0,3393220.0,15,270,3,3,2585.0,15.2,503,0,5,403450,3393010,506,0,7,-99.88
1810901,403455.0,3393220.0,15,270,3,3,2585.0,15.2,503,0,5,403400,3393060,506,0,7,-93.0
1810901,403455.0,3393220.0,15,270,3,3,2585.0,15.2,503,0,5,403525,3392935,506,0,5,-114.14
1810901,403455.0,3393220.0,15,270,3,3,2585.0,15.2,503,0,5,403315,3393185,508,0,5,-102.38
1810901,403455.0,3393220.0,15,270,3,3,2585.0,15.2,503,0,5,403200,3393260,508,0,6,-97.0
1810901,403455.0,3393220.0,15,270,3,3,2585.0,15.2,503,0,5,403460,3393040,505,0,5,-102.25
1810901,403455.0,3393220.0,15,270,3,3,2585.0,15.2,503,0,5,403420,3393080,506,0,5,-87.46
1810901,403455.0,3393220.0,15,270,3,3,2585.0,15.2,503,0,5,403425,3393075,506,0,5,-88.57
1810901,403455.0,3393220.0,15,270,3,3,2585.0,15.2,503,0,5,403185,3393315,506,0,5,-102.6
1810901,403455.0,3393220.0,15,270,3,3,2585.0,15.2,503,0,5,403380,3393120,507,0,12,-104.0
1810901,403455.0,3393220.0,15,270,3,3,2585.0,15.2,503,0,5,403490,3392970,506,0,2,-110.25
1810901,403455.0,3393220.0,15,270,3,3,2585.0,15.2,503,0,5,403180,3393320,506,0,5,-100.0
1810901,403455.0,3393220.0,15,270,3,3,2585.0,15.2,503,0,5,403475,3393025,506,0,7,-98.67
1810901,403455.0,3393220.0,15,270,3,3,2585.0,15.2,503,0,5,403055,3393405,508,87,5,-103.33
1810901,403455.0,3393220.0,15,270,3,3,2585.0,15.2,503,0,5,403375,3393085,507,0,6,-103.0
1810901,403455.0,3393220.0,15,270,3,3,2585.0,15.2,503,0,5,403435,3393065,505,0,5,-99.67
1810901,403455.0,3393220.0,15,270,3,3,2585.0,15.2,503,0,5,403465,3393035,505,0,5,-95.33
1810901,403455.0,3393220.0,15,270,3,3,2585.0,15.2,503,0,5,403290,3393170,508,0,12,-110.0
1810901,403455.0,3393220.0,15,270,3,3,2585.0,15.2,503,0,5,403155,3393345,505,33,6,-99.0
1810901,403455.0,3393220.0,15,270,3,3,2585.0,15.2,503,0,5,403395,3393105,506,24,6,-99.5
1810901,403455.0,3393220.0,15,270,3,3,2585.0,15.2,503,0,5,403145,3393355,505,0,6,-100.67
1810901,403455.0,3393220.0,15,270,3,3,2585.0,15.2,503,0,5,403310,3393190,508,0,5,-109.6
1810901,403455.0,3393220.0,15,270,3,3,2585.0,15.2,503,0,5,403305,3393195,508,0,5,-104.6
1810901,403455.0,3393220.0,15,270,3,3,2585.0,15.2,503,0,5,403415,3393045,506,0,7,-92.33
1810901,403455.0,3393220.0,15,270,3,3,2585.0,15.2,503,0,5,403480,3392980,507,0,2,-104.0
1810901,403455.0,3393220.0,15,270,3,3,2585.0,15.2,503,0,5,403075,3393425,507,0,5,-100.5
1810901,403455.0,3393220.0,15,270,3,3,2585.0,15.2,503,0,5,403350,3393150,507,0,12,-98.5
1810901,403455.0,3393220.0,15,270,3,3,2585.0,15.2,503,0,5,403070,3393430,507,0,5,-102.17
1810901,403455.0,3393220.0,15,270,3,3,2585.0,15.2,503,0,5,403250,3393210,508,0,5,-101.75
1810901,403455.0,3393220.0,15,270,3,3,2585.0,15.2,503,0,5,403300,3393200,508,0,6,-99.67
1810901,403455.0,3393220.0,15,270,3,3,2585.0,15.2,503,0,5,403280,3393310,507,0,7,-104.5
1810901,403455.0,3393220.0,15,270,3,3,2585.0,15.2,503,0,5,403345,3393325,506,0,6,-95.75
1810901,403455.0,3393220.0,15,270,3,3,2585.0,15.2,503,0,5,403340,3393330,506,0,6,-93.0
1810901,403455.0,3393220.0,15,270,3,3,2585.0,15.2,503,0,5,403315,3393295,507,0,11,-91.35
1810901,403455.0,3393220.0,15,270,3,3,2585.0,15.2,503,0,5,403285,3393305,507,0,5,-95.75
1810901,403455.0,3393220.0,15,270,3,3,2585.0,15.2,503,0,5,403300,3393290,508,0,11,-83.59
1810901,403455.0,3393220.0,15,270,3,3,2585.0,15.2,503,0,5,403325,3393345,506,0,6,-97.2
1810901,403455.0,3393220.0,15,270,3,3,2585.0,15.2,503,0,5,403350,3393340,506,0,6,-97.33
1810901,403455.0,3393220.0,15,270,3,3,2585.0,15.2,503,0,5,403295,3393315,507,0,7,-95.75
1810901,403455.0,3393220.0,15,270,3,3,2585.0,15.2,503,0,5,403095,3393275,506,0,5,-102.0
1810901,403455.0,3393220.0,15,270,3,3,2585.0,15.2,503,0,5,403305,3393285,507,0,11,-80.7
1810901,403455.0,3393220.0,15,270,3,3,2585.0,15.2,503,0,5,403110,3393260,506,0,10,-96.0
1810901,403455.0,3393220.0,15,270,3,3,2585.0,15.2,503,0,5,403290,3393320,507,0,7,-95.5
1810901,403455.0,3393220.0,15,270,3,3,2585.0,15.2,503,0,5,403310,3393300,507,0,5,-91.43
1810901,403455.0,3393220.0,15,270,3,3,2585.0,15.2,503,0,5,403220,3393370,506,0,5,-108.0
1810901,403455.0,3393220.0,15,270,3,3,2585.0,15.2,503,0,5,403355,3393335,506,0,6,-92.83
1810901,403455.0,3393220.0,15,270,3,3,2585.0,15.2,503,0,5,403465,3393445,507,0,5,-99.0
1810901,403455.0,3393220.0,15,270,3,3,2585.0,15.2,503,0,5,403180,3392575,499,0,5,-94.5
1810901,403455.0,3393220.0,15,270,3,3,2585.0,15.2,503,0,5,403550,3393105,504,6,5,-104.5
1810901,403455.0,3393220.0,15,270,3,3,2585.0,15.2,503,0,5,403405,3392900,506,0,7,-109.5
1810901,403455.0,3393220.0,15,270,3,3,2585.0,15.2,503,0,5,403680,3393255,506,0,10,-109.0
1810901,403455.0,3393220.0,15,270,3,3,2585.0,15.2,503,0,5,403360,3392935,506,0,7,-105.0
1810901,403455.0,3393220.0,15,270,3,3,2585.0,15.2,503,0,5,403390,3392945,506,0,5,-104.0
1810901,403455.0,3393220.0,15,270,3,3,2585.0,15.2,503,0,5,403525,3393100,504,6,5,-110.0
1810901,403455.0,3393220.0,15,270,3,3,2585.0,15.2,503,0,5,403365,3392940,506,0,7,-102.6
1810901,403455.0,3393220.0,15,270,3,3,2585.0,15.2,503,0,5,403400,3392895,506,0,7,-104.25
1810901,403455.0,3393220.0,15,270,3,3,2585.0,15.2,503,0,5,403535,3393345,505,0,7,-93.8
1810901,403455.0,3393220.0,15,270,3,3,2585.0,15.2,503,0,5,403530,3393350,505,0,7,-93.0
1810901,403455.0,3393220.0,15,270,3,3,2585.0,15.2,503,0,5,403310,3393335,507,0,6,-98.5
1810901,403455.0,3393220.0,15,270,3,3,2585.0,15.2,503,0,5,403350,3393295,506,0,5,-79.33
1810901,403455.0,3393220.0,15,270,3,3,2585.0,15.2,503,0,5,403280,3393345,507,0,6,-94.5
1810901,403455.0,3393220.0,15,270,3,3,2585.0,15.2,503,0,5,403300,3393325,507,0,6,-95.11
1810901,403455.0,3393220.0,15,270,3,3,2585.0,15.2,503,0,5,403345,3393290,506,0,11,-75.78
1810901,403455.0,3393220.0,15,270,3,3,2585.0,15.2,503,0,5,403330,3393315,506,0,7,-98.85
1810901,403455.0,3393220.0,15,270,3,3,2585.0,15.2,503,0,5,403305,3393330,507,0,6,-97.38
1810901,403455.0,3393220.0,15,270,3,3,2585.0,15.2,503,0,5,403335,3393320,506,0,5,-97.17
1810901,403455.0,3393220.0,15,270,3,3,2585.0,15.2,503,0,5,403340,3393285,506,0,5,-80.83
1810901,403455.0,3393220.0,15,270,3,3,2585.0,15.2,503,0,5,403320,3393305,507,0,7,-94.95
1810901,403455.0,3393220.0,15,270,3,3,2585.0,15.2,503,0,5,403325,3393310,507,0,7,-92.31
1810901,403455.0,3393220.0,15,270,3,3,2585.0,15.2,503,0,5,403315,3393340,507,0,6,-98.85
1810901,403455.0,3393220.0,15,270,3,3,2585.0,15.2,503,0,5,403355,3393300,506,0,5,-93.33
1810901,403455.0,3393220.0,15,270,3,3,2585.0,15.2,503,0,5,403090,3393235,506,0,5,-106.0
1810901,403455.0,3393220.0,15,270,3,3,2585.0,15.2,503,0,5,403520,3393120,504,0,13,-107.33
1810901,403455.0,3393220.0,15,270,3,3,2585.0,15.2,503,0,5,403360,3392960,506,0,7,-97.62
1810901,403455.0,3393220.0,15,270,3,3,2585.0,15.2,503,0,5,403365,3392955,506,0,7,-98.67
1810901,403455.0,3393220.0,15,270,3,3,2585.0,15.2,503,0,5,403410,3392910,506,102,5,-112.0
1810901,403455.0,3393220.0,15,270,3,3,2585.0,15.2,503,0,5,403390,3392930,506,0,10,-105.0
1810901,403455.0,3393220.0,15,270,3,3,2585.0,15.2,503,0,5,403395,3392925,506,0,10,-105.67
1810901,403455.0,3393220.0,15,270,3,3,2585.0,15.2,503,0,5,403380,3392940,506,0,5,-104.0
1810901,403455.0,3393220.0,15,270,3,3,2585.0,15.2,503,0,5,403400,3392920,506,0,10,-111.0
1810901,403455.0,3393220.0,15,270,3,3,2585.0,15.2,503,0,5,403510,3393280,504,0,5,-86.0
1810901,403455.0,3393220.0,15,270,3,3,2585.0,15.2,503,0,5,403295,3393055,507,0,5,-112.0
1810901,403455.0,3393220.0,15,270,3,3,2585.0,15.2,503,0,5,403460,3393230,503,0,5,-80.64
1810901,403455.0,3393220.0,15,270,3,3,2585.0,15.2,503,0,5,403405,3393165,505,42,5,-85.67
1810901,403455.0,3393220.0,15,270,3,3,2585.0,15.2,503,0,5,403450,3393220,503,0,6,-80.69
1810901,403455.0,3393220.0,15,270,3,3,2585.0,15.2,503,0,5,403465,3393225,503,0,5,-79.56
1810901,403455.0,3393220.0,15,270,3,3,2585.0,15.2,503,0,5,403475,3393235,503,0,5,-80.17
1810901,403455.0,3393220.0,15,270,3,3,2585.0,15.2,503,0,5,403425,3393185,504,42,6,-98.88
1810901,403455.0,3393220.0,15,270,3,3,2585.0,15.2,503,0,5,403410,3393180,505,0,5,-104.0
1810901,403455.0,3393220.0,15,270,3,3,2585.0,15.2,503,0,5,403380,3393150,506,0,5,-92.09
1810901,403455.0,3393220.0,15,270,3,3,2585.0,15.2,503,0,5,403420,3393190,504,0,6,-95.57
1810901,403455.0,3393220.0,15,270,3,3,2585.0,15.2,503,0,5,403490,3393260,503,0,5,-85.0
1810901,403455.0,3393220.0,15,270,3,3,2585.0,15.2,503,0,5,403365,3393125,507,0,5,-102.25
1810901,403455.0,3393220.0,15,270,3,3,2585.0,15.2,503,0,5,403500,3393270,504,0,5,-84.56
1810901,403455.0,3393220.0,15,270,3,3,2585.0,15.2,503,0,5,403390,3393160,506,0,12,-95.17
1810901,403455.0,3393220.0,15,270,3,3,2585.0,15.2,503,0,5,403445,3393205,504,0,6,-82.0
1810901,403455.0,3393220.0,15,270,3,3,2585.0,15.2,503,0,5,403505,3393265,503,0,5,-84.14
1810901,403455.0,3393220.0,15,270,3,3,2585.0,15.2,503,0,5,403430,3393200,504,42,6,-91.69
1810901,403455.0,3393220.0,15,270,3,3,2585.0,15.2,503,0,5,403455,3393215,503,0,5,-85.0
1810901,403455.0,3393220.0,15,270,3,3,2585.0,15.2,503,0,5,403440,3393210,504,0,6,-81.87
1810901,403455.0,3393220.0,15,270,3,3,2585.0,15.2,503,0,5,403435,3393195,504,42,6,-88.82
1810901,403455.0,3393220.0,15,270,3,3,2585.0,15.2,503,0,5,403485,3393245,503,0,5,-82.53
1810901,403455.0,3393220.0,15,270,3,3,2585.0,15.2,503,0,5,403400,3393170,505,0,12,-96.5
1810901,403455.0,3393220.0,15,270,3,3,2585.0,15.2,503,0,5,403355,3393115,507,24,12,-98.5
1810901,403455.0,3393220.0,15,270,3,3,2585.0,15.2,503,0,5,403360,3393130,507,0,5,-90.0
1810901,403455.0,3393220.0,15,270,3,3,2585.0,15.2,503,0,5,403470,3393240,503,0,5,-77.3
1810901,403455.0,3393220.0,15,270,3,3,2585.0,15.2,503,0,5,403495,3393255,503,0,5,-82.33
1810901,403455.0,3393220.0,15,270,3,3,2585.0,15.2,503,0,5,403480,3393250,503,0,5,-84.16
1810901,403455.0,3393220.0,15,270,3,3,2585.0,15.2,503,0,5,403385,3393145,506,0,12,-95.67
1810901,403455.0,3393220.0,15,270,3,3,2585.0,15.2,503,0,5,403370,3393140,507,0,12,-91.6
1810901,403455.0,3393220.0,15,270,3,3,2585.0,15.2,503,0,5,403415,3393175,505,0,6,-99.55
1810901,403455.0,3393220.0,15,270,3,3,2585.0,15.2,503,0,5,403395,3393155,506,0,12,-93.0
1810901,403455.0,3393220.0,15,270,3,3,2585.0,15.2,503,0,5,403375,3393135,507,0,5,-96.2
1810901,403455.0,3393220.0,15,270,3,3,2585.0,15.2,503,0,5,403525,3393245,503,0,5,-90.25
1810901,403455.0,3393220.0,15,270,3,3,2585.0,15.2,503,0,5,403530,3393260,503,0,5,-92.73
1810901,403455.0,3393220.0,15,270,3,3,2585.0,15.2,503,0,5,403535,3393255,503,0,5,-92.55
1810901,403455.0,3393220.0,15,270,3,3,2585.0,15.2,503,0,5,403660,3393150,505,0,13,-105.0
1810901,403455.0,3393220.0,15,270,3,3,2585.0,15.2,503,0,5,403545,3393265,503,0,16,-94.25
1810901,403455.0,3393220.0,15,270,3,3,2585.0,15.2,503,0,5,403520,3393250,503,0,5,-86.08
1810901,403455.0,3393220.0,15,270,3,3,2585.0,15.2,503,0,5,403540,3393270,504,0,13,-92.33
1810901,403455.0,3393220.0,15,270,3,3,2585.0,15.2,503,0,5,403535,3393335,505,0,6,-93.67
1810901,403455.0,3393220.0,15,270,3,3,2585.0,15.2,503,0,5,403525,3393325,505,0,6,-92.3
1810901,403455.0,3393220.0,15,270,3,3,2585.0,15.2,503,0,5,403530,3393340,505,0,7,-93.31
1810901,403455.0,3393220.0,15,270,3,3,2585.0,15.2,503,0,5,403520,3393330,505,0,6,-95.71
1810901,403455.0,3393220.0,15,270,3,3,2585.0,15.2,503,0,5,403540,3393350,505,0,5,-95.75
1810901,403455.0,3393220.0,15,270,3,3,2585.0,15.2,503,0,5,403550,3393190,503,6,7,-103.5
1810901,403455.0,3393220.0,15,270,3,3,2585.0,15.2,503,0,5,403315,3392945,506,0,6,-103.5
1810901,403455.0,3393220.0,15,270,3,3,2585.0,15.2,503,0,5,403530,3393170,503,6,5,-97.5
1810901,403455.0,3393220.0,15,270,3,3,2585.0,15.2,503,0,5,403520,3393180,503,0,5,-86.5
1810901,403455.0,3393220.0,15,270,3,3,2585.0,15.2,503,0,5,403330,3392890,506,0,7,-104.67
1810901,403455.0,3393220.0,15,270,3,3,2585.0,15.2,503,0,5,403325,3392895,507,0,7,-98.33
1810901,403455.0,3393220.0,15,270,3,3,2585.0,15.2,503,0,5,403320,3392900,507,0,7,-97.5
1810901,403455.0,3393220.0,15,270,3,3,2585.0,15.2,503,0,5,403605,3393255,505,0,5,-96.0
1810901,403455.0,3393220.0,15,270,3,3,2585.0,15.2,503,0,5,403340,3392920,506,0,7,-96.83
1810901,403455.0,3393220.0,15,270,3,3,2585.0,15.2,503,0,5,403345,3392915,506,0,7,-92.75
1810901,403455.0,3393220.0,15,270,3,3,2585.0,15.2,503,0,5,403555,3393185,503,6,7,-93.0
1810901,403455.0,3393220.0,15,270,3,3,2585.0,15.2,503,0,5,403525,3393000,506,0,7,-107.0
1810901,403455.0,3393220.0,15,270,3,3,2585.0,15.2,503,0,5,403450,3392905,505,0,5,-108.0
1810901,403455.0,3393220.0,15,270,3,3,2585.0,15.2,503,0,5,403410,3392865,505,102,6,-111.0
1810901,403455.0,3393220.0,15,270,3,3,2585.0,15.2,503,0,5,403495,3392950,506,0,7,-105.0
1810901,403455.0,3393220.0,15,270,3,3,2585.0,15.2,503,0,5,403500,3392935,506,0,5,-110.5
1810901,403455.0,3393220.0,15,270,3,3,2585.0,15.2,503,0,5,403480,3392955,506,0,7,-113.86
1810901,403455.0,3393220.0,15,270,3,3,2585.0,15.2,503,0,5,403510,3392925,506,0,5,-104.75
1810901,403455.0,3393220.0,15,270,3,3,2585.0,15.2,503,0,5,403460,3392895,505,0,7,-109.0
1810901,403455.0,3393220.0,15,270,3,3,2585.0,15.2,503,0,5,403485,3392960,506,0,7,-109.0
1810901,403455.0,3393220.0,15,270,3,3,2585.0,15.2,503,0,5,403455,3392910,505,0,10,-109.0
1810901,403455.0,3393220.0,15,270,3,3,2585.0,15.2,503,0,5,403505,3392940,506,0,5,-115.5
1810901,403455.0,3393220.0,15,270,3,3,2585.0,15.2,503,0,5,403440,3392915,506,0,5,-105.0
1810901,403455.0,3393220.0,15,270,3,3,2585.0,15.2,503,0,5,403475,3393150,503,0,7,-83.5
1810901,403455.0,3393220.0,15,270,3,3,2585.0,15.2,503,0,5,403490,3393165,503,0,7,-104.33
1810901,403455.0,3393220.0,15,270,3,3,2585.0,15.2,503,0,5,403455,3393130,504,0,7,-98.0
1810901,403455.0,3393220.0,15,270,3,3,2585.0,15.2,503,0,5,403515,3393190,503,0,5,-93.5
1810901,403455.0,3393220.0,15,270,3,3,2585.0,15.2,503,0,5,403510,3393185,503,0,5,-94.0
1810901,403455.0,3393220.0,15,270,3,3,2585.0,15.2,503,0,5,403375,3393210,505,0,11,-89.15
1810901,403455.0,3393220.0,15,270,3,3,2585.0,15.2,503,0,5,403390,3393225,505,42,5,-78.33
1810901,403455.0,3393220.0,15,270,3,3,2585.0,15.2,503,0,5,403450,3393125,504,0,7,-94.25
1810901,403455.0,3393220.0,15,270,3,3,2585.0,15.2,503,0,5,403370,3393205,506,0,5,-89.18
1810901,403455.0,3393220.0,15,270,3,3,2585.0,15.2,503,0,5,403470,3393145,503,0,7,-104.33
1810901,403455.0,3393220.0,15,270,3,3,2585.0,15.2,503,0,5,403465,3393160,503,0,7,-103.83
1810901,403455.0,3393220.0,15,270,3,3,2585.0,15.2,503,0,5,403485,3393180,503,0,7,-91.33
1810901,403455.0,3393220.0,15,270,3,3,2585.0,15.2,503,0,5,403460,3393155,504,0,7,-101.25
1810901,403455.0,3393220.0,15,270,3,3,2585.0,15.2,503,0,5,403415,3393250,504,0,5,-79.75
1810901,403455.0,3393220.0,15,270,3,3,2585.0,15.2,503,0,5,403435,3393270,504,0,5,-77.71
1810901,403455.0,3393220.0,15,270,3,3,2585.0,15.2,503,0,5,403140,3393475,505,0,5,-102.0
1810901,403455.0,3393220.0,15,270,3,3,2585.0,15.2,503,0,5,403445,3393140,504,0,5,-85.5
1810901,403455.0,3393220.0,15,270,3,3,2585.0,15.2,503,0,5,403360,3393215,506,0,5,-98.61
1810901,403455.0,3393220.0,15,270,3,3,2585.0,15.2,503,0,5,403395,3393230,504,42,5,-78.15
1810901,403455.0,3393220.0,15,270,3,3,2585.0,15.2,503,0,5,403385,3393240,504,0,7,-80.95
1810901,403455.0,3393220.0,15,270,3,3,2585.0,15.2,503,0,5,403405,3393260,504,0,5,-83.83
1810901,403455.0,3393220.0,15,270,3,3,2585.0,15.2,503,0,5,403440,3393135,505,0,5,-86.9
1810901,403455.0,3393220.0,15,270,3,3,2585.0,15.2,503,0,5,403030,3393345,509,0,6,-98.5
1810901,403455.0,3393220.0,15,270,3,3,2585.0,15.2,503,0,5,403380,3393235,505,0,5,-81.48
1810901,403455.0,3393220.0,15,270,3,3,2585.0,15.2,503,0,5,403135,3393450,506,0,5,-108.67
1810901,403455.0,3393220.0,15,270,3,3,2585.0,15.2,503,0,5,403400,3393255,504,0,7,-87.46
1810901,403455.0,3393220.0,15,270,3,3,2585.0,15.2,503,0,5,403365,3393220,506,0,11,-91.5
1810901,403455.0,3393220.0,15,270,3,3,2585.0,15.2,503,0,5,403425,3393280,504,0,5,-77.08
1810901,403455.0,3393220.0,15,270,3,3,2585.0,15.2,503,0,5,403410,3393245,504,0,5,-70.69
1810901,403455.0,3393220.0,15,270,3,3,2585.0,15.2,503,0,5,403430,3393265,504,0,5,-77.06
1810901,403455.0,3393220.0,15,270,3,3,2585.0,15.2,503,0,5,403420,3393275,504,0,5,-91.57
1810901,403455.0,3393220.0,15,270,3,3,2585.0,15.2,503,0,5,403470,3393170,503,0,7,-109.0
1810901,403455.0,3393220.0,15,270,3,3,2585.0,15.2,503,0,5,403330,3392990,506,24,6,-103.0
1810901,403455.0,3393220.0,15,270,3,3,2585.0,15.2,503,0,5,403485,3393155,503,0,7,-94.67
1810901,403455.0,3393220.0,15,270,3,3,2585.0,15.2,503,0,5,403475,3393165,503,0,7,-89.67
1810901,403455.0,3393220.0,15,270,3,3,2585.0,15.2,503,0,5,403405,3393235,504,0,5,-80.35
1810901,403455.0,3393220.0,15,270,3,3,2585.0,15.2,503,0,5,403410,3393230,504,0,5,-77.0
1810901,403455.0,3393220.0,15,270,3,3,2585.0,15.2,503,0,5,403370,3393270,505,0,7,-86.52
1810901,403455.0,3393220.0,15,270,3,3,2585.0,15.2,503,0,5,403465,3393175,503,0,5,-97.22
1810901,403455.0,3393220.0,15,270,3,3,2585.0,15.2,503,0,5,403415,3393225,504,0,11,-79.43
1810901,403455.0,3393220.0,15,270,3,3,2585.0,15.2,503,0,5,403400,3393240,504,0,5,-80.56
1810901,403455.0,3393220.0,15,270,3,3,2585.0,15.2,503,0,5,403355,3392965,506,0,7,-99.42
1810901,403455.0,3393220.0,15,270,3,3,2585.0,15.2,503,0,5,403440,3393200,504,42,6,-89.94
1810901,403455.0,3393220.0,15,270,3,3,2585.0,15.2,503,0,5,403380,3393260,504,0,7,-81.58
1810901,403455.0,3393220.0,15,270,3,3,2585.0,15.2,503,0,5,403460,3393180,503,0,5,-89.92
1810901,403455.0,3393220.0,15,270,3,3,2585.0,15.2,503,0,5,403395,3393245,504,0,7,-79.32
1810901,403455.0,3393220.0,15,270,3,3,2585.0,15.2,503,0,5,403345,3392975,506,0,5,-101.0
1810901,403455.0,3393220.0,15,270,3,3,2585.0,15.2,503,0,5,403385,3393255,504,0,7,-83.0
1810901,403455.0,3393220.0,15,270,3,3,2585.0,15.2,503,0,5,403450,3393190,504,0,5,-86.54
1810901,403455.0,3393220.0,15,270,3,3,2585.0,15.2,503,0,5,403435,3393205,504,42,6,-87.89
1810901,403455.0,3393220.0,15,270,3,3,2585.0,15.2,503,0,5,403430,3393210,504,0,6,-80.67
1810901,403455.0,3393220.0,15,270,3,3,2585.0,15.2,503,0,5,403445,3393195,504,0,5,-83.28
1810901,403455.0,3393220.0,15,270,3,3,2585.0,15.2,503,0,5,403375,3393265,505,0,7,-83.43
1810901,403455.0,3393220.0,15,270,3,3,2585.0,15.2,503,0,5,403455,3393185,504,0,5,-89.11
1810901,403455.0,3393220.0,15,270,3,3,2585.0,15.2,503,0,5,403365,3393275,505,0,5,-82.9
1810901,403455.0,3393220.0,15,270,3,3,2585.0,15.2,503,0,5,403360,3393280,505,0,11,-80.91
1810901,403455.0,3393220.0,15,270,3,3,2585.0,15.2,503,0,5,403390,3393250,504,0,7,-77.9
1810901,403455.0,3393220.0,15,270,3,3,2585.0,15.2,503,0,5,403425,3393215,504,0,5,-79.85
1810901,403455.0,3393220.0,15,270,3,3,2585.0,15.2,503,0,5,403480,3393160,503,0,7,-89.8
1810901,403455.0,3393220.0,15,270,3,3,2585.0,15.2,503,0,5,403350,3392970,506,0,7,-106.33
1810901,403455.0,3393220.0,15,270,3,3,2585.0,15.2,503,0,5,403510,3393130,504,0,13,-112.0
1810901,403455.0,3393220.0,15,270,3,3,2585.0,15.2,503,0,5,403420,3393220,504,0,11,-87.71
1810901,403455.0,3393220.0,15,270,3,3,2585.0,15.2,503,0,5,403660,3393015,503,0,5,-98.5
1810901,403455.0,3393220.0,15,270,3,3,2585.0,15.2,503,0,5,403410,3392945,506,0,5,-105.75
1810901,403455.0,3393220.0,15,270,3,3,2585.0,15.2,503,0,5,403485,3392880,505,0,7,-117.5
1810901,403455.0,3393220.0,15,270,3,3,2585.0,15.2,503,0,5,403380,3392895,506,0,7,-109.5
1810901,403455.0,3393220.0,15,270,3,3,2585.0,15.2,503,0,5,403370,3392905,506,0,5,-101.75
1810901,403455.0,3393220.0,15,270,3,3,2585.0,15.2,503,0,5,403395,3392890,506,0,7,-104.67
1810901,403455.0,3393220.0,15,270,3,3,2585.0,15.2,503,0,5,403375,3392910,506,0,10,-98.0
1810901,403455.0,3393220.0,15,270,3,3,2585.0,15.2,503,0,5,403405,3392960,506,0,10,-108.11
1810901,403455.0,3393220.0,15,270,3,3,2585.0,15.2,503,0,5,403415,3392950,506,0,5,-103.67
1810901,403455.0,3393220.0,15,270,3,3,2585.0,15.2,503,0,5,403400,3392955,505,0,5,-107.33
1810901,403455.0,3393220.0,15,270,3,3,2585.0,15.2,503,0,5,403485,3392885,505,0,7,-106.5
1810901,403455.0,3393220.0,15,270,3,3,2585.0,15.2,503,0,5,403610,3393100,504,6,13,-111.0
1810901,403455.0,3393220.0,15,270,3,3,2585.0,15.2,503,0,5,403445,3392925,506,0,5,-113.0
1810901,403455.0,3393220.0,15,270,3,3,2585.0,15.2,503,0,5,403505,3392905,505,0,5,-109.67
1810901,403455.0,3393220.0,15,270,3,3,2585.0,15.2,503,0,5,403455,3392935,506,0,5,-109.5
1810901,403455.0,3393220.0,15,270,3,3,2585.0,15.2,503,0,5,403470,3392960,506,0,7,-108.5
1810901,403455.0,3393220.0,15,270,3,3,2585.0,15.2,503,0,5,403500,3392910,505,0,5,-108.5
1810901,403455.0,3393220.0,15,270,3,3,2585.0,15.2,503,0,5,403475,3392955,506,0,7,-109.25
1810901,403455.0,3393220.0,15,270,3,3,2585.0,15.2,503,0,5,403465,3392945,506,0,5,-108.6
1810901,403455.0,3393220.0,15,270,3,3,2585.0,15.2,503,0,5,403495,3392895,505,0,7,-106.0
1810901,403455.0,3393220.0,15,270,3,3,2585.0,15.2,503,0,5,403490,3392900,505,0,5,-110.25
1810901,403455.0,3393220.0,15,270,3,3,2585.0,15.2,503,0,5,403480,3392890,505,0,7,-108.5
1810901,403455.0,3393220.0,15,270,3,3,2585.0,15.2,503,0,5,403460,3392950,506,0,7,-113.25
1810901,403455.0,3393220.0,15,270,3,3,2585.0,15.2,503,0,5,403500,3392940,506,0,5,-105.0
1810901,403455.0,3393220.0,15,270,3,3,2585.0,15.2,503,0,5,403525,3392995,506,0,7,-107.0
1810901,403455.0,3393220.0,15,270,3,3,2585.0,15.2,503,0,5,403485,3392955,506,0,7,-114.6
1810901,403455.0,3393220.0,15,270,3,3,2585.0,15.2,503,0,5,403465,3392895,505,0,7,-113.25
1810901,403455.0,3393220.0,15,270,3,3,2585.0,15.2,503,0,5,403505,3392935,506,0,5,-112.62
1810901,403455.0,3393220.0,15,270,3,3,2585.0,15.2,503,0,5,403510,3392930,506,0,5,-107.0
1810901,403455.0,3393220.0,15,270,3,3,2585.0,15.2,503,0,5,403480,3392960,506,0,7,-111.33
1810901,403455.0,3393220.0,15,270,3,3,2585.0,15.2,503,0,5,403455,3392905,505,0,10,-111.89
1810901,403455.0,3393220.0,15,270,3,3,2585.0,15.2,503,0,5,403450,3392910,505,0,5,-116.33
1810901,403455.0,3393220.0,15,270,3,3,2585.0,15.2,503,0,5,403495,3392945,506,0,5,-111.0
1810901,403455.0,3393220.0,15,270,3,3,2585.0,15.2,503,0,5,403460,3392900,505,0,5,-110.0
1810901,403455.0,3393220.0,15,270,3,3,2585.0,15.2,503,0,5,403535,3393085,504,0,6,-108.5
1810901,403455.0,3393220.0,15,270,3,3,2585.0,15.2,503,0,5,403370,3392930,506,0,5,-100.33
1810901,403455.0,3393220.0,15,270,3,3,2585.0,15.2,503,0,5,403390,3392950,505,0,5,-104.0
1810901,403455.0,3393220.0,15,270,3,3,2585.0,15.2,503,0,5,403375,3392925,506,0,10,-112.5
1810901,403455.0,3393220.0,15,270,3,3,2585.0,15.2,503,0,5,403385,3392955,505,0,5,-109.0
1810901,403455.0,3393220.0,15,270,3,3,2585.0,15.2,503,0,5,403520,3393100,504,6,5,-107.5
1810901,403455.0,3393220.0,15,270,3,3,2585.0,15.2,503,0,5,403400,3392900,506,0,7,-106.6
1810901,403455.0,3393220.0,15,270,3,3,2585.0,15.2,503,0,5,403420,3392920,506,102,10,-116.0
1810901,403455.0,3393220.0,15,270,3,3,2585.0,15.2,503,0,5,402695,3393285,506,0,6,-98.5
1810901,403455.0,3393220.0,15,270,3,3,2585.0,15.2,503,0,5,403360,3392940,506,0,7,-101.0
1810901,403455.0,3393220.0,15,270,3,3,2585.0,15.2,503,0,5,403435,3392905,505,0,5,-112.5
1810901,403455.0,3393220.0,15,270,3,3,2585.0,15.2,503,0,5,403395,3392945,506,0,5,-106.5
1810901,403455.0,3393220.0,15,270,3,3,2585.0,15.2,503,0,5,403365,3392935,506,0,7,-109.0
1810901,403455.0,3393220.0,15,270,3,3,2585.0,15.2,503,0,5,403510,3393120,504,0,13,-112.0
1810901,403455.0,3393220.0,15,270,3,3,2585.0,15.2,503,0,5,403430,3393040,506,0,5,-96.67
1810901,403455.0,3393220.0,15,270,3,3,2585.0,15.2,503,0,5,403320,3393250,507,0,7,-82.13
1810901,403455.0,3393220.0,15,270,3,3,2585.0,15.2,503,0,5,403400,3393010,506,0,7,-92.43
1810901,403455.0,3393220.0,15,270,3,3,2585.0,15.2,503,0,5,403080,3393330,507,0,5,-105.67
1810901,403455.0,3393220.0,15,270,3,3,2585.0,15.2,503,0,5,403465,3393065,505,0,5,-83.5
1810901,403455.0,3393220.0,15,270,3,3,2585.0,15.2,503,0,5,403455,3393055,505,0,10,-103.0
1810901,403455.0,3393220.0,15,270,3,3,2585.0,15.2,503,0,5,403480,3393090,504,0,6,-94.0
1810901,403455.0,3393220.0,15,270,3,3,2585.0,15.2,503,0,5,403385,3392985,505,0,7,-102.71
1810901,403455.0,3393220.0,15,270,3,3,2585.0,15.2,503,0,5,403055,3393295,508,0,11,-96.33
1810901,403455.0,3393220.0,15,270,3,3,2585.0,15.2,503,0,5,403355,3393275,506,0,5,-83.76
1810901,403455.0,3393220.0,15,270,3,3,2585.0,15.2,503,0,5,403445,3393045,505,0,10,-97.5
1810901,403455.0,3393220.0,15,270,3,3,2585.0,15.2,503,0,5,403140,3393390,505,0,12,-99.5
1810901,403455.0,3393220.0,15,270,3,3,2585.0,15.2,503,0,5,403340,3393270,506,0,7,-82.68
1810901,403455.0,3393220.0,15,270,3,3,2585.0,15.2,503,0,5,403300,3393230,508,42,5,-86.57
1810901,403455.0,3393220.0,15,270,3,3,2585.0,15.2,503,0,5,403420,3393030,506,0,5,-104.18
1810901,403455.0,3393220.0,15,270,3,3,2585.0,15.2,503,0,5,403335,3393255,506,0,7,-83.82
1810901,403455.0,3393220.0,15,270,3,3,2585.0,15.2,503,0,5,403130,3393380,505,0,12,-98.75
1810901,403455.0,3393220.0,15,270,3,3,2585.0,15.2,503,0,5,403145,3393385,505,0,12,-106.33
1810901,403455.0,3393220.0,15,270,3,3,2585.0,15.2,503,0,5,403350,3393280,506,0,11,-82.55
1810901,403455.0,3393220.0,15,270,3,3,2585.0,15.2,503,0,5,403330,3393260,507,0,7,-83.85
1810901,403455.0,3393220.0,15,270,3,3,2585.0,15.2,503,0,5,403075,3393315,507,0,5,-100.4
1810901,403455.0,3393220.0,15,270,3,3,2585.0,15.2,503,0,5,403305,3393225,508,42,5,-73.5
1810901,403455.0,3393220.0,15,270,3,3,2585.0,15.2,503,0,5,403345,3393265,506,0,7,-84.18
1810901,403455.0,3393220.0,15,270,3,3,2585.0,15.2,503,0,5,403085,3393325,506,0,5,-100.33
1810901,403455.0,3393220.0,15,270,3,3,2585.0,15.2,503,0,5,403360,3392970,506,0,7,-103.13
1810901,403455.0,3393220.0,15,270,3,3,2585.0,15.2,503,0,5,403425,3393025,506,0,10,-103.64
1810901,403455.0,3393220.0,15,270,3,3,2585.0,15.2,503,0,5,403170,3393420,506,0,5,-100.0
1810901,403455.0,3393220.0,15,270,3,3,2585.0,15.2,503,0,5,403070,3393320,507,0,5,-102.56
1810901,403455.0,3393220.0,15,270,3,3,2585.0,15.2,503,0,5,403370,3392980,505,0,7,-96.44
1810901,403455.0,3393220.0,15,270,3,3,2585.0,15.2,503,0,5,403065,3393305,507,0,11,-100.33
1810901,403455.0,3393220.0,15,270,3,3,2585.0,15.2,503,0,5,403435,3393035,506,0,10,-98.63
1810901,403455.0,3393220.0,15,270,3,3,2585.0,15.2,503,0,5,403310,3393240,508,42,5,-83.4
1810901,403455.0,3393220.0,15,270,3,3,2585.0,15.2,503,0,5,403270,3393200,508,42,5,-104.0
1810901,403455.0,3393220.0,15,270,3,3,2585.0,15.2,503,0,5,403380,3392990,505,0,7,-99.29
1810901,403455.0,3393220.0,15,270,3,3,2585.0,15.2,503,0,5,403390,3393000,505,0,7,-91.88
1810901,403455.0,3393220.0,15,270,3,3,2585.0,15.2,503,0,5,403395,3392995,505,0,5,-97.0
1810901,403455.0,3393220.0,15,270,3,3,2585.0,15.2,503,0,5,403375,3392975,505,0,7,-98.0
1810901,403455.0,3393220.0,15,270,3,3,2585.0,15.2,503,0,5,403325,3393245,507,0,7,-79.33
1810901,403455.0,3393220.0,15,270,3,3,2585.0,15.2,503,0,5,403135,3393375,505,0,12,-96.5
1810901,403455.0,3393220.0,15,270,3,3,2585.0,15.2,503,0,5,403315,3393235,507,42,5,-79.25
1810901,403455.0,3393220.0,15,270,3,3,2585.0,15.2,503,0,5,403150,3393400,506,0,12,-104.33
1810901,403455.0,3393220.0,15,270,3,3,2585.0,15.2,503,0,5,403495,3393095,504,0,5,-101.5
1810901,403455.0,3393220.0,15,270,3,3,2585.0,15.2,503,0,5,403505,3393105,504,0,5,-101.0
1810901,403455.0,3393220.0,15,270,3,3,2585.0,15.2,503,0,5,403500,3393110,504,0,5,-106.0
1810901,403455.0,3393220.0,15,270,3,3,2585.0,15.2,503,0,5,403155,3393395,505,0,12,-109.0
1810901,403455.0,3393220.0,15,270,3,3,2585.0,15.2,503,0,5,403405,3393005,506,0,5,-94.0
1810901,403455.0,3393220.0,15,270,3,3,2585.0,15.2,503,0,5,403410,3393020,506,0,5,-96.57
1810901,403455.0,3393220.0,15,270,3,3,2585.0,15.2,503,0,5,403415,3393015,506,0,5,-97.29
1810901,403455.0,3393220.0,15,270,3,3,2585.0,15.2,503,0,5,403365,3392965,506,0,7,-98.38
1810901,403455.0,3393220.0,15,270,3,3,2585.0,15.2,503,0,5,403520,3393190,503,0,5,-90.0
1810901,403455.0,3393220.0,15,270,3,3,2585.0,15.2,503,0,5,403355,3392895,506,0,7,-110.0
1810901,403455.0,3393220.0,15,270,3,3,2585.0,15.2,503,0,5,403545,3393165,503,6,13,-104.5
1810901,403455.0,3393220.0,15,270,3,3,2585.0,15.2,503,0,5,403535,3393195,503,0,5,-88.0
1810901,403455.0,3393220.0,15,270,3,3,2585.0,15.2,503,0,5,403525,3393185,503,0,5,-90.5
1810901,403455.0,3393220.0,15,270,3,3,2585.0,15.2,503,0,5,403350,3392900,506,0,7,-110.33
1810901,403455.0,3393220.0,15,270,3,3,2585.0,15.2,503,0,5,403635,3393255,506,0,10,-100.33
1810901,403455.0,3393220.0,15,270,3,3,2585.0,15.2,503,0,5,403530,3393200,503,0,13,-89.75
1810901,403455.0,3393220.0,15,270,3,3,2585.0,15.2,503,0,5,403335,3392915,506,0,7,-99.5
1810901,403455.0,3393220.0,15,270,3,3,2585.0,15.2,503,0,5,403455,3393305,504,0,5,-87.33
1810901,403455.0,3393220.0,15,270,3,3,2585.0,15.2,503,0,5,403515,3393325,505,0,6,-90.75
1810901,403455.0,3393220.0,15,270,3,3,2585.0,15.2,503,0,5,403370,3393390,506,6,5,-96.33
1810901,403455.0,3393220.0,15,270,3,3,2585.0,15.2,503,0,5,403460,3393300,504,0,5,-88.0
1810901,403455.0,3393220.0,15,270,3,3,2585.0,15.2,503,0,5,403385,3393375,506,0,7,-98.0
1810901,403455.0,3393220.0,15,270,3,3,2585.0,15.2,503,0,5,403395,3393365,506,0,7,-96.0
1810901,403455.0,3393220.0,15,270,3,3,2585.0,15.2,503,0,5,403475,3393285,504,0,6,-85.67
1810901,403455.0,3393220.0,15,270,3,3,2585.0,15.2,503,0,5,403485,3393355,505,24,7,-112.5
1810901,403455.0,3393220.0,15,270,3,3,2585.0,15.2,503,0,5,403390,3393370,506,0,7,-94.83
1810901,403455.0,3393220.0,15,270,3,3,2585.0,15.2,503,0,5,403480,3393360,506,0,7,-115.67
1810901,403455.0,3393220.0,15,270,3,3,2585.0,15.2,503,0,5,403510,3393330,505,0,6,-94.6
1810901,403455.0,3393220.0,15,270,3,3,2585.0,15.2,503,0,5,403375,3393385,506,0,6,-98.5
1810901,403455.0,3393220.0,15,270,3,3,2585.0,15.2,503,0,5,403535,3393315,505,0,6,-83.5
1810901,403455.0,3393220.0,15,270,3,3,2585.0,15.2,503,0,5,403530,3393320,505,0,6,-93.8
1810901,403455.0,3393220.0,15,270,3,3,2585.0,15.2,503,0,5,403520,3393310,504,0,5,-93.71
1810901,403455.0,3393220.0,15,270,3,3,2585.0,15.2,503,0,5,403670,3393050,503,0,7,-98.67
1810901,403455.0,3393220.0,15,270,3,3,2585.0,15.2,503,0,5,403395,3392845,505,0,6,-104.5
1810901,403455.0,3393220.0,15,270,3,3,2585.0,15.2,503,0,5,403440,3392960,506,0,7,-107.75
1810901,403455.0,3393220.0,15,270,3,3,2585.0,15.2,503,0,5,403500,3392900,505,0,5,-108.25
1810901,403455.0,3393220.0,15,270,3,3,2585.0,15.2,503,0,5,403495,3392905,505,0,10,-109.5
1810901,403455.0,3393220.0,15,270,3,3,2585.0,15.2,503,0,5,403445,3392955,506,0,7,-110.11
1810901,403455.0,3393220.0,15,270,3,3,2585.0,15.2,503,0,5,403460,3392940,506,0,5,-101.0
1810901,403455.0,3393220.0,15,270,3,3,2585.0,15.2,503,0,5,403505,3392895,505,0,5,-111.0
1810901,403455.0,3393220.0,15,270,3,3,2585.0,15.2,503,0,5,403375,3393325,505,0,6,-92.41
1810901,403455.0,3393220.0,15,270,3,3,2585.0,15.2,503,0,5,403370,3393330,505,0,6,-95.12
1810901,403455.0,3393220.0,15,270,3,3,2585.0,15.2,503,0,5,403385,3393355,506,0,7,-97.22
1810901,403455.0,3393220.0,15,270,3,3,2585.0,15.2,503,0,5,403360,3393340,506,0,6,-97.88
1810901,403455.0,3393220.0,15,270,3,3,2585.0,15.2,503,0,5,403390,3393350,505,0,7,-97.71
1810901,403455.0,3393220.0,15,270,3,3,2585.0,15.2,503,0,5,403380,3393360,506,0,5,-98.26
1810901,403455.0,3393220.0,15,270,3,3,2585.0,15.2,503,0,5,403365,3393335,506,0,6,-93.43
1810901,403455.0,3393220.0,15,270,3,3,2585.0,15.2,503,0,5,403415,3393285,504,0,5,-74.29
1810901,403455.0,3393220.0,15,270,3,3,2585.0,15.2,503,0,5,403405,3393295,504,0,5,-88.6
1810901,403455.0,3393220.0,15,270,3,3,2585.0,15.2,503,0,5,403380,3393160,506,0,5,-86.8
1810901,403455.0,3393220.0,15,270,3,3,2585.0,15.2,503,0,5,403375,3393125,507,0,12,-104.63
1810901,403455.0,3393220.0,15,270,3,3,2585.0,15.2,503,0,5,403030,3393430,508,0,5,-108.67
1810901,403455.0,3393220.0,15,270,3,3,2585.0,15.2,503,0,5,403465,3393235,503,0,5,-75.75
1810901,403455.0,3393220.0,15,270,3,3,2585.0,15.2,503,0,5,403515,3393265,503,0,5,-85.67
1810901,403455.0,3393220.0,15,270,3,3,2585.0,15.2,503,0,5,403440,3393220,504,0,6,-82.55
1810901,403455.0,3393220.0,15,270,3,3,2585.0,15.2,503,0,5,403400,3393180,505,0,5,-90.6
1810901,403455.0,3393220.0,15,270,3,3,2585.0,15.2,503,0,5,403385,3393155,506,0,5,-95.5
1810901,403455.0,3393220.0,15,270,3,3,2585.0,15.2,503,0,5,403435,3393185,504,0,6,-93.04
1810901,403455.0,3393220.0,15,270,3,3,2585.0,15.2,503,0,5,403395,3393145,506,0,5,-97.94
1810901,403455.0,3393220.0,15,270,3,3,2585.0,15.2,503,0,5,403460,3393240,503,0,6,-67.14
1810901,403455.0,3393220.0,15,270,3,3,2585.0,15.2,503,0,5,403390,3393150,506,0,12,-97.0
1810901,403455.0,3393220.0,15,270,3,3,2585.0,15.2,503,0,5,403470,3393230,503,0,5,-79.07
1810901,403455.0,3393220.0,15,270,3,3,2585.0,15.2,503,0,5,403475,3393225,503,0,5,-81.02
1810901,403455.0,3393220.0,15,270,3,3,2585.0,15.2,503,0,5,403430,3393190,504,42,6,-92.88
1810901,403455.0,3393220.0,15,270,3,3,2585.0,15.2,503,0,5,403425,3393195,504,0,6,-95.0
1810901,403455.0,3393220.0,15,270,3,3,2585.0,15.2,503,0,5,403420,3393200,504,0,5,-94.4
1810901,403455.0,3393220.0,15,270,3,3,2585.0,15.2,503,0,5,403485,3393255,503,0,5,-82.64
1810901,403455.0,3393220.0,15,270,3,3,2585.0,15.2,503,0,5,403450,3393210,504,0,6,-82.32
1810901,403455.0,3393220.0,15,270,3,3,2585.0,15.2,503,0,5,403455,3393205,503,0,5,-83.56
1810901,403455.0,3393220.0,15,270,3,3,2585.0,15.2,503,0,5,403415,3393165,505,42,6,-103.0
1810901,403455.0,3393220.0,15,270,3,3,2585.0,15.2,503,0,5,403360,3393140,507,0,12,-95.4
1810901,403455.0,3393220.0,15,270,3,3,2585.0,15.2,503,0,5,403405,3393175,505,0,5,-102.5
1810901,403455.0,3393220.0,15,270,3,3,2585.0,15.2,503,0,5,403480,3393260,503,0,5,-80.19
1810901,403455.0,3393220.0,15,270,3,3,2585.0,15.2,503,0,5,403365,3393135,507,0,5,-102.57
1810901,403455.0,3393220.0,15,270,3,3,2585.0,15.2,503,0,5,403035,3393425,508,0,5,-107.67
1810901,403455.0,3393220.0,15,270,3,3,2585.0,15.2,503,0,5,403500,3393280,504,0,5,-84.75
1810901,403455.0,3393220.0,15,270,3,3,2585.0,15.2,503,0,5,403410,3393170,505,0,6,-96.0
1810901,403455.0,3393220.0,15,270,3,3,2585.0,15.2,503,0,5,403490,3393250,503,0,5,-84.59
1810901,403455.0,3393220.0,15,270,3,3,2585.0,15.2,503,0,5,403370,3393130,507,0,5,-105.33
1810901,403455.0,3393220.0,15,270,3,3,2585.0,15.2,503,0,5,403505,3393275,504,0,5,-87.77
1810901,403455.0,3393220.0,15,270,3,3,2585.0,15.2,503,0,5,403685,3392815,505,0,5,-112.0
1810901,403455.0,3393220.0,15,270,3,3,2585.0,15.2,503,0,5,403445,3393215,504,0,6,-83.0
1810901,403455.0,3393220.0,15,270,3,3,2585.0,15.2,503,0,5,403495,3393245,503,0,5,-83.14
1810901,403455.0,3393220.0,15,270,3,3,2585.0,15.2,503,0,5,403410,3393330,505,0,6,-84.82
1810901,403455.0,3393220.0,15,270,3,3,2585.0,15.2,503,0,5,403430,3393350,505,54,7,-89.0
1810901,403455.0,3393220.0,15,270,3,3,2585.0,15.2,503,0,5,403415,3393325,505,0,6,-86.0
1810901,403455.0,3393220.0,15,270,3,3,2585.0,15.2,503,0,5,403385,3393315,505,0,5,-92.45
1810901,403455.0,3393220.0,15,270,3,3,2585.0,15.2,503,0,5,403390,3393310,505,0,5,-95.5
1810901,403455.0,3393220.0,15,270,3,3,2585.0,15.2,503,0,5,403395,3393305,505,0,5,-84.29
1810901,403455.0,3393220.0,15,270,3,3,2585.0,15.2,503,0,5,403365,3393295,505,0,5,-79.08
1810901,403455.0,3393220.0,15,270,3,3,2585.0,15.2,503,0,5,403420,3393360,506,0,7,-104.33
1810901,403455.0,3393220.0,15,270,3,3,2585.0,15.2,503,0,5,403380,3393320,505,0,6,-91.3
1810901,403455.0,3393220.0,15,270,3,3,2585.0,15.2,503,0,5,403370,3393290,505,0,11,-85.87
1810901,403455.0,3393220.0,15,270,3,3,2585.0,15.2,503,0,5,403400,3393340,505,54,6,-94.17
1810901,403455.0,3393220.0,15,270,3,3,2585.0,15.2,503,0,5,403405,3393335,505,54,6,-96.67
1810901,403455.0,3393220.0,15,270,3,3,2585.0,15.2,503,0,5,403375,3393285,505,0,11,-81.21
1810901,403455.0,3393220.0,15,270,3,3,2585.0,15.2,503,0,5,403360,3393300,506,0,5,-83.89
1810901,403455.0,3393220.0,15,270,3,3,2585.0,15.2,503,0,5,403345,3392990,506,0,6,-100.5
1810901,403455.0,3393220.0,15,270,3,3,2585.0,15.2,503,0,5,403430,3393235,504,0,11,-83.13
1810901,403455.0,3393220.0,15,270,3,3,2585.0,15.2,503,0,5,403510,3393155,503,6,5,-101.0
1810901,403455.0,3393220.0,15,270,3,3,2585.0,15.2,503,0,5,403035,3393320,509,87,5,-100.5
1810901,403455.0,3393220.0,15,270,3,3,2585.0,15.2,503,0,5,403375,3393260,505,0,7,-83.41
1810901,403455.0,3393220.0,15,270,3,3,2585.0,15.2,503,0,5,403435,3393240,504,0,5,-73.71
1810901,403455.0,3393220.0,15,270,3,3,2585.0,15.2,503,0,5,403420,3393225,504,0,11,-87.44
1810901,403455.0,3393220.0,15,270,3,3,2585.0,15.2,503,0,5,403425,3393230,504,0,11,-86.15
1810901,403455.0,3393220.0,15,270,3,3,2585.0,15.2,503,0,5,403445,3393170,504,0,5,-90.33
1810901,403455.0,3393220.0,15,270,3,3,2585.0,15.2,503,0,5,403495,3393140,503,0,5,-105.33
1810901,403455.0,3393220.0,15,270,3,3,2585.0,15.2,503,0,5,403410,3393215,504,0,11,-85.5
1810901,403455.0,3393220.0,15,270,3,3,2585.0,15.2,503,0,5,403475,3393200,503,0,5,-84.17
1810901,403455.0,3393220.0,15,270,3,3,2585.0,15.2,503,0,5,403470,3393195,503,0,5,-85.15
1810901,403455.0,3393220.0,15,270,3,3,2585.0,15.2,503,0,5,403465,3393190,503,0,5,-88.75
1810901,403455.0,3393220.0,15,270,3,3,2585.0,15.2,503,0,5,403460,3393185,503,0,5,-85.05
1810901,403455.0,3393220.0,15,270,3,3,2585.0,15.2,503,0,5,403450,3393175,504,0,5,-95.81
1810901,403455.0,3393220.0,15,270,3,3,2585.0,15.2,503,0,5,403395,3393280,504,0,11,-72.15
1810901,403455.0,3393220.0,15,270,3,3,2585.0,15.2,503,0,5,403415,3393220,504,0,11,-83.85
1810901,403455.0,3393220.0,15,270,3,3,2585.0,15.2,503,0,5,403380,3393265,505,0,7,-82.88
1810901,403455.0,3393220.0,15,270,3,3,2585.0,15.2,503,0,5,403385,3393270,504,0,5,-83.61
1810901,403455.0,3393220.0,15,270,3,3,2585.0,15.2,503,0,5,403365,3393250,505,0,7,-82.37
1810901,403455.0,3393220.0,15,270,3,3,2585.0,15.2,503,0,5,403370,3393255,505,0,7,-85.45
1810901,403455.0,3393220.0,15,270,3,3,2585.0,15.2,503,0,5,403440,3393165,504,0,5,-89.12
1810901,403455.0,3393220.0,15,270,3,3,2585.0,15.2,503,0,5,403455,3393180,504,0,5,-91.16
1810901,403455.0,3393220.0,15,270,3,3,2585.0,15.2,503,0,5,403010,3393295,508,0,13,-87.5
1810901,403455.0,3393220.0,15,270,3,3,2585.0,15.2,503,0,5,403360,3393245,505,0,7,-81.18
1810901,403455.0,3393220.0,15,270,3,3,2585.0,15.2,503,0,5,403390,3393275,504,0,11,-81.38
1810901,403455.0,3393220.0,15,270,3,3,2585.0,15.2,503,0,5,403405,3393210,505,0,5,-86.18
1810901,403455.0,3393220.0,15,270,3,3,2585.0,15.2,503,0,5,403400,3393205,505,0,5,-90.57
1810901,403455.0,3393220.0,15,270,3,3,2585.0,15.2,503,0,5,403495,3393330,505,0,6,-89.5
1810901,403455.0,3393220.0,15,270,3,3,2585.0,15.2,503,0,5,403455,3393290,504,0,5,-84.33
1810901,403455.0,3393220.0,15,270,3,3,2585.0,15.2,503,0,5,403500,3393355,505,24,6,-98.5
1810901,403455.0,3393220.0,15,270,3,3,2585.0,15.2,503,0,5,403465,3393320,505,0,6,-89.5
1810901,403455.0,3393220.0,15,270,3,3,2585.0,15.2,503,0,5,403450,3393285,504,0,5,-80.67
1810901,403455.0,3393220.0,15,270,3,3,2585.0,15.2,503,0,5,403375,3393370,506,0,6,-99.0
1810901,403455.0,3393220.0,15,270,3,3,2585.0,15.2,503,0,5,403380,3393395,506,0,6,-100.0
1810901,403455.0,3393220.0,15,270,3,3,2585.0,15.2,503,0,5,403370,3393365,506,0,6,-105.0
1810901,403455.0,3393220.0,15,270,3,3,2585.0,15.2,503,0,5,403420,3393355,505,0,7,-104.0
1810901,403455.0,3393220.0,15,270,3,3,2585.0,15.2,503,0,5,403415,3393330,505,0,6,-83.5
1810901,403455.0,3393220.0,15,270,3,3,2585.0,15.2,503,0,5,403435,3393350,505,54,7,-100.5
1810901,403455.0,3393220.0,15,270,3,3,2585.0,15.2,503,0,5,403430,3393345,505,54,7,-95.0
1810901,403455.0,3393220.0,15,270,3,3,2585.0,15.2,503,0,5,403395,3393310,505,0,5,-85.0
1810901,403455.0,3393220.0,15,270,3,3,2585.0,15.2,503,0,5,403370,3393285,505,0,11,-82.33
1810901,403455.0,3393220.0,15,270,3,3,2585.0,15.2,503,0,5,403385,3393320,505,0,6,-94.2
1810901,403455.0,3393220.0,15,270,3,3,2585.0,15.2,503,0,5,403405,3393340,505,54,6,-97.8
1810901,403455.0,3393220.0,15,270,3,3,2585.0,15.2,503,0,5,403410,3393325,505,0,6,-94.25
1810901,403455.0,3393220.0,15,270,3,3,2585.0,15.2,503,0,5,403365,3393300,505,0,5,-86.32
1810901,403455.0,3393220.0,15,270,3,3,2585.0,15.2,503,0,5,403360,3393295,505,0,5,-84.47
1810901,403455.0,3393220.0,15,270,3,3,2585.0,15.2,503,0,5,403375,3393290,505,0,11,-83.41
1810901,403455.0,3393220.0,15,270,3,3,2585.0,15.2,503,0,5,403400,3393335,505,54,6,-106.5
1810901,403455.0,3393220.0,15,270,3,3,2585.0,15.2,503,0,5,403425,3393360,506,0,7,-111.5
1810901,403455.0,3393220.0,15,270,3,3,2585.0,15.2,503,0,5,403380,3393315,505,0,5,-91.24
1810901,403455.0,3393220.0,15,270,3,3,2585.0,15.2,503,0,5,403390,3393305,505,0,5,-92.0
1810901,403455.0,3393220.0,15,270,3,3,2585.0,15.2,503,0,5,403530,3393305,504,0,5,-90.0
1810901,403455.0,3393220.0,15,270,3,3,2585.0,15.2,503,0,5,403525,3393320,505,0,6,-91.67
1810901,403455.0,3393220.0,15,270,3,3,2585.0,15.2,503,0,5,403520,3393315,505,0,6,-96.54
1810901,403455.0,3393220.0,15,270,3,3,2585.0,15.2,503,0,5,403580,3393440,506,0,7,-103.0
1810901,403455.0,3393220.0,15,270,3,3,2585.0,15.2,503,0,5,403545,3393395,506,0,7,-101.5
1810901,403455.0,3393220.0,15,270,3,3,2585.0,15.2,503,0,5,403530,3393370,506,0,7,-102.0
1810901,403455.0,3393220.0,15,270,3,3,2585.0,15.2,503,0,5,403540,3393400,506,0,7,-101.0
1810901,403455.0,3393220.0,15,270,3,3,2585.0,15.2,503,0,5,403385,3393215,505,0,5,-72.4
1810901,403455.0,3393220.0,15,270,3,3,2585.0,15.2,503,0,5,403465,3393135,504,0,7,-97.5
1810901,403455.0,3393220.0,15,270,3,3,2585.0,15.2,503,0,5,403355,3393005,506,0,6,-98.5
1810901,403455.0,3393220.0,15,270,3,3,2585.0,15.2,503,0,5,403485,3393195,503,0,5,-87.5
1810901,403455.0,3393220.0,15,270,3,3,2585.0,15.2,503,0,5,403495,3393185,503,0,7,-83.5
1810901,403455.0,3393220.0,15,270,3,3,2585.0,15.2,503,0,5,403500,3393180,503,0,7,-79.5
1810901,403455.0,3393220.0,15,270,3,3,2585.0,15.2,503,0,5,403390,3393210,505,0,5,-87.64
1810901,403455.0,3393220.0,15,270,3,3,2585.0,15.2,503,0,5,403405,3393275,504,0,5,-86.08
1810901,403455.0,3393220.0,15,270,3,3,2585.0,15.2,503,0,5,403370,3393230,505,42,5,-81.25
1810901,403455.0,3393220.0,15,270,3,3,2585.0,15.2,503,0,5,403360,3393240,505,0,7,-79.93
1810901,403455.0,3393220.0,15,270,3,3,2585.0,15.2,503,0,5,403410,3393270,504,0,5,-81.36
1810901,403455.0,3393220.0,15,270,3,3,2585.0,15.2,503,0,5,403430,3393250,504,0,11,-68.41
1810901,403455.0,3393220.0,15,270,3,3,2585.0,15.2,503,0,5,403415,3393265,504,0,5,-75.3
1810901,403455.0,3393220.0,15,270,3,3,2585.0,15.2,503,0,5,403445,3393155,504,0,5,-86.29
1810901,403455.0,3393220.0,15,270,3,3,2585.0,15.2,503,0,5,403450,3393150,504,0,5,-91.31
1810901,403455.0,3393220.0,15,270,3,3,2585.0,15.2,503,0,5,403480,3393200,503,0,5,-86.67
1810901,403455.0,3393220.0,15,270,3,3,2585.0,15.2,503,0,5,403400,3393280,504,0,11,-79.09
1810901,403455.0,3393220.0,15,270,3,3,2585.0,15.2,503,0,5,403420,3393260,504,0,5,-78.99
1810901,403455.0,3393220.0,15,270,3,3,2585.0,15.2,503,0,5,402990,3393290,507,0,13,-85.5
1810901,403455.0,3393220.0,15,270,3,3,2585.0,15.2,503,0,5,403440,3393160,504,0,5,-90.92
1810901,403455.0,3393220.0,15,270,3,3,2585.0,15.2,503,0,5,403395,3393205,505,0,5,-82.83
1810901,403455.0,3393220.0,15,270,3,3,2585.0,15.2,503,0,5,403455,3393145,504,0,7,-98.88
1810901,403455.0,3393220.0,15,270,3,3,2585.0,15.2,503,0,5,403425,3393255,504,0,11,-72.8
1810901,403455.0,3393220.0,15,270,3,3,2585.0,15.2,503,0,5,403380,3393220,505,42,5,-86.0
1810901,403455.0,3393220.0,15,270,3,3,2585.0,15.2,503,0,5,403365,3393235,505,42,5,-82.47
1810901,403455.0,3393220.0,15,270,3,3,2585.0,15.2,503,0,5,403435,3393245,503,0,11,-77.71
1810901,403455.0,3393220.0,15,270,3,3,2585.0,15.2,503,0,5,403140,3393460,506,0,10,-104.0
1810901,403455.0,3393220.0,15,270,3,3,2585.0,15.2,503,0,5,403155,3393445,506,84,5,-98.0
1810901,403455.0,3393220.0,15,270,3,3,2585.0,15.2,503,0,5,403375,3393225,505,42,11,-85.0
1810901,403455.0,3393220.0,15,270,3,3,2585.0,15.2,503,0,5,403325,3393035,506,0,12,-102.0
1810901,403455.0,3393220.0,15,270,3,3,2585.0,15.2,503,0,5,403430,3392870,505,102,6,-113.0
1810901,403455.0,3393220.0,15,270,3,3,2585.0,15.2,503,0,5,403455,3392885,505,0,7,-110.0
1810901,403455.0,3393220.0,15,270,3,3,2585.0,15.2,503,0,5,403470,3392910,505,0,5,-105.0
1810901,403455.0,3393220.0,15,270,3,3,2585.0,15.2,503,0,5,403465,3392915,505,0,10,-110.33
1810901,403455.0,3393220.0,15,270,3,3,2585.0,15.2,503,0,5,403505,3392955,506,0,7,-107.25
1810901,403455.0,3393220.0,15,270,3,3,2585.0,15.2,503,0,5,403460,3392920,505,0,10,-109.0
1810901,403455.0,3393220.0,15,270,3,3,2585.0,15.2,503,0,5,403530,3392970,506,0,5,-115.0
1810901,403455.0,3393220.0,15,270,3,3,2585.0,15.2,503,0,5,403485,3392935,506,0,5,-109.8
1810901,403455.0,3393220.0,15,270,3,3,2585.0,15.2,503,0,5,403510,3392950,506,0,7,-111.0
1810901,403455.0,3393220.0,15,270,3,3,2585.0,15.2,503,0,5,403480,3392940,506,0,5,-104.0
1810901,403455.0,3393220.0,15,270,3,3,2585.0,15.2,503,0,5,403450,3392890,505,0,7,-106.0
1810901,403455.0,3393220.0,15,270,3,3,2585.0,15.2,503,0,5,403495,3392925,506,0,10,-111.67
1810901,403455.0,3393220.0,15,270,3,3,2585.0,15.2,503,0,5,403490,3392930,506,0,5,-113.67
1810901,403455.0,3393220.0,15,270,3,3,2585.0,15.2,503,0,5,403535,3392965,506,0,10,-106.38
1810901,403455.0,3393220.0,15,270,3,3,2585.0,15.2,503,0,5,403310,3393210,508,0,5,-96.4
1810901,403455.0,3393220.0,15,270,3,3,2585.0,15.2,503,0,5,403125,3393395,505,0,5,-103.5
1810901,403455.0,3393220.0,15,270,3,3,2585.0,15.2,503,0,5,403300,3393220,508,0,5,-97.0
1810901,403455.0,3393220.0,15,270,3,3,2585.0,15.2,503,0,5,403305,3393215,508,0,5,-96.5
1810901,403455.0,3393220.0,15,270,3,3,2585.0,15.2,503,0,5,403330,3393270,507,0,7,-84.65
1810901,403455.0,3393220.0,15,270,3,3,2585.0,15.2,503,0,5,403400,3393040,506,0,7,-91.15
1810901,403455.0,3393220.0,15,270,3,3,2585.0,15.2,503,0,5,403325,3393275,507,0,5,-84.12
1810901,403455.0,3393220.0,15,270,3,3,2585.0,15.2,503,0,5,403385,3392975,505,0,7,-104.0
1810901,403455.0,3393220.0,15,270,3,3,2585.0,15.2,503,0,5,403375,3392985,505,0,7,-97.86
1810901,403455.0,3393220.0,15,270,3,3,2585.0,15.2,503,0,5,403075,3393285,507,0,5,-108.0
1810901,403455.0,3393220.0,15,270,3,3,2585.0,15.2,503,0,5,403435,3393005,506,0,10,-102.88
1810901,403455.0,3393220.0,15,270,3,3,2585.0,15.2,503,0,5,403415,3393025,506,0,5,-100.2
1810901,403455.0,3393220.0,15,270,3,3,2585.0,15.2,503,0,5,403290,3393230,508,42,5,-80.56
1810901,403455.0,3393220.0,15,270,3,3,2585.0,15.2,503,0,5,403135,3393385,505,0,12,-104.33
1810901,403455.0,3393220.0,15,270,3,3,2585.0,15.2,503,0,5,403145,3393375,505,0,12,-98.5
1810901,403455.0,3393220.0,15,270,3,3,2585.0,15.2,503,0,5,403150,3393370,505,0,13,-103.5
1810901,403455.0,3393220.0,15,270,3,3,2585.0,15.2,503,0,5,403350,3393250,506,0,7,-83.27
1810901,403455.0,3393220.0,15,270,3,3,2585.0,15.2,503,0,5,403320,3393280,507,0,5,-82.3
1810901,403455.0,3393220.0,15,270,3,3,2585.0,15.2,503,0,5,403335,3393265,506,0,7,-85.67
1810901,403455.0,3393220.0,15,270,3,3,2585.0,15.2,503,0,5,403345,3393255,506,0,7,-80.57
1810901,403455.0,3393220.0,15,270,3,3,2585.0,15.2,503,0,5,403285,3393235,508,42,11,-83.43
1810901,403455.0,3393220.0,15,270,3,3,2585.0,15.2,503,0,5,403425,3393015,506,0,10,-99.92
1810901,403455.0,3393220.0,15,270,3,3,2585.0,15.2,503,0,5,403195,3393405,505,0,6,-103.0
1810901,403455.0,3393220.0,15,270,3,3,2585.0,15.2,503,0,5,403155,3393365,505,0,5,-101.33
1810901,403455.0,3393220.0,15,270,3,3,2585.0,15.2,503,0,5,403405,3393035,506,0,7,-98.77
1810901,403455.0,3393220.0,15,270,3,3,2585.0,15.2,503,0,5,403055,3393305,508,0,11,-94.0
1810901,403455.0,3393220.0,15,270,3,3,2585.0,15.2,503,0,5,403360,3393000,506,0,7,-98.5
1810901,403455.0,3393220.0,15,270,3,3,2585.0,15.2,503,0,5,403140,3393380,505,0,12,-105.86
1810901,403455.0,3393220.0,15,270,3,3,2585.0,15.2,503,0,5,403365,3392995,505,0,7,-103.0
1810901,403455.0,3393220.0,15,270,3,3,2585.0,15.2,503,0,5,403420,3393020,506,0,5,-98.86
1810901,403455.0,3393220.0,15,270,3,3,2585.0,15.2,503,0,5,403340,3393260,506,0,7,-84.63
1810901,403455.0,3393220.0,15,270,3,3,2585.0,15.2,503,0,5,403410,3393030,506,0,7,-96.5
1810901,403455.0,3393220.0,15,270,3,3,2585.0,15.2,503,0,5,403295,3393225,508,0,5,-93.67
1810901,403455.0,3393220.0,15,270,3,3,2585.0,15.2,503,0,5,403370,3392990,505,0,7,-98.75
1810901,403455.0,3393220.0,15,270,3,3,2585.0,15.2,503,0,5,403380,3392980,505,0,7,-99.5
1810901,403455.0,3393220.0,15,270,3,3,2585.0,15.2,503,0,5,403355,3393245,506,0,7,-84.5
1810901,403455.0,3393220.0,15,270,3,3,2585.0,15.2,503,0,5,403280,3393240,508,42,11,-90.89
1810901,403455.0,3393220.0,15,270,3,3,2585.0,15.2,503,0,5,403430,3393010,506,0,10,-98.29
1810901,403455.0,3393220.0,15,270,3,3,2585.0,15.2,503,0,5,403315,3393205,508,0,5,-100.44
1810901,403455.0,3393220.0,15,270,3,3,2585.0,15.2,503,0,5,403470,3393050,505,0,10,-93.5
1810901,403455.0,3393220.0,15,270,3,3,2585.0,15.2,503,0,5,403240,3393200,508,0,12,-96.5
1810901,403455.0,3393220.0,15,270,3,3,2585.0,15.2,503,0,5,403440,3393080,505,0,6,-92.0
1810901,403455.0,3393220.0,15,270,3,3,2585.0,15.2,503,0,5,403450,3393070,505,0,5,-99.0
1810901,403455.0,3393220.0,15,270,3,3,2585.0,15.2,503,0,5,403485,3393115,504,0,5,-100.0
1810901,403455.0,3393220.0,15,270,3,3,2585.0,15.2,503,0,5,403480,3393120,504,0,7,-93.33
1810901,403455.0,3393220.0,15,270,3,3,2585.0,15.2,503,0,5,403475,3393045,505,0,5,-105.0
1810901,403455.0,3393220.0,15,270,3,3,2585.0,15.2,503,0,5,403395,3392965,505,0,5,-108.4
1810901,403455.0,3393220.0,15,270,3,3,2585.0,15.2,503,0,5,403330,3393355,506,33,5,-96.0
1810901,403455.0,3393220.0,15,270,3,3,2585.0,15.2,503,0,5,403315,3393300,507,0,5,-95.81
1810901,403455.0,3393220.0,15,270,3,3,2585.0,15.2,503,0,5,403320,3393345,507,0,6,-97.25
1810901,403455.0,3393220.0,15,270,3,3,2585.0,15.2,503,0,5,403170,3393195,508,0,5,-104.0
1810901,403455.0,3393220.0,15,270,3,3,2585.0,15.2,503,0,5,403220,3393365,506,0,5,-104.67
1810901,403455.0,3393220.0,15,270,3,3,2585.0,15.2,503,0,5,403290,3393315,507,0,7,-92.0
1810901,403455.0,3393220.0,15,270,3,3,2585.0,15.2,503,0,5,403340,3393325,506,0,6,-96.55
1810901,403455.0,3393220.0,15,270,3,3,2585.0,15.2,503,0,5,403355,3393340,506,0,6,-93.0
1810901,403455.0,3393220.0,15,270,3,3,2585.0,15.2,503,0,5,403300,3393285,508,0,11,-84.56
1810901,403455.0,3393220.0,15,270,3,3,2585.0,15.2,503,0,5,403095,3393280,506,0,5,-105.33
1810901,403455.0,3393220.0,15,270,3,3,2585.0,15.2,503,0,5,403200,3393385,506,0,6,-114.0
1810901,403455.0,3393220.0,15,270,3,3,2585.0,15.2,503,0,5,403110,3393255,506,0,10,-110.25
1810901,403455.0,3393220.0,15,270,3,3,2585.0,15.2,503,0,5,403350,3393335,506,0,6,-96.75
1810901,403455.0,3393220.0,15,270,3,3,2585.0,15.2,503,0,5,403310,3393295,507,0,11,-87.62
1810901,403455.0,3393220.0,15,270,3,3,2585.0,15.2,503,0,5,403305,3393290,507,0,11,-81.62
1810901,403455.0,3393220.0,15,270,3,3,2585.0,15.2,503,0,5,403295,3393320,507,0,7,-97.2
1810901,403455.0,3393220.0,15,270,3,3,2585.0,15.2,503,0,5,403285,3393310,507,0,7,-100.0
1810901,403455.0,3393220.0,15,270,3,3,2585.0,15.2,503,0,5,403280,3393305,507,0,5,-95.5
1810901,403455.0,3393220.0,15,270,3,3,2585.0,15.2,503,0,5,403325,3393350,506,33,5,-102.0
1810901,403455.0,3393220.0,15,270,3,3,2585.0,15.2,503,0,5,403345,3393330,506,0,6,-92.5
1810901,403455.0,3393220.0,15,270,3,3,2585.0,15.2,503,0,5,403165,3393190,508,0,5,-112.5
1810901,403455.0,3393220.0,15,270,3,3,2585.0,15.2,503,0,5,403505,3393340,505,0,6,-88.67
1810901,403455.0,3393220.0,15,270,3,3,2585.0,15.2,503,0,5,403500,3393335,505,0,6,-95.67
1810901,403455.0,3393220.0,15,270,3,3,2585.0,15.2,503,0,5,403365,3393400,506,6,5,-99.5
1810901,403455.0,3393220.0,15,270,3,3,2585.0,15.2,503,0,5,403390,3393365,506,0,7,-101.0
1810901,403455.0,3393220.0,15,270,3,3,2585.0,15.2,503,0,5,403515,3393330,505,0,6,-94.33
1810901,403455.0,3393220.0,15,270,3,3,2585.0,15.2,503,0,5,403485,3393360,506,0,7,-107.5
1810901,403455.0,3393220.0,15,270,3,3,2585.0,15.2,503,0,5,403380,3393375,506,0,6,-96.38
1810901,403455.0,3393220.0,15,270,3,3,2585.0,15.2,503,0,5,403480,3393355,505,0,7,-93.5
1810901,403455.0,3393220.0,15,270,3,3,2585.0,15.2,503,0,5,403385,3393380,506,0,5,-95.5
1810901,403455.0,3393220.0,15,270,3,3,2585.0,15.2,503,0,5,403465,3393300,504,0,5,-87.0
1810901,403455.0,3393220.0,15,270,3,3,2585.0,15.2,503,0,5,403470,3393285,504,0,6,-74.25
1810901,403455.0,3393220.0,15,270,3,3,2585.0,15.2,503,0,5,403510,3393325,505,0,6,-95.83
1810901,403455.0,3393220.0,15,270,3,3,2585.0,15.2,503,0,5,403380,3393165,506,0,5,-87.4
1810901,403455.0,3393220.0,15,270,3,3,2585.0,15.2,503,0,5,403375,3393200,506,0,5,-93.6
1810901,403455.0,3393220.0,15,270,3,3,2585.0,15.2,503,0,5,403390,3393175,506,0,5,-90.79
1810901,403455.0,3393220.0,15,270,3,3,2585.0,15.2,503,0,5,403385,3393170,506,0,5,-90.75
1810901,403455.0,3393220.0,15,270,3,3,2585.0,15.2,503,0,5,403405,3393150,506,0,6,-90.33
1810901,403455.0,3393220.0,15,270,3,3,2585.0,15.2,503,0,5,403410,3393155,505,42,6,-93.25
1810901,403455.0,3393220.0,15,270,3,3,2585.0,15.2,503,0,5,403415,3393160,505,42,6,-104.67
1810901,403455.0,3393220.0,15,270,3,3,2585.0,15.2,503,0,5,403110,3393455,506,0,5,-112.75
1810901,403455.0,3393220.0,15,270,3,3,2585.0,15.2,503,0,5,403445,3393270,504,0,5,-86.56
1810901,403455.0,3393220.0,15,270,3,3,2585.0,15.2,503,0,5,403485,3393230,503,0,5,-79.0
1810901,403455.0,3393220.0,15,270,3,3,2585.0,15.2,503,0,5,403440,3393265,504,0,5,-72.22
1810901,403455.0,3393220.0,15,270,3,3,2585.0,15.2,503,0,5,403395,3393180,505,0,5,-90.91
1810901,403455.0,3393220.0,15,270,3,3,2585.0,15.2,503,0,5,403470,3393255,503,0,6,-74.96
1810901,403455.0,3393220.0,15,270,3,3,2585.0,15.2,503,0,5,403365,3393190,506,0,5,-93.4
1810901,403455.0,3393220.0,15,270,3,3,2585.0,15.2,503,0,5,403465,3393250,503,0,6,-73.43
1810901,403455.0,3393220.0,15,270,3,3,2585.0,15.2,503,0,5,403425,3393130,505,0,5,-85.04
1810901,403455.0,3393220.0,15,270,3,3,2585.0,15.2,503,0,5,403480,3393225,503,0,5,-81.03
1810901,403455.0,3393220.0,15,270,3,3,2585.0,15.2,503,0,5,403420,3393125,505,0,5,-83.7
1810901,403455.0,3393220.0,15,270,3,3,2585.0,15.2,503,0,5,403450,3393275,504,0,5,-96.36
1810901,403455.0,3393220.0,15,270,3,3,2585.0,15.2,503,0,5,403460,3393245,503,0,6,-71.71
1810901,403455.0,3393220.0,15,270,3,3,2585.0,15.2,503,0,5,403115,3393460,506,84,10,-112.5
1810901,403455.0,3393220.0,15,270,3,3,2585.0,15.2,503,0,5,403475,3393260,503,0,5,-77.86
1810901,403455.0,3393220.0,15,270,3,3,2585.0,15.2,503,0,5,403435,3393140,505,0,5,-86.05
1810901,403455.0,3393220.0,15,270,3,3,2585.0,15.2,503,0,5,403105,3393450,506,0,5,-111.33
1810901,403455.0,3393220.0,15,270,3,3,2585.0,15.2,503,0,5,403400,3393145,506,0,6,-100.63
1810901,403455.0,3393220.0,15,270,3,3,2585.0,15.2,503,0,5,402925,3393310,507,0,11,-96.0
1810901,403455.0,3393220.0,15,270,3,3,2585.0,15.2,503,0,5,403455,3393280,504,0,5,-84.8
1810901,403455.0,3393220.0,15,270,3,3,2585.0,15.2,503,0,5,403430,3393135,505,0,5,-85.57
1810901,403455.0,3393220.0,15,270,3,3,2585.0,15.2,503,0,5,403490,3393235,503,0,5,-84.64
1810901,403455.0,3393220.0,15,270,3,3,2585.0,15.2,503,0,5,403100,3393445,507,0,5,-111.5
1810901,403455.0,3393220.0,15,270,3,3,2585.0,15.2,503,0,5,403360,3393185,506,0,5,-99.23
1810901,403455.0,3393220.0,15,270,3,3,2585.0,15.2,503,0,5,403370,3393195,506,0,6,-97.77
1810901,403455.0,3393220.0,15,270,3,3,2585.0,15.2,503,0,5,403495,3393240,503,0,5,-82.71
1810901,403455.0,3393220.0,15,270,3,3,2585.0,15.2,503,0,5,403510,3393205,503,0,13,-90.0
1810901,403455.0,3393220.0,15,270,3,3,2585.0,15.2,503,0,5,403395,3393170,506,0,12,-92.36
1810901,403455.0,3393220.0,15,270,3,3,2585.0,15.2,503,0,5,403400,3393155,506,0,5,-94.29
1810901,403455.0,3393220.0,15,270,3,3,2585.0,15.2,503,0,5,403445,3393280,504,0,5,-73.22
1810901,403455.0,3393220.0,15,270,3,3,2585.0,15.2,503,0,5,403405,3393160,505,42,6,-94.5
1810901,403455.0,3393220.0,15,270,3,3,2585.0,15.2,503,0,5,403390,3393165,506,0,12,-88.31
1810901,403455.0,3393220.0,15,270,3,3,2585.0,15.2,503,0,5,403360,3393195,506,0,6,-102.41
1810901,403455.0,3393220.0,15,270,3,3,2585.0,15.2,503,0,5,403425,3393140,505,0,5,-85.59
1810901,403455.0,3393220.0,15,270,3,3,2585.0,15.2,503,0,5,403480,3393235,503,0,5,-82.11
1810901,403455.0,3393220.0,15,270,3,3,2585.0,15.2,503,0,5,403470,3393245,503,0,5,-77.26
1810901,403455.0,3393220.0,15,270,3,3,2585.0,15.2,503,0,5,403475,3393250,503,0,5,-77.78
1810901,403455.0,3393220.0,15,270,3,3,2585.0,15.2,503,0,5,403450,3393265,504,0,5,-74.0
1810901,403455.0,3393220.0,15,270,3,3,2585.0,15.2,503,0,5,403440,3393275,504,0,5,-89.63
1810901,403455.0,3393220.0,15,270,3,3,2585.0,15.2,503,0,5,403420,3393135,505,0,5,-86.59
1810901,403455.0,3393220.0,15,270,3,3,2585.0,15.2,503,0,5,403435,3393130,505,0,5,-84.5
1810901,403455.0,3393220.0,15,270,3,3,2585.0,15.2,503,0,5,403485,3393240,503,0,5,-82.47
1810901,403455.0,3393220.0,15,270,3,3,2585.0,15.2,503,0,5,403415,3393150,505,42,6,-88.67
1810901,403455.0,3393220.0,15,270,3,3,2585.0,15.2,503,0,5,403460,3393255,503,0,6,-73.65
1810901,403455.0,3393220.0,15,270,3,3,2585.0,15.2,503,0,5,403430,3393125,505,0,5,-86.64
1810901,403455.0,3393220.0,15,270,3,3,2585.0,15.2,503,0,5,403380,3393175,506,0,12,-94.88
1810901,403455.0,3393220.0,15,270,3,3,2585.0,15.2,503,0,5,403455,3393270,504,0,5,-77.86
1810901,403455.0,3393220.0,15,270,3,3,2585.0,15.2,503,0,5,403370,3393185,506,0,5,-93.52
1810901,403455.0,3393220.0,15,270,3,3,2585.0,15.2,503,0,5,403490,3393225,503,0,5,-78.25
1810901,403455.0,3393220.0,15,270,3,3,2585.0,15.2,503,0,5,403515,3393210,503,0,13,-91.0
1810901,403455.0,3393220.0,15,270,3,3,2585.0,15.2,503,0,5,403365,3393200,506,0,5,-101.17
1810901,403455.0,3393220.0,15,270,3,3,2585.0,15.2,503,0,5,403100,3393455,507,0,10,-108.33
1810901,403455.0,3393220.0,15,270,3,3,2585.0,15.2,503,0,5,403495,3393230,503,0,5,-82.67
1810901,403455.0,3393220.0,15,270,3,3,2585.0,15.2,503,0,5,403375,3393190,506,0,5,-90.83
1810901,403455.0,3393220.0,15,270,3,3,2585.0,15.2,503,0,5,403385,3393180,506,0,5,-86.57
1810901,403455.0,3393220.0,15,270,3,3,2585.0,15.2,503,0,5,403410,3393145,505,0,6,-95.6
1810901,403455.0,3393220.0,15,270,3,3,2585.0,15.2,503,0,5,403465,3393260,503,0,6,-76.71
1810901,403455.0,3393220.0,15,270,3,3,2585.0,15.2,503,0,5,403505,3393220,503,0,13,-80.0
1810901,403455.0,3393220.0,15,270,3,3,2585.0,15.2,503,0,5,403475,3393065,504,0,5,-95.0
1810901,403455.0,3393220.0,15,270,3,3,2585.0,15.2,503,0,5,403420,3393040,506,0,5,-94.0
1810901,403455.0,3393220.0,15,270,3,3,2585.0,15.2,503,0,5,403315,3393225,507,42,11,-92.0
1810901,403455.0,3393220.0,15,270,3,3,2585.0,15.2,503,0,5,403390,3392990,505,0,7,-93.75
1810901,403455.0,3393220.0,15,270,3,3,2585.0,15.2,503,0,5,403385,3392995,505,0,7,-99.22
1810901,403455.0,3393220.0,15,270,3,3,2585.0,15.2,503,0,5,403400,3393020,506,0,7,-94.79
1810901,403455.0,3393220.0,15,270,3,3,2585.0,15.2,503,0,5,403435,3393025,506,0,5,-100.1
1810901,403455.0,3393220.0,15,270,3,3,2585.0,15.2,503,0,5,403070,3393310,507,0,5,-96.5
1810901,403455.0,3393220.0,15,270,3,3,2585.0,15.2,503,0,5,403290,3393210,508,0,5,-99.5
1810901,403455.0,3393220.0,15,270,3,3,2585.0,15.2,503,0,5,403130,3393370,505,0,13,-98.25
1810901,403455.0,3393220.0,15,270,3,3,2585.0,15.2,503,0,5,403515,3393105,504,0,13,-110.5
1810901,403455.0,3393220.0,15,270,3,3,2585.0,15.2,503,0,5,403360,3392980,505,0,7,-100.29
1810901,403455.0,3393220.0,15,270,3,3,2585.0,15.2,503,0,5,403080,3393340,507,0,6,-104.5
1810901,403455.0,3393220.0,15,270,3,3,2585.0,15.2,503,0,5,403310,3393230,508,42,11,-88.13
1810901,403455.0,3393220.0,15,270,3,3,2585.0,15.2,503,0,5,403355,3393265,506,0,7,-85.24
1810901,403455.0,3393220.0,15,270,3,3,2585.0,15.2,503,0,5,403350,3393270,506,0,7,-84.79
1810901,403455.0,3393220.0,15,270,3,3,2585.0,15.2,503,0,5,403325,3393255,507,0,7,-82.53
1810901,403455.0,3393220.0,15,270,3,3,2585.0,15.2,503,0,5,403380,3393000,505,0,7,-95.0
1810901,403455.0,3393220.0,15,270,3,3,2585.0,15.2,503,0,5,403335,3393245,506,0,7,-79.3
1810901,403455.0,3393220.0,15,270,3,3,2585.0,15.2,503,0,5,403340,3393280,506,0,5,-81.37
1810901,403455.0,3393220.0,15,270,3,3,2585.0,15.2,503,0,5,403410,3393010,506,0,5,-99.0
1810901,403455.0,3393220.0,15,270,3,3,2585.0,15.2,503,0,5,403430,3393030,506,0,5,-103.95
1810901,403455.0,3393220.0,15,270,3,3,2585.0,15.2,503,0,5,403365,3392975,505,0,7,-97.54
1810901,403455.0,3393220.0,15,270,3,3,2585.0,15.2,503,0,5,403345,3393275,506,0,5,-83.51
1810901,403455.0,3393220.0,15,270,3,3,2585.0,15.2,503,0,5,403425,3393035,506,0,5,-104.0
1810901,403455.0,3393220.0,15,270,3,3,2585.0,15.2,503,0,5,403305,3393235,508,42,5,-84.3
1810901,403455.0,3393220.0,15,270,3,3,2585.0,15.2,503,0,5,403075,3393305,507,0,5,-104.0
1810901,403455.0,3393220.0,15,270,3,3,2585.0,15.2,503,0,5,403295,3393205,508,0,5,-107.0
1810901,403455.0,3393220.0,15,270,3,3,2585.0,15.2,503,0,5,403285,3393215,508,0,5,-96.0
1810901,403455.0,3393220.0,15,270,3,3,2585.0,15.2,503,0,5,403440,3393060,505,0,10,-93.33
1810901,403455.0,3393220.0,15,270,3,3,2585.0,15.2,503,0,5,403140,3393400,506,84,5,-104.0
1810901,403455.0,3393220.0,15,270,3,3,2585.0,15.2,503,0,5,403485,3393095,504,0,5,-89.0
1810901,403455.0,3393220.0,15,270,3,3,2585.0,15.2,503,0,5,403330,3393250,507,0,7,-83.19
1810901,403455.0,3393220.0,15,270,3,3,2585.0,15.2,503,0,5,403470,3393070,504,0,5,-98.5
1810901,403455.0,3393220.0,15,270,3,3,2585.0,15.2,503,0,5,403135,3393365,505,0,5,-100.5
1810901,403455.0,3393220.0,15,270,3,3,2585.0,15.2,503,0,5,403145,3393395,505,0,12,-102.71
1810901,403455.0,3393220.0,15,270,3,3,2585.0,15.2,503,0,5,403395,3392985,505,0,5,-103.25
1810901,403455.0,3393220.0,15,270,3,3,2585.0,15.2,503,0,5,403375,3392965,505,0,7,-98.0
1810901,403455.0,3393220.0,15,270,3,3,2585.0,15.2,503,0,5,403040,3393300,508,0,5,-102.0
1810901,403455.0,3393220.0,15,270,3,3,2585.0,15.2,503,0,5,403370,3392970,505,0,7,-102.11
1810901,403455.0,3393220.0,15,270,3,3,2585.0,15.2,503,0,5,403300,3393240,508,42,5,-78.0
1810901,403455.0,3393220.0,15,270,3,3,2585.0,15.2,503,0,5,403155,3393385,505,0,12,-102.67
1810901,403455.0,3393220.0,15,270,3,3,2585.0,15.2,503,0,5,403150,3393390,505,0,12,-105.33
1810901,403455.0,3393220.0,15,270,3,3,2585.0,15.2,503,0,5,403320,3393260,507,0,7,-83.25
1810901,403455.0,3393220.0,15,270,3,3,2585.0,15.2,503,0,5,403505,3393115,504,0,13,-101.2
1810901,403455.0,3393220.0,15,270,3,3,2585.0,15.2,503,0,5,403495,3393085,504,0,6,-102.0
1810901,403455.0,3393220.0,15,270,3,3,2585.0,15.2,503,0,5,403445,3393055,505,0,10,-98.5
1810901,403455.0,3393220.0,15,270,3,3,2585.0,15.2,503,0,5,403500,3393120,504,0,13,-101.5
1810901,403455.0,3393220.0,15,270,3,3,2585.0,15.2,503,0,5,403160,3393420,506,84,5,-102.5
1810901,403455.0,3393220.0,15,270,3,3,2585.0,15.2,503,0,5,403405,3393015,506,0,5,-96.93
1810901,403455.0,3393220.0,15,270,3,3,2585.0,15.2,503,0,5,403640,3393145,505,66,13,-105.0
1810901,403455.0,3393220.0,15,270,3,3,2585.0,15.2,503,0,5,403540,3393245,503,0,16,-94.55
1810901,403455.0,3393220.0,15,270,3,3,2585.0,15.2,503,0,5,403530,3393275,504,0,13,-85.33
1810901,403455.0,3393220.0,15,270,3,3,2585.0,15.2,503,0,5,403520,3393265,503,0,5,-89.8
1810901,403455.0,3393220.0,15,270,3,3,2585.0,15.2,503,0,5,403525,3393270,504,0,5,-89.67
1810901,403455.0,3393220.0,15,270,3,3,2585.0,15.2,503,0,5,403555,3393260,503,0,16,-93.8
1810901,403455.0,3393220.0,15,270,3,3,2585.0,15.2,503,0,5,403545,3393250,503,0,16,-93.69
1810901,403455.0,3393220.0,15,270,3,3,2585.0,15.2,503,0,5,403550,3393255,503,0,16,-93.23
1810901,403455.0,3393220.0,15,270,3,3,2585.0,15.2,503,0,5,403365,3393050,507,0,6,-95.5
1810901,403455.0,3393220.0,15,270,3,3,2585.0,15.2,503,0,5,403100,3393425,507,0,5,-107.0
1810901,403455.0,3393220.0,15,270,3,3,2585.0,15.2,503,0,5,403370,3393055,507,24,6,-105.5
1810901,403455.0,3393220.0,15,270,3,3,2585.0,15.2,503,0,5,403245,3393250,508,0,5,-83.75
1810901,403455.0,3393220.0,15,270,3,3,2585.0,15.2,503,0,5,403335,3393180,507,0,5,-95.17
1810901,403455.0,3393220.0,15,270,3,3,2585.0,15.2,503,0,5,403170,3393335,505,0,6,-102.5
1810901,403455.0,3393220.0,15,270,3,3,2585.0,15.2,503,0,5,403345,3393190,507,0,5,-98.83
1810901,403455.0,3393220.0,15,270,3,3,2585.0,15.2,503,0,5,403465,3392990,507,0,7,-101.25
1810901,403455.0,3393220.0,15,270,3,3,2585.0,15.2,503,0,5,403080,3393405,507,0,5,-103.83
1810901,403455.0,3393220.0,15,270,3,3,2585.0,15.2,503,0,5,403340,3393185,507,0,5,-93.67
1810901,403455.0,3393220.0,15,270,3,3,2585.0,15.2,503,0,5,403490,3393015,506,0,7,-99.8
1810901,403455.0,3393220.0,15,270,3,3,2585.0,15.2,503,0,5,403415,3393100,506,0,5,-88.36
1810901,403455.0,3393220.0,15,270,3,3,2585.0,15.2,503,0,5,403105,3393430,507,0,5,-106.0
1810901,403455.0,3393220.0,15,270,3,3,2585.0,15.2,503,0,5,403135,3393300,505,0,5,-89.0
1810901,403455.0,3393220.0,15,270,3,3,2585.0,15.2,503,0,5,403190,3393355,506,0,6,-97.87
1810901,403455.0,3393220.0,15,270,3,3,2585.0,15.2,503,0,5,403240,3393245,508,0,5,-82.58
1810901,403455.0,3393220.0,15,270,3,3,2585.0,15.2,503,0,5,403125,3393290,505,0,10,-93.0
1810901,403455.0,3393220.0,15,270,3,3,2585.0,15.2,503,0,5,403375,3393060,507,24,6,-93.0
1810901,403455.0,3393220.0,15,270,3,3,2585.0,15.2,503,0,5,403445,3392970,506,0,7,-108.71
1810901,403455.0,3393220.0,15,270,3,3,2585.0,15.2,503,0,5,403420,3393105,506,0,5,-89.36
1810901,403455.0,3393220.0,15,270,3,3,2585.0,15.2,503,0,5,403260,3393265,508,0,5,-86.25
1810901,403455.0,3393220.0,15,270,3,3,2585.0,15.2,503,0,5,403395,3393080,507,0,6,-93.25
1810901,403455.0,3393220.0,15,270,3,3,2585.0,15.2,503,0,5,403310,3393155,508,0,5,-101.0
1810901,403455.0,3393220.0,15,270,3,3,2585.0,15.2,503,0,5,403390,3393075,507,0,6,-96.24
1810901,403455.0,3393220.0,15,270,3,3,2585.0,15.2,503,0,5,403400,3393085,506,0,6,-93.89
1810901,403455.0,3393220.0,15,270,3,3,2585.0,15.2,503,0,5,403120,3393285,505,0,10,-99.0
1810901,403455.0,3393220.0,15,270,3,3,2585.0,15.2,503,0,5,403180,3393345,506,0,6,-97.63
1810901,403455.0,3393220.0,15,270,3,3,2585.0,15.2,503,0,5,403275,3393280,508,0,5,-86.58
1810901,403455.0,3393220.0,15,270,3,3,2585.0,15.2,503,0,5,403405,3393090,506,0,6,-92.51
1810901,403455.0,3393220.0,15,270,3,3,2585.0,15.2,503,0,5,403195,3393360,506,0,6,-103.3
1810901,403455.0,3393220.0,15,270,3,3,2585.0,15.2,503,0,5,403430,3393115,505,0,5,-84.65
1810901,403455.0,3393220.0,15,270,3,3,2585.0,15.2,503,0,5,403085,3393410,507,0,5,-112.0
1810901,403455.0,3393220.0,15,270,3,3,2585.0,15.2,503,0,5,403185,3393350,506,0,6,-101.4
1810901,403455.0,3393220.0,15,270,3,3,2585.0,15.2,503,0,5,403480,3393005,506,0,7,-104.2
1810901,403455.0,3393220.0,15,270,3,3,2585.0,15.2,503,0,5,403425,3393110,505,0,5,-87.5
1810901,403455.0,3393220.0,15,270,3,3,2585.0,15.2,503,0,5,403270,3393275,508,0,5,-87.13
1810901,403455.0,3393220.0,15,270,3,3,2585.0,15.2,503,0,5,403175,3393340,506,0,6,-101.0
1810901,403455.0,3393220.0,15,270,3,3,2585.0,15.2,503,0,5,403250,3393255,508,0,5,-84.7
1810901,403455.0,3393220.0,15,270,3,3,2585.0,15.2,503,0,5,403155,3393320,505,33,5,-93.0
1810901,403455.0,3393220.0,15,270,3,3,2585.0,15.2,503,0,5,403460,3392985,507,0,7,-103.0
1810901,403455.0,3393220.0,15,270,3,3,2585.0,15.2,503,0,5,403440,3392965,506,0,7,-102.5
1810901,403455.0,3393220.0,15,270,3,3,2585.0,15.2,503,0,5,403410,3393095,506,0,6,-89.3
1810901,403455.0,3393220.0,15,270,3,3,2585.0,15.2,503,0,5,403355,3393200,506,0,5,-99.59
1810901,403455.0,3393220.0,15,270,3,3,2585.0,15.2,503,0,5,403255,3393260,508,0,6,-84.75
1810901,403455.0,3393220.0,15,270,3,3,2585.0,15.2,503,0,5,403435,3393120,505,0,5,-86.83
1810901,403455.0,3393220.0,15,270,3,3,2585.0,15.2,503,0,5,403265,3393270,508,0,11,-85.85
1810901,403455.0,3393220.0,15,270,3,3,2585.0,15.2,503,0,5,403325,3393170,507,42,5,-108.17
1810901,403455.0,3393220.0,15,270,3,3,2585.0,15.2,503,0,5,403385,3393070,507,24,6,-94.5
1810901,403455.0,3393220.0,15,270,3,3,2585.0,15.2,503,0,5,403165,3393330,505,0,5,-100.5
1810901,403455.0,3393220.0,15,270,3,3,2585.0,15.2,503,0,5,403485,3393010,506,0,7,-104.5
1810901,403455.0,3393220.0,15,270,3,3,2585.0,15.2,503,0,5,403500,3393025,506,0,5,-103.33
1810901,403455.0,3393220.0,15,270,3,3,2585.0,15.2,503,0,5,403350,3393195,506,0,6,-100.48
1810901,403455.0,3393220.0,15,270,3,3,2585.0,15.2,503,0,5,403315,3393160,508,42,5,-103.0
1810901,403455.0,3393220.0,15,270,3,3,2585.0,15.2,503,0,5,403380,3393065,507,24,6,-99.5
1810901,403455.0,3393220.0,15,270,3,3,2585.0,15.2,503,0,5,403415,3392820,504,0,10,-107.0
1810901,403455.0,3393220.0,15,270,3,3,2585.0,15.2,503,0,5,403505,3392910,505,0,5,-109.5
1810901,403455.0,3393220.0,15,270,3,3,2585.0,15.2,503,0,5,403565,3392970,505,0,5,-116.0
1810901,403455.0,3393220.0,15,270,3,3,2585.0,15.2,503,0,5,403475,3392960,506,0,7,-109.0
1810901,403455.0,3393220.0,15,270,3,3,2585.0,15.2,503,0,5,403490,3392895,505,0,7,-113.33
1810901,403455.0,3393220.0,15,270,3,3,2585.0,15.2,503,0,5,403470,3392955,506,0,7,-105.8
1810901,403455.0,3393220.0,15,270,3,3,2585.0,15.2,503,0,5,403575,3392980,505,0,6,-101.0
1810901,403455.0,3393220.0,15,270,3,3,2585.0,15.2,503,0,5,403485,3392890,505,0,7,-112.1
1810901,403455.0,3393220.0,15,270,3,3,2585.0,15.2,503,0,5,403465,3392950,506,0,7,-107.0
1810901,403455.0,3393220.0,15,270,3,3,2585.0,15.2,503,0,5,403450,3392935,506,0,5,-112.33
1810901,403455.0,3393220.0,15,270,3,3,2585.0,15.2,503,0,5,403500,3392905,505,0,5,-116.67
1810901,403455.0,3393220.0,15,270,3,3,2585.0,15.2,503,0,5,403445,3392930,506,0,5,-112.2
1810901,403455.0,3393220.0,15,270,3,3,2585.0,15.2,503,0,5,403300,3393210,508,0,5,-100.5
1810901,403455.0,3393220.0,15,270,3,3,2585.0,15.2,503,0,5,403390,3392980,505,0,5,-90.5
1810901,403455.0,3393220.0,15,270,3,3,2585.0,15.2,503,0,5,403385,3392965,505,0,5,-86.25
1810901,403455.0,3393220.0,15,270,3,3,2585.0,15.2,503,0,5,403295,3393235,508,42,5,-84.13
1810901,403455.0,3393220.0,15,270,3,3,2585.0,15.2,503,0,5,403290,3393240,508,42,5,-84.7
1810901,403455.0,3393220.0,15,270,3,3,2585.0,15.2,503,0,5,403395,3392975,505,0,5,-99.67
1810901,403455.0,3393220.0,15,270,3,3,2585.0,15.2,503,0,5,403490,3393120,504,0,5,-104.5
1810901,403455.0,3393220.0,15,270,3,3,2585.0,15.2,503,0,5,403265,3393165,508,0,5,-110.5
1810901,403455.0,3393220.0,15,270,3,3,2585.0,15.2,503,0,5,403495,3393115,504,0,5,-94.33
1810901,403455.0,3393220.0,15,270,3,3,2585.0,15.2,503,0,5,403320,3393270,507,0,7,-86.41
1810901,403455.0,3393220.0,15,270,3,3,2585.0,15.2,503,0,5,403330,3393280,507,0,5,-81.61
1810901,403455.0,3393220.0,15,270,3,3,2585.0,15.2,503,0,5,403445,3393065,505,0,10,-94.17
1810901,403455.0,3393220.0,15,270,3,3,2585.0,15.2,503,0,5,403325,3393265,507,0,7,-84.48
1810901,403455.0,3393220.0,15,270,3,3,2585.0,15.2,503,0,5,403345,3393245,506,0,7,-81.32
1810901,403455.0,3393220.0,15,270,3,3,2585.0,15.2,503,0,5,403430,3393020,506,0,10,-99.1
1810901,403455.0,3393220.0,15,270,3,3,2585.0,15.2,503,0,5,403435,3393015,506,0,5,-94.33
1810901,403455.0,3393220.0,15,270,3,3,2585.0,15.2,503,0,5,403350,3393260,506,0,7,-83.31
1810901,403455.0,3393220.0,15,270,3,3,2585.0,15.2,503,0,5,403410,3393040,506,0,7,-92.17
1810901,403455.0,3393220.0,15,270,3,3,2585.0,15.2,503,0,5,403335,3393275,506,0,5,-82.78
1810901,403455.0,3393220.0,15,270,3,3,2585.0,15.2,503,0,5,403405,3393025,506,0,7,-93.83
1810901,403455.0,3393220.0,15,270,3,3,2585.0,15.2,503,0,5,403285,3393225,508,0,11,-93.4
1810901,403455.0,3393220.0,15,270,3,3,2585.0,15.2,503,0,5,403140,3393370,505,0,13,-106.0
1810901,403455.0,3393220.0,15,270,3,3,2585.0,15.2,503,0,5,403150,3393380,505,0,12,-100.33
1810901,403455.0,3393220.0,15,270,3,3,2585.0,15.2,503,0,5,403155,3393375,505,0,12,-100.44
1810901,403455.0,3393220.0,15,270,3,3,2585.0,15.2,503,0,5,403075,3393295,507,0,5,-96.5
1810901,403455.0,3393220.0,15,270,3,3,2585.0,15.2,503,0,5,403185,3393405,505,0,5,-105.5
1810901,403455.0,3393220.0,15,270,3,3,2585.0,15.2,503,0,5,403355,3393255,506,0,7,-80.82
1810901,403455.0,3393220.0,15,270,3,3,2585.0,15.2,503,0,5,403375,3392995,505,0,7,-96.75
1810901,403455.0,3393220.0,15,270,3,3,2585.0,15.2,503,0,5,403400,3393030,506,0,7,-89.59
1810901,403455.0,3393220.0,15,270,3,3,2585.0,15.2,503,0,5,403360,3392990,505,0,7,-106.0
1810901,403455.0,3393220.0,15,270,3,3,2585.0,15.2,503,0,5,403370,3393000,505,0,7,-99.4
1810901,403455.0,3393220.0,15,270,3,3,2585.0,15.2,503,0,5,403440,3393070,505,0,5,-99.0
1810901,403455.0,3393220.0,15,270,3,3,2585.0,15.2,503,0,5,403425,3393005,506,0,10,-101.67
1810901,403455.0,3393220.0,15,270,3,3,2585.0,15.2,503,0,5,403380,3392970,505,0,7,-97.5
1810901,403455.0,3393220.0,15,270,3,3,2585.0,15.2,503,0,5,403280,3393230,508,0,11,-86.57
1810901,403455.0,3393220.0,15,270,3,3,2585.0,15.2,503,0,5,403415,3393035,506,0,5,-101.64
1810901,403455.0,3393220.0,15,270,3,3,2585.0,15.2,503,0,5,403145,3393365,505,0,5,-102.33
1810901,403455.0,3393220.0,15,270,3,3,2585.0,15.2,503,0,5,403340,3393250,506,0,7,-79.62
1810901,403455.0,3393220.0,15,270,3,3,2585.0,15.2,503,0,5,403305,3393205,508,0,5,-101.0
1810901,403455.0,3393220.0,15,270,3,3,2585.0,15.2,503,0,5,403365,3392985,505,0,7,-101.5
1810901,403455.0,3393220.0,15,270,3,3,2585.0,15.2,503,0,5,403465,3393045,505,0,5,-106.0
1810901,403455.0,3393220.0,15,270,3,3,2585.0,15.2,503,0,5,403420,3393010,506,0,10,-96.11
1810901,403455.0,3393220.0,15,270,3,3,2585.0,15.2,503,0,5,403255,3393195,508,0,5,-104.0
1810901,403455.0,3393220.0,15,270,3,3,2585.0,15.2,503,0,5,403460,3393050,505,0,10,-93.0
1810901,403455.0,3393220.0,15,270,3,3,2585.0,15.2,503,0,5,403480,3393110,504,0,7,-98.33
1810901,403455.0,3393220.0,15,270,3,3,2585.0,15.2,503,0,5,403485,3393105,504,0,5,-98.0
1810901,403455.0,3393220.0,15,270,3,3,2585.0,15.2,503,0,5,403450,3393080,505,0,6,-96.5
1810901,403455.0,3393220.0,15,270,3,3,2585.0,15.2,503,0,5,403475,3393055,505,0,10,-98.0
1810901,403455.0,3393220.0,15,270,3,3,2585.0,15.2,503,0,5,403415,3393340,505,54,6,-112.75
1810901,403455.0,3393220.0,15,270,3,3,2585.0,15.2,503,0,5,403405,3393330,505,0,6,-90.5
1810901,403455.0,3393220.0,15,270,3,3,2585.0,15.2,503,0,5,403400,3393325,505,0,6,-107.0
1810901,403455.0,3393220.0,15,270,3,3,2585.0,15.2,503,0,5,403385,3393310,505,0,5,-91.42
1810901,403455.0,3393220.0,15,270,3,3,2585.0,15.2,503,0,5,403360,3393285,505,0,11,-81.45
1810901,403455.0,3393220.0,15,270,3,3,2585.0,15.2,503,0,5,403375,3393300,505,0,5,-91.84
1810901,403455.0,3393220.0,15,270,3,3,2585.0,15.2,503,0,5,403370,3393295,505,0,5,-87.41
1810901,403455.0,3393220.0,15,270,3,3,2585.0,15.2,503,0,5,403395,3393320,505,0,6,-75.0
1810901,403455.0,3393220.0,15,270,3,3,2585.0,15.2,503,0,5,403380,3393305,505,0,5,-90.05
1810901,403455.0,3393220.0,15,270,3,3,2585.0,15.2,503,0,5,403390,3393315,505,0,5,-92.78
1810901,403455.0,3393220.0,15,270,3,3,2585.0,15.2,503,0,5,403365,3393290,505,0,11,-79.07
1810901,403455.0,3393220.0,15,270,3,3,2585.0,15.2,503,0,5,403430,3393355,505,0,7,-100.0
1810901,403455.0,3393220.0,15,270,3,3,2585.0,15.2,503,0,5,403335,3393000,506,24,6,-107.0
1810901,403455.0,3393220.0,15,270,3,3,2585.0,15.2,503,0,5,403505,3393130,503,0,13,-112.0
1810901,403455.0,3393220.0,15,270,3,3,2585.0,15.2,503,0,5,403480,3393145,503,0,7,-96.5
1810901,403455.0,3393220.0,15,270,3,3,2585.0,15.2,503,0,5,403400,3393225,504,42,5,-80.91
1810901,403455.0,3393220.0,15,270,3,3,2585.0,15.2,503,0,5,403380,3393245,504,0,7,-78.42
1810901,403455.0,3393220.0,15,270,3,3,2585.0,15.2,503,0,5,403415,3393240,504,0,11,-84.24
1810901,403455.0,3393220.0,15,270,3,3,2585.0,15.2,503,0,5,403465,3393170,503,0,7,-99.2
1810901,403455.0,3393220.0,15,270,3,3,2585.0,15.2,503,0,5,403430,3393215,504,0,5,-79.42
1810901,403455.0,3393220.0,15,270,3,3,2585.0,15.2,503,0,5,403395,3393260,504,0,7,-82.0
1810901,403455.0,3393220.0,15,270,3,3,2585.0,15.2,503,0,5,403370,3393275,505,0,5,-82.27
1810901,403455.0,3393220.0,15,270,3,3,2585.0,15.2,503,0,5,403470,3393175,503,0,7,-88.57
1810901,403455.0,3393220.0,15,270,3,3,2585.0,15.2,503,0,5,403445,3393190,504,0,5,-86.24
1810901,403455.0,3393220.0,15,270,3,3,2585.0,15.2,503,0,5,403475,3393180,503,0,7,-90.71
1810901,403455.0,3393220.0,15,270,3,3,2585.0,15.2,503,0,5,403425,3393210,504,0,5,-85.0
1810901,403455.0,3393220.0,15,270,3,3,2585.0,15.2,503,0,5,403420,3393205,504,0,5,-87.6
1810901,403455.0,3393220.0,15,270,3,3,2585.0,15.2,503,0,5,403355,3392980,505,0,7,-103.6
1810901,403455.0,3393220.0,15,270,3,3,2585.0,15.2,503,0,5,403460,3393165,504,0,5,-96.25
1810901,403455.0,3393220.0,15,270,3,3,2585.0,15.2,503,0,5,403360,3393265,505,0,7,-83.92
1810901,403455.0,3393220.0,15,270,3,3,2585.0,15.2,503,0,5,403375,3393280,505,0,11,-83.0
1810901,403455.0,3393220.0,15,270,3,3,2585.0,15.2,503,0,5,403410,3393235,504,0,5,-72.74
1810901,403455.0,3393220.0,15,270,3,3,2585.0,15.2,503,0,5,403435,3393220,504,0,6,-72.38
1810901,403455.0,3393220.0,15,270,3,3,2585.0,15.2,503,0,5,403450,3393195,504,0,5,-86.94
1810901,403455.0,3393220.0,15,270,3,3,2585.0,15.2,503,0,5,403455,3393200,503,0,5,-83.93
1810901,403455.0,3393220.0,15,270,3,3,2585.0,15.2,503,0,5,403490,3393155,503,0,7,-107.0
1810901,403455.0,3393220.0,15,270,3,3,2585.0,15.2,503,0,5,403385,3393250,504,0,7,-78.83
1810901,403455.0,3393220.0,15,270,3,3,2585.0,15.2,503,0,5,403405,3393230,504,0,5,-74.82
1810901,403455.0,3393220.0,15,270,3,3,2585.0,15.2,503,0,5,403365,3393270,505,0,7,-85.76
1810901,403455.0,3393220.0,15,270,3,3,2585.0,15.2,503,0,5,403440,3393185,504,0,5,-90.86
1810901,403455.0,3393220.0,15,270,3,3,2585.0,15.2,503,0,5,403340,3392965,506,0,5,-112.0
1810901,403455.0,3393220.0,15,270,3,3,2585.0,15.2,503,0,5,403140,3393485,505,0,5,-99.5
1810901,403455.0,3393220.0,15,270,3,3,2585.0,15.2,503,0,5,403390,3393255,504,0,7,-81.48
1810901,403455.0,3393220.0,15,270,3,3,2585.0,15.2,503,0,5,403345,3392970,506,0,7,-106.0
1810901,403455.0,3393220.0,15,270,3,3,2585.0,15.2,503,0,5,403350,3392975,506,0,7,-98.25
1810901,403455.0,3393220.0,15,270,3,3,2585.0,15.2,503,0,5,403500,3393125,504,0,13,-97.0
1810901,403455.0,3393220.0,15,270,3,3,2585.0,15.2,503,0,5,403495,3393160,503,0,7,-96.0
1810901,403455.0,3393220.0,15,270,3,3,2585.0,15.2,503,0,5,403625,3393070,504,0,6,-98.5
1810901,403455.0,3393220.0,15,270,3,3,2585.0,15.2,503,0,5,403435,3392880,505,0,7,-111.5
1810901,403455.0,3393220.0,15,270,3,3,2585.0,15.2,503,0,5,403460,3392905,505,0,10,-109.22
1810901,403455.0,3393220.0,15,270,3,3,2585.0,15.2,503,0,5,403455,3392900,505,0,5,-116.0
1810901,403455.0,3393220.0,15,270,3,3,2585.0,15.2,503,0,5,403485,3392930,506,0,5,-109.43
1810901,403455.0,3393220.0,15,270,3,3,2585.0,15.2,503,0,5,403505,3392950,506,0,7,-111.67
1810901,403455.0,3393220.0,15,270,3,3,2585.0,15.2,503,0,5,403500,3392945,506,0,5,-109.8
1810901,403455.0,3393220.0,15,270,3,3,2585.0,15.2,503,0,5,403490,3392935,506,0,5,-109.57
1810901,403455.0,3393220.0,15,270,3,3,2585.0,15.2,503,0,5,403465,3392910,505,0,10,-107.2
1810901,403455.0,3393220.0,15,270,3,3,2585.0,15.2,503,0,5,403525,3392970,506,0,7,-112.0
1810901,403455.0,3393220.0,15,270,3,3,2585.0,15.2,503,0,5,403480,3392925,506,0,10,-110.4
1810901,403455.0,3393220.0,15,270,3,3,2585.0,15.2,503,0,5,403490,3393105,504,0,5,-97.0
1810901,403455.0,3393220.0,15,270,3,3,2585.0,15.2,503,0,5,403440,3393075,505,0,5,-97.0
1810901,403455.0,3393220.0,15,270,3,3,2585.0,15.2,503,0,5,403305,3393220,508,0,5,-102.5
1810901,403455.0,3393220.0,15,270,3,3,2585.0,15.2,503,0,5,403255,3393190,508,0,5,-95.0
1810901,403455.0,3393220.0,15,270,3,3,2585.0,15.2,503,0,5,403385,3392980,505,0,7,-98.8
1810901,403455.0,3393220.0,15,270,3,3,2585.0,15.2,503,0,5,403150,3393365,505,0,5,-103.78
1810901,403455.0,3393220.0,15,270,3,3,2585.0,15.2,503,0,5,403320,3393275,507,0,5,-84.42
1810901,403455.0,3393220.0,15,270,3,3,2585.0,15.2,503,0,5,403380,3392975,505,0,7,-87.75
1810901,403455.0,3393220.0,15,270,3,3,2585.0,15.2,503,0,5,403405,3393040,506,0,7,-92.5
1810901,403455.0,3393220.0,15,270,3,3,2585.0,15.2,503,0,5,403435,3393010,506,0,10,-101.25
1810901,403455.0,3393220.0,15,270,3,3,2585.0,15.2,503,0,5,403285,3393240,508,42,11,-81.64
1810901,403455.0,3393220.0,15,270,3,3,2585.0,15.2,503,0,5,403300,3393215,508,0,5,-95.5
1810901,403455.0,3393220.0,15,270,3,3,2585.0,15.2,503,0,5,403060,3393295,507,0,11,-92.0
1810901,403455.0,3393220.0,15,270,3,3,2585.0,15.2,503,0,5,403415,3393030,506,0,5,-100.08
1810901,403455.0,3393220.0,15,270,3,3,2585.0,15.2,503,0,5,403420,3393015,506,0,10,-98.38
1810901,403455.0,3393220.0,15,270,3,3,2585.0,15.2,503,0,5,403190,3393405,505,0,6,-111.0
1810901,403455.0,3393220.0,15,270,3,3,2585.0,15.2,503,0,5,403140,3393375,505,0,12,-106.0
1810901,403455.0,3393220.0,15,270,3,3,2585.0,15.2,503,0,5,403135,3393390,505,0,12,-103.5
1810901,403455.0,3393220.0,15,270,3,3,2585.0,15.2,503,0,5,403145,3393380,505,0,12,-103.07
1810901,403455.0,3393220.0,15,270,3,3,2585.0,15.2,503,0,5,403155,3393370,505,0,13,-102.56
1810901,403455.0,3393220.0,15,270,3,3,2585.0,15.2,503,0,5,403330,3393265,507,0,7,-84.04
1810901,403455.0,3393220.0,15,270,3,3,2585.0,15.2,503,0,5,403335,3393270,506,0,7,-85.58
1810901,403455.0,3393220.0,15,270,3,3,2585.0,15.2,503,0,5,403370,3392985,505,0,7,-97.05
1810901,403455.0,3393220.0,15,270,3,3,2585.0,15.2,503,0,5,403355,3393250,506,0,7,-81.16
1810901,403455.0,3393220.0,15,270,3,3,2585.0,15.2,503,0,5,403350,3393245,506,0,7,-80.21
1810901,403455.0,3393220.0,15,270,3,3,2585.0,15.2,503,0,5,403345,3393260,506,0,7,-83.04
1810901,403455.0,3393220.0,15,270,3,3,2585.0,15.2,503,0,5,403400,3393035,506,0,7,-91.3
1810901,403455.0,3393220.0,15,270,3,3,2585.0,15.2,503,0,5,403410,3393025,506,0,5,-95.1
1810901,403455.0,3393220.0,15,270,3,3,2585.0,15.2,503,0,5,403065,3393300,507,0,11,-102.67
1810901,403455.0,3393220.0,15,270,3,3,2585.0,15.2,503,0,5,403430,3393005,506,0,10,-100.54
1810901,403455.0,3393220.0,15,270,3,3,2585.0,15.2,503,0,5,403425,3393020,506,0,10,-99.0
1810901,403455.0,3393220.0,15,270,3,3,2585.0,15.2,503,0,5,403325,3393280,507,0,11,-83.03
1810901,403455.0,3393220.0,15,270,3,3,2585.0,15.2,503,0,5,403315,3393210,508,0,5,-103.0
1810901,403455.0,3393220.0,15,270,3,3,2585.0,15.2,503,0,5,403395,3392970,505,0,5,-116.0
1810901,403455.0,3393220.0,15,270,3,3,2585.0,15.2,503,0,5,403310,3393205,508,0,5,-97.0
1810901,403455.0,3393220.0,15,270,3,3,2585.0,15.2,503,0,5,403375,3392990,505,0,7,-99.27
1810901,403455.0,3393220.0,15,270,3,3,2585.0,15.2,503,0,5,403340,3393255,506,0,7,-81.76
1810901,403455.0,3393220.0,15,270,3,3,2585.0,15.2,503,0,5,403280,3393235,508,42,11,-83.71
1810901,403455.0,3393220.0,15,270,3,3,2585.0,15.2,503,0,5,403290,3393225,508,0,5,-89.0
1810901,403455.0,3393220.0,15,270,3,3,2585.0,15.2,503,0,5,403295,3393230,508,42,5,-84.0
1810901,403455.0,3393220.0,15,270,3,3,2585.0,15.2,503,0,5,403275,3393170,508,42,5,-112.5
1810901,403455.0,3393220.0,15,270,3,3,2585.0,15.2,503,0,5,403475,3393050,505,0,10,-105.0
1810901,403455.0,3393220.0,15,270,3,3,2585.0,15.2,503,0,5,403505,3393100,504,0,5,-100.0
1810901,403455.0,3393220.0,15,270,3,3,2585.0,15.2,503,0,5,403470,3393045,505,0,5,-95.5
1810901,403455.0,3393220.0,15,270,3,3,2585.0,15.2,503,0,5,403365,3393000,506,0,7,-99.0
1810901,403455.0,3393220.0,15,270,3,3,2585.0,15.2,503,0,5,403545,3393235,503,0,16,-95.5
1810901,403455.0,3393220.0,15,270,3,3,2585.0,15.2,503,0,5,403525,3393215,503,0,16,-90.33
1810901,403455.0,3393220.0,15,270,3,3,2585.0,15.2,503,0,5,403320,3392860,506,0,6,-94.5
1810901,403455.0,3393220.0,15,270,3,3,2585.0,15.2,503,0,5,403575,3393245,503,0,5,-98.0
1810901,403455.0,3393220.0,15,270,3,3,2585.0,15.2,503,0,5,403570,3393250,503,0,13,-96.8
1810901,403455.0,3393220.0,15,270,3,3,2585.0,15.2,503,0,5,403610,3393130,504,0,5,-103.5
1810901,403455.0,3393220.0,15,270,3,3,2585.0,15.2,503,0,5,403560,3393260,503,0,13,-95.33
1810901,403455.0,3393220.0,15,270,3,3,2585.0,15.2,503,0,5,403530,3393210,503,5,16,-99.0
1810901,403455.0,3393220.0,15,270,3,3,2585.0,15.2,503,0,5,403565,3393255,503,0,13,-93.33
1810901,403455.0,3393220.0,15,270,3,3,2585.0,15.2,503,0,5,403295,3392945,507,0,5,-98.5
1810901,403455.0,3393220.0,15,270,3,3,2585.0,15.2,503,0,5,403330,3392910,507,0,7,-112.33
1810901,403455.0,3393220.0,15,270,3,3,2585.0,15.2,503,0,5,403335,3392905,507,0,7,-100.5
1810901,403455.0,3393220.0,15,270,3,3,2585.0,15.2,503,0,5,403520,3393200,503,0,13,-90.0
1810901,403455.0,3393220.0,15,270,3,3,2585.0,15.2,503,0,5,403340,3392900,507,0,7,-100.25
1810901,403455.0,3393220.0,15,270,3,3,2585.0,15.2,503,0,5,403320,3392920,507,0,5,-95.0
1810901,403455.0,3393220.0,15,270,3,3,2585.0,15.2,503,0,5,403625,3393255,505,0,10,-97.67
1810901,403455.0,3393220.0,15,270,3,3,2585.0,15.2,503,0,5,403605,3393275,505,0,5,-89.0
1810901,403455.0,3393220.0,15,270,3,3,2585.0,15.2,503,0,5,403305,3393185,508,0,5,-106.33
1810901,403455.0,3393220.0,15,270,3,3,2585.0,15.2,503,0,5,403290,3393180,508,0,12,-108.0
1810901,403455.0,3393220.0,15,270,3,3,2585.0,15.2,503,0,5,403075,3393435,507,0,5,-106.33
1810901,403455.0,3393220.0,15,270,3,3,2585.0,15.2,503,0,5,403205,3393245,508,0,5,-81.5
1810901,403455.0,3393220.0,15,270,3,3,2585.0,15.2,503,0,5,403385,3393105,507,0,6,-87.5
1810901,403455.0,3393220.0,15,270,3,3,2585.0,15.2,503,0,5,403525,3392925,506,0,5,-103.5
1810901,403455.0,3393220.0,15,270,3,3,2585.0,15.2,503,0,5,403265,3393225,508,0,5,-101.0
1810901,403455.0,3393220.0,15,270,3,3,2585.0,15.2,503,0,5,403210,3393260,508,0,7,-83.75
1810901,403455.0,3393220.0,15,270,3,3,2585.0,15.2,503,0,5,403490,3392980,507,102,2,-95.0
1810901,403455.0,3393220.0,15,270,3,3,2585.0,15.2,503,0,5,403295,3393175,508,0,12,-115.17
1810901,403455.0,3393220.0,15,270,3,3,2585.0,15.2,503,0,5,403365,3393085,507,24,6,-96.0
1810901,403455.0,3393220.0,15,270,3,3,2585.0,15.2,503,0,5,403300,3393190,508,0,5,-104.0
1810901,403455.0,3393220.0,15,270,3,3,2585.0,15.2,503,0,5,403395,3393115,506,24,6,-100.4
1810901,403455.0,3393220.0,15,270,3,3,2585.0,15.2,503,0,5,403485,3392965,506,0,7,-106.33
1810901,403455.0,3393220.0,15,270,3,3,2585.0,15.2,503,0,5,403235,3393275,508,0,5,-91.75
1810901,403455.0,3393220.0,15,270,3,3,2585.0,15.2,503,0,5,403415,3393055,506,0,7,-89.71
1810901,403455.0,3393220.0,15,270,3,3,2585.0,15.2,503,0,5,403370,3393100,507,0,6,-100.0
1810901,403455.0,3393220.0,15,270,3,3,2585.0,15.2,503,0,5,403390,3393120,506,0,6,-101.67
1810901,403455.0,3393220.0,15,270,3,3,2585.0,15.2,503,0,5,403275,3393235,508,42,11,-85.08
1810901,403455.0,3393220.0,15,270,3,3,2585.0,15.2,503,0,5,403190,3393320,506,0,6,-100.0
1810901,403455.0,3393220.0,15,270,3,3,2585.0,15.2,503,0,5,403175,3393295,506,0,5,-87.5
1810901,403455.0,3393220.0,15,270,3,3,2585.0,15.2,503,0,5,403540,3392950,506,0,10,-104.75
1810901,403455.0,3393220.0,15,270,3,3,2585.0,15.2,503,0,5,403405,3393045,506,0,7,-92.07
1810901,403455.0,3393220.0,15,270,3,3,2585.0,15.2,503,0,5,403315,3393195,508,0,5,-103.0
1810901,403455.0,3393220.0,15,270,3,3,2585.0,15.2,503,0,5,403250,3393220,508,0,5,-97.0
1810901,403455.0,3393220.0,15,270,3,3,2585.0,15.2,503,0,5,403255,3393215,508,0,5,-113.0
1810901,403455.0,3393220.0,15,270,3,3,2585.0,15.2,503,0,5,403225,3393265,508,0,7,-90.0
1810901,403455.0,3393220.0,15,270,3,3,2585.0,15.2,503,0,5,403220,3393270,508,0,7,-87.0
1810901,403455.0,3393220.0,15,270,3,3,2585.0,15.2,503,0,5,403195,3393315,507,0,6,-99.0
1810901,403455.0,3393220.0,15,270,3,3,2585.0,15.2,503,0,5,403200,3393250,508,0,6,-94.8
1810901,403455.0,3393220.0,15,270,3,3,2585.0,15.2,503,0,5,403410,3393060,506,0,7,-90.86
1810901,403455.0,3393220.0,15,270,3,3,2585.0,15.2,503,0,5,403165,3393285,506,0,5,-92.33
1810901,403455.0,3393220.0,15,270,3,3,2585.0,15.2,503,0,5,403140,3393350,505,0,6,-100.75
1810901,403455.0,3393220.0,15,270,3,3,2585.0,15.2,503,0,5,403450,3393020,506,0,7,-99.11
1810901,403455.0,3393220.0,15,270,3,3,2585.0,15.2,503,0,5,403400,3393050,506,0,7,-92.36
1810901,403455.0,3393220.0,15,270,3,3,2585.0,15.2,503,0,5,403160,3393290,506,0,5,-93.67
1810901,403455.0,3393220.0,15,270,3,3,2585.0,15.2,503,0,5,403380,3393110,507,24,6,-111.5
1810901,403455.0,3393220.0,15,270,3,3,2585.0,15.2,503,0,5,403460,3393030,506,0,5,-97.0
1810901,403455.0,3393220.0,15,270,3,3,2585.0,15.2,503,0,5,403420,3393070,506,0,5,-87.67
1810901,403455.0,3393220.0,15,270,3,3,2585.0,15.2,503,0,5,403185,3393305,506,0,5,-102.33
1810901,403455.0,3393220.0,15,270,3,3,2585.0,15.2,503,0,5,403520,3392930,506,0,5,-109.69
1810901,403455.0,3393220.0,15,270,3,3,2585.0,15.2,503,0,5,403150,3393360,505,6,5,-101.14
1810901,403455.0,3393220.0,15,270,3,3,2585.0,15.2,503,0,5,403425,3393065,506,0,5,-89.6
1810901,403455.0,3393220.0,15,270,3,3,2585.0,15.2,503,0,5,403155,3393355,505,6,6,-102.0
1810901,403455.0,3393220.0,15,270,3,3,2585.0,15.2,503,0,5,403230,3393280,508,0,5,-95.8
1810901,403455.0,3393220.0,15,270,3,3,2585.0,15.2,503,0,5,403270,3393240,508,42,11,-80.06
1810901,403455.0,3393220.0,15,270,3,3,2585.0,15.2,503,0,5,403480,3392970,507,0,7,-105.6
1810901,403455.0,3393220.0,15,270,3,3,2585.0,15.2,503,0,5,403445,3393005,506,102,5,-98.5
1810901,403455.0,3393220.0,15,270,3,3,2585.0,15.2,503,0,5,403430,3393080,505,0,6,-98.67
1810901,403455.0,3393220.0,15,270,3,3,2585.0,15.2,503,0,5,403440,3393010,506,0,10,-97.29
1810901,403455.0,3393220.0,15,270,3,3,2585.0,15.2,503,0,5,403465,3393025,506,0,7,-100.86
1810901,403455.0,3393220.0,15,270,3,3,2585.0,15.2,503,0,5,403065,3393425,507,0,5,-94.0
1810901,403455.0,3393220.0,15,270,3,3,2585.0,15.2,503,0,5,403180,3393310,506,0,5,-98.0
1810901,403455.0,3393220.0,15,270,3,3,2585.0,15.2,503,0,5,403470,3393040,505,0,5,-92.33
1810901,403455.0,3393220.0,15,270,3,3,2585.0,15.2,503,0,5,403310,3393200,508,0,6,-99.8
1810901,403455.0,3393220.0,15,270,3,3,2585.0,15.2,503,0,5,403455,3393015,506,0,7,-95.67
1810901,403455.0,3393220.0,15,270,3,3,2585.0,15.2,503,0,5,403355,3393155,507,0,5,-95.0
1810901,403455.0,3393220.0,15,270,3,3,2585.0,15.2,503,0,5,403475,3393035,505,0,5,-95.86
1810901,403455.0,3393220.0,15,270,3,3,2585.0,15.2,503,0,5,403145,3393345,505,0,6,-100.33
1810901,403455.0,3393220.0,15,270,3,3,2585.0,15.2,503,0,5,403260,3393230,508,0,6,-82.33
1810901,403455.0,3393220.0,15,270,3,3,2585.0,15.2,503,0,5,403435,3393075,505,0,5,-105.8
1810901,403455.0,3393220.0,15,270,3,3,2585.0,15.2,503,0,5,403365,3393155,507,42,5,-94.78
1810901,403455.0,3393220.0,15,270,3,3,2585.0,15.2,503,0,5,403495,3393265,503,0,5,-82.9
1810901,403455.0,3393220.0,15,270,3,3,2585.0,15.2,503,0,5,403370,3393150,506,0,5,-101.29
1810901,403455.0,3393220.0,15,270,3,3,2585.0,15.2,503,0,5,403455,3393225,503,0,6,-76.5
1810901,403455.0,3393220.0,15,270,3,3,2585.0,15.2,503,0,5,403480,3393280,504,0,6,-75.75
1810901,403455.0,3393220.0,15,270,3,3,2585.0,15.2,503,0,5,403425,3393175,505,42,6,-99.2
1810901,403455.0,3393220.0,15,270,3,3,2585.0,15.2,503,0,5,403445,3393235,503,0,6,-82.67
1810901,403455.0,3393220.0,15,270,3,3,2585.0,15.2,503,0,5,403440,3393240,503,0,5,-87.21
1810901,403455.0,3393220.0,15,270,3,3,2585.0,15.2,503,0,5,403505,3393255,503,0,5,-87.44
1810901,403455.0,3393220.0,15,270,3,3,2585.0,15.2,503,0,5,403460,3393220,503,0,5,-80.13
1810901,403455.0,3393220.0,15,270,3,3,2585.0,15.2,503,0,5,403490,3393270,504,0,5,-85.22
1810901,403455.0,3393220.0,15,270,3,3,2585.0,15.2,503,0,5,403410,3393190,505,0,6,-91.0
1810901,403455.0,3393220.0,15,270,3,3,2585.0,15.2,503,0,5,403415,3393185,505,0,5,-94.43
1810901,403455.0,3393220.0,15,270,3,3,2585.0,15.2,503,0,5,403420,3393180,505,42,6,-100.1
1810901,403455.0,3393220.0,15,270,3,3,2585.0,15.2,503,0,5,403405,3393195,505,0,5,-81.07
1810901,403455.0,3393220.0,15,270,3,3,2585.0,15.2,503,0,5,403385,3393135,506,0,12,-95.64
1810901,403455.0,3393220.0,15,270,3,3,2585.0,15.2,503,0,5,403450,3393230,503,0,6,-77.8
1810901,403455.0,3393220.0,15,270,3,3,2585.0,15.2,503,0,5,403390,3393130,506,0,5,-101.25
1810901,403455.0,3393220.0,15,270,3,3,2585.0,15.2,503,0,5,403470,3393210,503,0,5,-85.12
1810901,403455.0,3393220.0,15,270,3,3,2585.0,15.2,503,0,5,403430,3393170,504,0,6,-89.63
1810901,403455.0,3393220.0,15,270,3,3,2585.0,15.2,503,0,5,403475,3393205,503,0,5,-87.87
1810901,403455.0,3393220.0,15,270,3,3,2585.0,15.2,503,0,5,403435,3393165,504,0,5,-89.54
1810901,403455.0,3393220.0,15,270,3,3,2585.0,15.2,503,0,5,403465,3393215,503,0,5,-84.77
1810901,403455.0,3393220.0,15,270,3,3,2585.0,15.2,503,0,5,403400,3393200,505,0,5,-86.78
1810901,403455.0,3393220.0,15,270,3,3,2585.0,15.2,503,0,5,403395,3393125,506,0,6,-99.6
1810901,403455.0,3393220.0,15,270,3,3,2585.0,15.2,503,0,5,403380,3393140,506,0,12,-98.0
1810901,403455.0,3393220.0,15,270,3,3,2585.0,15.2,503,0,5,403515,3393245,503,0,5,-87.2
1810901,403455.0,3393220.0,15,270,3,3,2585.0,15.2,503,0,5,403375,3393145,506,0,5,-102.33
1810901,403455.0,3393220.0,15,270,3,3,2585.0,15.2,503,0,5,403510,3393250,503,0,5,-86.23
1810901,403455.0,3393220.0,15,270,3,3,2585.0,15.2,503,0,5,403500,3393260,503,0,5,-87.64
1810901,403455.0,3393220.0,15,270,3,3,2585.0,15.2,503,0,5,403360,3393160,507,0,5,-95.29
1810901,403455.0,3393220.0,15,270,3,3,2585.0,15.2,503,0,5,403485,3393275,504,0,5,-86.63
1810901,403455.0,3393220.0,15,270,3,3,2585.0,15.2,503,0,5,403465,3393150,503,0,7,-106.4
1810901,403455.0,3393220.0,15,270,3,3,2585.0,15.2,503,0,5,403460,3393145,504,0,7,-109.25
1810901,403455.0,3393220.0,15,270,3,3,2585.0,15.2,503,0,5,403470,3393155,503,0,7,-100.0
1810901,403455.0,3393220.0,15,270,3,3,2585.0,15.2,503,0,5,403455,3393140,504,0,7,-87.5
1810901,403455.0,3393220.0,15,270,3,3,2585.0,15.2,503,0,5,403480,3393165,503,0,7,-99.5
1810901,403455.0,3393220.0,15,270,3,3,2585.0,15.2,503,0,5,403445,3393130,504,0,7,-87.17
1810901,403455.0,3393220.0,15,270,3,3,2585.0,15.2,503,0,5,403375,3393220,505,42,11,-86.88
1810901,403455.0,3393220.0,15,270,3,3,2585.0,15.2,503,0,5,403475,3393160,503,0,7,-88.2
1810901,403455.0,3393220.0,15,270,3,3,2585.0,15.2,503,0,5,403500,3393185,503,0,7,-90.5
1810901,403455.0,3393220.0,15,270,3,3,2585.0,15.2,503,0,5,403440,3393125,505,0,5,-87.45
1810901,403455.0,3393220.0,15,270,3,3,2585.0,15.2,503,0,5,403395,3393240,504,0,5,-69.3
1810901,403455.0,3393220.0,15,270,3,3,2585.0,15.2,503,0,5,403380,3393225,505,42,5,-85.58
1810901,403455.0,3393220.0,15,270,3,3,2585.0,15.2,503,0,5,403430,3393275,504,0,5,-78.14
1810901,403455.0,3393220.0,15,270,3,3,2585.0,15.2,503,0,5,402980,3393305,508,0,5,-92.0
1810901,403455.0,3393220.0,15,270,3,3,2585.0,15.2,503,0,5,403365,3393210,506,0,11,-86.57
1810901,403455.0,3393220.0,15,270,3,3,2585.0,15.2,503,0,5,403390,3393235,504,0,5,-79.0
1810901,403455.0,3393220.0,15,270,3,3,2585.0,15.2,503,0,5,403360,3393205,506,0,5,-101.13
1810901,403455.0,3393220.0,15,270,3,3,2585.0,15.2,503,0,5,403415,3393260,504,0,5,-84.89
1810901,403455.0,3393220.0,15,270,3,3,2585.0,15.2,503,0,5,403405,3393250,504,0,5,-76.83
1810901,403455.0,3393220.0,15,270,3,3,2585.0,15.2,503,0,5,403420,3393265,504,0,5,-84.93
1810901,403455.0,3393220.0,15,270,3,3,2585.0,15.2,503,0,5,403135,3393460,506,0,10,-109.5
1810901,403455.0,3393220.0,15,270,3,3,2585.0,15.2,503,0,5,403385,3393230,505,42,5,-76.62
1810901,403455.0,3393220.0,15,270,3,3,2585.0,15.2,503,0,5,403425,3393270,504,0,5,-88.69
1810901,403455.0,3393220.0,15,270,3,3,2585.0,15.2,503,0,5,403410,3393255,504,0,5,-81.58
1810901,403455.0,3393220.0,15,270,3,3,2585.0,15.2,503,0,5,403490,3393175,503,0,7,-98.5
1810901,403455.0,3393220.0,15,270,3,3,2585.0,15.2,503,0,5,403505,3393190,503,0,5,-85.67
1810901,403455.0,3393220.0,15,270,3,3,2585.0,15.2,503,0,5,403400,3393245,504,0,5,-76.2
1810901,403455.0,3393220.0,15,270,3,3,2585.0,15.2,503,0,5,403435,3393280,504,0,5,-75.78
1810901,403455.0,3393220.0,15,270,3,3,2585.0,15.2,503,0,5,403140,3393465,506,0,10,-104.0
1810901,403455.0,3393220.0,15,270,3,3,2585.0,15.2,503,0,5,403485,3393170,503,0,7,-104.0
1810901,403455.0,3393220.0,15,270,3,3,2585.0,15.2,503,0,5,403370,3393215,505,0,11,-81.5
1810901,403455.0,3393220.0,15,270,3,3,2585.0,15.2,503,0,5,403445,3393090,505,0,6,-90.0
1810901,403455.0,3393220.0,15,270,3,3,2585.0,15.2,503,0,5,403460,3393105,504,0,7,-97.67
1810901,403455.0,3393220.0,15,270,3,3,2585.0,15.2,503,0,5,403450,3393095,505,0,5,-90.33
1810901,403455.0,3393220.0,15,270,3,3,2585.0,15.2,503,0,5,403340,3393225,506,0,11,-85.53
1810901,403455.0,3393220.0,15,270,3,3,2585.0,15.2,503,0,5,403400,3392965,505,0,10,-112.5
1810901,403455.0,3393220.0,15,270,3,3,2585.0,15.2,503,0,5,403085,3393290,506,0,5,-106.25
1810901,403455.0,3393220.0,15,270,3,3,2585.0,15.2,503,0,5,403420,3392985,506,0,5,-104.73
1810901,403455.0,3393220.0,15,270,3,3,2585.0,15.2,503,0,5,403355,3393240,506,0,7,-81.9
1810901,403455.0,3393220.0,15,270,3,3,2585.0,15.2,503,0,5,403435,3393000,506,102,10,-104.0
1810901,403455.0,3393220.0,15,270,3,3,2585.0,15.2,503,0,5,403370,3393015,506,0,7,-115.5
1810901,403455.0,3393220.0,15,270,3,3,2585.0,15.2,503,0,5,403185,3393390,506,0,5,-107.0
1810901,403455.0,3393220.0,15,270,3,3,2585.0,15.2,503,0,5,403405,3392970,505,0,10,-106.0
1810901,403455.0,3393220.0,15,270,3,3,2585.0,15.2,503,0,5,403320,3393205,507,0,5,-102.13
1810901,403455.0,3393220.0,15,270,3,3,2585.0,15.2,503,0,5,403325,3393210,507,0,5,-103.56
1810901,403455.0,3393220.0,15,270,3,3,2585.0,15.2,503,0,5,403165,3393370,505,0,5,-100.8
1810901,403455.0,3393220.0,15,270,3,3,2585.0,15.2,503,0,5,403345,3393230,506,42,11,-82.25
1810901,403455.0,3393220.0,15,270,3,3,2585.0,15.2,503,0,5,403360,3393005,506,0,5,-99.5
1810901,403455.0,3393220.0,15,270,3,3,2585.0,15.2,503,0,5,403350,3393235,506,42,5,-81.4
1810901,403455.0,3393220.0,15,270,3,3,2585.0,15.2,503,0,5,403310,3393275,507,0,5,-86.4
1810901,403455.0,3393220.0,15,270,3,3,2585.0,15.2,503,0,5,403300,3393265,508,0,7,-87.43
1810901,403455.0,3393220.0,15,270,3,3,2585.0,15.2,503,0,5,403285,3393250,508,0,7,-83.14
1810901,403455.0,3393220.0,15,270,3,3,2585.0,15.2,503,0,5,403160,3393365,505,0,5,-104.0
1810901,403455.0,3393220.0,15,270,3,3,2585.0,15.2,503,0,5,403075,3393360,507,0,6,-97.0
1810901,403455.0,3393220.0,15,270,3,3,2585.0,15.2,503,0,5,403425,3392990,506,0,5,-102.4
1810901,403455.0,3393220.0,15,270,3,3,2585.0,15.2,503,0,5,403305,3393270,508,0,7,-87.37
1810901,403455.0,3393220.0,15,270,3,3,2585.0,15.2,503,0,5,403280,3393245,508,0,5,-85.0
1810901,403455.0,3393220.0,15,270,3,3,2585.0,15.2,503,0,5,403390,3393035,506,0,7,-91.0
1810901,403455.0,3393220.0,15,270,3,3,2585.0,15.2,503,0,5,403290,3393255,508,0,7,-94.69
1810901,403455.0,3393220.0,15,270,3,3,2585.0,15.2,503,0,5,403330,3393215,507,0,5,-91.17
1810901,403455.0,3393220.0,15,270,3,3,2585.0,15.2,503,0,5,403125,3393410,506,84,5,-103.5
1810901,403455.0,3393220.0,15,270,3,3,2585.0,15.2,503,0,5,403315,3393280,507,0,5,-83.12
1810901,403455.0,3393220.0,15,270,3,3,2585.0,15.2,503,0,5,403455,3393100,504,0,5,-89.67
1810901,403455.0,3393220.0,15,270,3,3,2585.0,15.2,503,0,5,403375,3393020,506,0,7,-103.33
1810901,403455.0,3393220.0,15,270,3,3,2585.0,15.2,503,0,5,403195,3393400,505,0,6,-112.5
1810901,403455.0,3393220.0,15,270,3,3,2585.0,15.2,503,0,5,403415,3392980,506,0,10,-113.0
1810901,403455.0,3393220.0,15,270,3,3,2585.0,15.2,503,0,5,403335,3393220,507,0,11,-92.33
1810901,403455.0,3393220.0,15,270,3,3,2585.0,15.2,503,0,5,403295,3393260,508,0,7,-85.42
1810901,403455.0,3393220.0,15,270,3,3,2585.0,15.2,503,0,5,403115,3393320,505,33,5,-104.33
1810901,403455.0,3393220.0,15,270,3,3,2585.0,15.2,503,0,5,403365,3393010,506,0,7,-92.67
1810901,403455.0,3393220.0,15,270,3,3,2585.0,15.2,503,0,5,403395,3393040,506,0,7,-89.73
1810901,403455.0,3393220.0,15,270,3,3,2585.0,15.2,503,0,5,403470,3393115,504,0,7,-91.67
1810901,403455.0,3393220.0,15,270,3,3,2585.0,15.2,503,0,5,403380,3393025,506,0,7,-96.57
1810901,403455.0,3393220.0,15,270,3,3,2585.0,15.2,503,0,5,403145,3393430,506,0,5,-104.0
1810901,403455.0,3393220.0,15,270,3,3,2585.0,15.2,503,0,5,403150,3393435,506,84,5,-104.0
1810901,403455.0,3393220.0,15,270,3,3,2585.0,15.2,503,0,5,403120,3393405,506,84,5,-100.33
1810901,403455.0,3393220.0,15,270,3,3,2585.0,15.2,503,0,5,403410,3392975,506,0,10,-104.0
1810901,403455.0,3393220.0,15,270,3,3,2585.0,15.2,503,0,5,403385,3393030,506,0,7,-103.57
1810901,403455.0,3393220.0,15,270,3,3,2585.0,15.2,503,0,5,403440,3393085,505,0,6,-90.89
1810901,403455.0,3393220.0,15,270,3,3,2585.0,15.2,503,0,5,403475,3393120,503,0,7,-99.0
1810901,403455.0,3393220.0,15,270,3,3,2585.0,15.2,503,0,5,403485,3393050,505,0,10,-96.5
1810901,403455.0,3393220.0,15,270,3,3,2585.0,15.2,503,0,5,403180,3393385,506,0,5,-105.86
1810901,403455.0,3393220.0,15,270,3,3,2585.0,15.2,503,0,5,403430,3392995,506,0,10,-99.14
1810901,403455.0,3393220.0,15,270,3,3,2585.0,15.2,503,0,5,403260,3393320,507,0,7,-105.0
1810901,403455.0,3393220.0,15,270,3,3,2585.0,15.2,503,0,5,403270,3393310,507,0,7,-104.25
1810901,403455.0,3393220.0,15,270,3,3,2585.0,15.2,503,0,5,403210,3393330,507,0,6,-93.0
1810901,403455.0,3393220.0,15,270,3,3,2585.0,15.2,503,0,5,403355,3393385,506,0,5,-96.0
1810901,403455.0,3393220.0,15,270,3,3,2585.0,15.2,503,0,5,403240,3393300,507,0,5,-83.33
1810901,403455.0,3393220.0,15,270,3,3,2585.0,15.2,503,0,5,403250,3393290,508,0,13,-88.71
1810901,403455.0,3393220.0,15,270,3,3,2585.0,15.2,503,0,5,403190,3393230,508,0,6,-92.88
1810901,403455.0,3393220.0,15,270,3,3,2585.0,15.2,503,0,5,403200,3393340,506,0,6,-106.5
1810901,403455.0,3393220.0,15,270,3,3,2585.0,15.2,503,0,5,403160,3393220,507,0,5,-106.0
1810901,403455.0,3393220.0,15,270,3,3,2585.0,15.2,503,0,5,403150,3393270,506,0,5,-91.0
1810901,403455.0,3393220.0,15,270,3,3,2585.0,15.2,503,0,5,403275,3393305,507,0,5,-93.67
1810901,403455.0,3393220.0,15,270,3,3,2585.0,15.2,503,0,5,403180,3393240,507,0,5,-98.0
1810901,403455.0,3393220.0,15,270,3,3,2585.0,15.2,503,0,5,403195,3393225,508,0,6,-95.0
1810901,403455.0,3393220.0,15,270,3,3,2585.0,15.2,503,0,5,403120,3393260,506,0,10,-98.0
1810901,403455.0,3393220.0,15,270,3,3,2585.0,15.2,503,0,5,403255,3393285,508,0,5,-89.83
1810901,403455.0,3393220.0,15,270,3,3,2585.0,15.2,503,0,5,403205,3393335,507,0,6,-97.5
1810901,403455.0,3393220.0,15,270,3,3,2585.0,15.2,503,0,5,403130,3393250,506,0,5,-101.0
1810901,403455.0,3393220.0,15,270,3,3,2585.0,15.2,503,0,5,403245,3393295,507,0,5,-82.43
1810901,403455.0,3393220.0,15,270,3,3,2585.0,15.2,503,0,5,403170,3393210,507,0,5,-101.0
1810901,403455.0,3393220.0,15,270,3,3,2585.0,15.2,503,0,5,403185,3393235,507,0,5,-98.0
1810901,403455.0,3393220.0,15,270,3,3,2585.0,15.2,503,0,5,403265,3393315,507,0,7,-98.18
1810901,403455.0,3393220.0,15,270,3,3,2585.0,15.2,503,0,5,403350,3393300,506,0,5,-91.0
1810901,403455.0,3393220.0,15,270,3,3,2585.0,15.2,503,0,5,403355,3393295,506,0,5,-83.5
1810901,403455.0,3393220.0,15,270,3,3,2585.0,15.2,503,0,5,403335,3393315,506,0,5,-97.5
1810901,403455.0,3393220.0,15,270,3,3,2585.0,15.2,503,0,5,403325,3393305,507,0,7,-96.77
1810901,403455.0,3393220.0,15,270,3,3,2585.0,15.2,503,0,5,403330,3393320,506,0,5,-97.94
1810901,403455.0,3393220.0,15,270,3,3,2585.0,15.2,503,0,5,403315,3393335,507,0,6,-100.56
1810901,403455.0,3393220.0,15,270,3,3,2585.0,15.2,503,0,5,403345,3393285,506,0,11,-80.77
1810901,403455.0,3393220.0,15,270,3,3,2585.0,15.2,503,0,5,403340,3393290,506,0,5,-82.39
1810901,403455.0,3393220.0,15,270,3,3,2585.0,15.2,503,0,5,403305,3393325,507,0,6,-95.62
1810901,403455.0,3393220.0,15,270,3,3,2585.0,15.2,503,0,5,403300,3393330,507,0,6,-97.5
1810901,403455.0,3393220.0,15,270,3,3,2585.0,15.2,503,0,5,403510,3393460,507,24,12,-101.5
1810901,403455.0,3393220.0,15,270,3,3,2585.0,15.2,503,0,5,403320,3393310,507,0,7,-94.33
1810901,403455.0,3393220.0,15,270,3,3,2585.0,15.2,503,0,5,403590,3393260,504,0,5,-97.5
1810901,403455.0,3393220.0,15,270,3,3,2585.0,15.2,503,0,5,403320,3392870,506,0,6,-100.5
1810901,403455.0,3393220.0,15,270,3,3,2585.0,15.2,503,0,5,403580,3393250,504,0,5,-96.5
1810901,403455.0,3393220.0,15,270,3,3,2585.0,15.2,503,0,5,403560,3393270,504,0,13,-91.0
1810901,403455.0,3393220.0,15,270,3,3,2585.0,15.2,503,0,5,403595,3393255,504,0,5,-99.67
1810901,403455.0,3393220.0,15,270,3,3,2585.0,15.2,503,0,5,403565,3393265,503,0,13,-94.0
1810901,403455.0,3393220.0,15,270,3,3,2585.0,15.2,503,0,5,403330,3392880,506,0,5,-98.5
1810901,403455.0,3393220.0,15,270,3,3,2585.0,15.2,503,0,5,403480,3393170,503,0,7,-100.5
1810901,403455.0,3393220.0,15,270,3,3,2585.0,15.2,503,0,5,403465,3393145,504,0,7,-109.0
1810901,403455.0,3393220.0,15,270,3,3,2585.0,15.2,503,0,5,403455,3393135,504,0,7,-100.6
1810901,403455.0,3393220.0,15,270,3,3,2585.0,15.2,503,0,5,403460,3393150,504,0,7,-104.0
1810901,403455.0,3393220.0,15,270,3,3,2585.0,15.2,503,0,5,403445,3393125,504,0,7,-88.33
1810901,403455.0,3393220.0,15,270,3,3,2585.0,15.2,503,0,5,403470,3393160,503,0,7,-101.33
1810901,403455.0,3393220.0,15,270,3,3,2585.0,15.2,503,0,5,403475,3393155,503,0,7,-101.0
1810901,403455.0,3393220.0,15,270,3,3,2585.0,15.2,503,0,5,403490,3393180,503,0,7,-81.0
1810901,403455.0,3393220.0,15,270,3,3,2585.0,15.2,503,0,5,403500,3393190,503,0,5,-87.5
1810901,403455.0,3393220.0,15,270,3,3,2585.0,15.2,503,0,5,403365,3393205,506,0,5,-91.91
1810901,403455.0,3393220.0,15,270,3,3,2585.0,15.2,503,0,5,403420,3393270,504,0,5,-89.25
1810901,403455.0,3393220.0,15,270,3,3,2585.0,15.2,503,0,5,403450,3393140,504,0,7,-86.7
1810901,403455.0,3393220.0,15,270,3,3,2585.0,15.2,503,0,5,403405,3393245,504,0,5,-71.06
1810901,403455.0,3393220.0,15,270,3,3,2585.0,15.2,503,0,5,403385,3393225,505,42,5,-80.0
1810901,403455.0,3393220.0,15,270,3,3,2585.0,15.2,503,0,5,403335,3393015,506,24,5,-109.0
1810901,403455.0,3393220.0,15,270,3,3,2585.0,15.2,503,0,5,403435,3393275,504,0,5,-75.36
1810901,403455.0,3393220.0,15,270,3,3,2585.0,15.2,503,0,5,403140,3393470,505,0,5,-105.33
1810901,403455.0,3393220.0,15,270,3,3,2585.0,15.2,503,0,5,403425,3393265,504,0,11,-77.82
1810901,403455.0,3393220.0,15,270,3,3,2585.0,15.2,503,0,5,403400,3393250,504,0,7,-78.19
1810901,403455.0,3393220.0,15,270,3,3,2585.0,15.2,503,0,5,403380,3393230,505,42,5,-88.63
1810901,403455.0,3393220.0,15,270,3,3,2585.0,15.2,503,0,5,403395,3393235,504,0,5,-73.81
1810901,403455.0,3393220.0,15,270,3,3,2585.0,15.2,503,0,5,403360,3393210,506,0,5,-92.6
1810901,403455.0,3393220.0,15,270,3,3,2585.0,15.2,503,0,5,403415,3393255,504,0,5,-82.62
1810901,403455.0,3393220.0,15,270,3,3,2585.0,15.2,503,0,5,403410,3393260,504,0,5,-78.31
1810901,403455.0,3393220.0,15,270,3,3,2585.0,15.2,503,0,5,403135,3393455,506,0,10,-107.75
1810901,403455.0,3393220.0,15,270,3,3,2585.0,15.2,503,0,5,403125,3393445,506,0,5,-107.0
1810901,403455.0,3393220.0,15,270,3,3,2585.0,15.2,503,0,5,402980,3393310,508,0,5,-90.0
1810901,403455.0,3393220.0,15,270,3,3,2585.0,15.2,503,0,5,403375,3393215,505,0,11,-86.86
1810901,403455.0,3393220.0,15,270,3,3,2585.0,15.2,503,0,5,403440,3393130,505,0,5,-84.0
1810901,403455.0,3393220.0,15,270,3,3,2585.0,15.2,503,0,5,403370,3393220,505,42,11,-82.82
1810901,403455.0,3393220.0,15,270,3,3,2585.0,15.2,503,0,5,403485,3393165,503,0,7,-97.5
1810901,403455.0,3393220.0,15,270,3,3,2585.0,15.2,503,0,5,403390,3393240,504,0,7,-77.3
1810901,403455.0,3393220.0,15,270,3,3,2585.0,15.2,503,0,5,403430,3393280,504,0,5,-70.42
1810901,403455.0,3393220.0,15,270,3,3,2585.0,15.2,503,0,5,403460,3393115,504,0,7,-89.0
1810901,403455.0,3393220.0,15,270,3,3,2585.0,15.2,503,0,5,403285,3393260,508,0,7,-84.06
1810901,403455.0,3393220.0,15,270,3,3,2585.0,15.2,503,0,5,403495,3393050,505,0,10,-104.0
1810901,403455.0,3393220.0,15,270,3,3,2585.0,15.2,503,0,5,403290,3393245,508,0,7,-87.89
1810901,403455.0,3393220.0,15,270,3,3,2585.0,15.2,503,0,5,403445,3393100,505,0,5,-86.67
1810901,403455.0,3393220.0,15,270,3,3,2585.0,15.2,503,0,5,403380,3393035,506,0,7,-95.88
1810901,403455.0,3393220.0,15,270,3,3,2585.0,15.2,503,0,5,403430,3392985,506,0,5,-103.43
1810901,403455.0,3393220.0,15,270,3,3,2585.0,15.2,503,0,5,403415,3392970,506,0,10,-107.33
1810901,403455.0,3393220.0,15,270,3,3,2585.0,15.2,503,0,5,403375,3393010,506,0,7,-95.14
1810901,403455.0,3393220.0,15,270,3,3,2585.0,15.2,503,0,5,403405,3392980,505,0,10,-104.4
1810901,403455.0,3393220.0,15,270,3,3,2585.0,15.2,503,0,5,403330,3393205,507,0,5,-98.23
1810901,403455.0,3393220.0,15,270,3,3,2585.0,15.2,503,0,5,403170,3393365,505,0,5,-100.22
1810901,403455.0,3393220.0,15,270,3,3,2585.0,15.2,503,0,5,403360,3393015,506,0,6,-97.5
1810901,403455.0,3393220.0,15,270,3,3,2585.0,15.2,503,0,5,403395,3393030,506,0,7,-89.36
1810901,403455.0,3393220.0,15,270,3,3,2585.0,15.2,503,0,5,403340,3393235,506,0,5,-81.32
1810901,403455.0,3393220.0,15,270,3,3,2585.0,15.2,503,0,5,403320,3393215,507,0,11,-97.0
1810901,403455.0,3393220.0,15,270,3,3,2585.0,15.2,503,0,5,403345,3393240,506,0,7,-81.76
1810901,403455.0,3393220.0,15,270,3,3,2585.0,15.2,503,0,5,403190,3393385,506,0,6,-106.42
1810901,403455.0,3393220.0,15,270,3,3,2585.0,15.2,503,0,5,403080,3393295,507,0,5,-95.5
1810901,403455.0,3393220.0,15,270,3,3,2585.0,15.2,503,0,5,403410,3392965,506,0,10,-105.17
1810901,403455.0,3393220.0,15,270,3,3,2585.0,15.2,503,0,5,403315,3393270,507,0,7,-87.09
1810901,403455.0,3393220.0,15,270,3,3,2585.0,15.2,503,0,5,403310,3393265,507,0,7,-85.47
1810901,403455.0,3393220.0,15,270,3,3,2585.0,15.2,503,0,5,403095,3393290,506,0,5,-97.5
1810901,403455.0,3393220.0,15,270,3,3,2585.0,15.2,503,0,5,403450,3393085,505,0,6,-97.67
1810901,403455.0,3393220.0,15,270,3,3,2585.0,15.2,503,0,5,403295,3393250,508,0,7,-89.64
1810901,403455.0,3393220.0,15,270,3,3,2585.0,15.2,503,0,5,403350,3393225,506,42,11,-92.0
1810901,403455.0,3393220.0,15,270,3,3,2585.0,15.2,503,0,5,403420,3392995,506,0,10,-103.93
1810901,403455.0,3393220.0,15,270,3,3,2585.0,15.2,503,0,5,403385,3393040,506,0,7,-95.57
1810901,403455.0,3393220.0,15,270,3,3,2585.0,15.2,503,0,5,403175,3393370,506,0,5,-98.0
1810901,403455.0,3393220.0,15,270,3,3,2585.0,15.2,503,0,5,403160,3393375,505,0,13,-103.67
1810901,403455.0,3393220.0,15,270,3,3,2585.0,15.2,503,0,5,403325,3393220,507,0,5,-85.5
1810901,403455.0,3393220.0,15,270,3,3,2585.0,15.2,503,0,5,403130,3393405,506,84,5,-110.0
1810901,403455.0,3393220.0,15,270,3,3,2585.0,15.2,503,0,5,403390,3393025,506,0,7,-92.0
1810901,403455.0,3393220.0,15,270,3,3,2585.0,15.2,503,0,5,403370,3393005,506,0,7,-93.38
1810901,403455.0,3393220.0,15,270,3,3,2585.0,15.2,503,0,5,403335,3393210,507,0,5,-97.19
1810901,403455.0,3393220.0,15,270,3,3,2585.0,15.2,503,0,5,403305,3393280,507,0,5,-83.69
1810901,403455.0,3393220.0,15,270,3,3,2585.0,15.2,503,0,5,403300,3393275,508,0,5,-86.17
1810901,403455.0,3393220.0,15,270,3,3,2585.0,15.2,503,0,5,403425,3393000,506,0,10,-100.13
1810901,403455.0,3393220.0,15,270,3,3,2585.0,15.2,503,0,5,403145,3393440,506,84,5,-103.67
1810901,403455.0,3393220.0,15,270,3,3,2585.0,15.2,503,0,5,403150,3393425,506,84,5,-104.5
1810901,403455.0,3393220.0,15,270,3,3,2585.0,15.2,503,0,5,403125,3393420,506,0,5,-102.0
1810901,403455.0,3393220.0,15,270,3,3,2585.0,15.2,503,0,5,403435,3392990,506,102,10,-97.86
1810901,403455.0,3393220.0,15,270,3,3,2585.0,15.2,503,0,5,403475,3393110,504,0,7,-103.0
1810901,403455.0,3393220.0,15,270,3,3,2585.0,15.2,503,0,5,403480,3393055,505,0,10,-104.5
1810901,403455.0,3393220.0,15,270,3,3,2585.0,15.2,503,0,5,403280,3393255,508,0,5,-85.15
1810901,403455.0,3393220.0,15,270,3,3,2585.0,15.2,503,0,5,403400,3392975,505,0,5,-106.0
1810901,403455.0,3393220.0,15,270,3,3,2585.0,15.2,503,0,5,403165,3393380,505,0,5,-106.0
1810901,403455.0,3393220.0,15,270,3,3,2585.0,15.2,503,0,5,403355,3393230,506,42,11,-89.06
1810901,403455.0,3393220.0,15,270,3,3,2585.0,15.2,503,0,5,403500,3393235,503,0,5,-79.5
1810901,403455.0,3393220.0,15,270,3,3,2585.0,15.2,503,0,5,403490,3393205,503,0,5,-85.67
1810901,403455.0,3393220.0,15,270,3,3,2585.0,15.2,503,0,5,403090,3393445,507,0,5,-107.33
1810901,403455.0,3393220.0,15,270,3,3,2585.0,15.2,503,0,5,403375,3393170,506,42,12,-85.8
1810901,403455.0,3393220.0,15,270,3,3,2585.0,15.2,503,0,5,403475,3393270,504,0,6,-85.0
1810901,403455.0,3393220.0,15,270,3,3,2585.0,15.2,503,0,5,403495,3393210,503,0,5,-92.0
1810901,403455.0,3393220.0,15,270,3,3,2585.0,15.2,503,0,5,403465,3393280,504,0,6,-82.0
1810901,403455.0,3393220.0,15,270,3,3,2585.0,15.2,503,0,5,403485,3393220,503,0,5,-83.13
1810901,403455.0,3393220.0,15,270,3,3,2585.0,15.2,503,0,5,403390,3393185,505,0,5,-90.43
1810901,403455.0,3393220.0,15,270,3,3,2585.0,15.2,503,0,5,403420,3393155,505,42,6,-91.11
1810901,403455.0,3393220.0,15,270,3,3,2585.0,15.2,503,0,5,403385,3393200,505,0,5,-91.0
1810901,403455.0,3393220.0,15,270,3,3,2585.0,15.2,503,0,5,403480,3393215,503,0,5,-84.3
1810901,403455.0,3393220.0,15,270,3,3,2585.0,15.2,503,0,5,403405,3393140,506,0,6,-92.56
1810901,403455.0,3393220.0,15,270,3,3,2585.0,15.2,503,0,5,403445,3393260,504,0,5,-69.26
1810901,403455.0,3393220.0,15,270,3,3,2585.0,15.2,503,0,5,403425,3393160,505,0,6,-90.14
1810901,403455.0,3393220.0,15,270,3,3,2585.0,15.2,503,0,5,403395,3393190,505,0,5,-85.64
1810901,403455.0,3393220.0,15,270,3,3,2585.0,15.2,503,0,5,403380,3393195,505,0,6,-91.57
1810901,403455.0,3393220.0,15,270,3,3,2585.0,15.2,503,0,5,403365,3393180,506,0,5,-91.2
1810901,403455.0,3393220.0,15,270,3,3,2585.0,15.2,503,0,5,403415,3393130,505,0,5,-87.27
1810901,403455.0,3393220.0,15,270,3,3,2585.0,15.2,503,0,5,403410,3393125,506,0,5,-90.39
1810901,403455.0,3393220.0,15,270,3,3,2585.0,15.2,503,0,5,403400,3393135,506,0,6,-97.45
1810901,403455.0,3393220.0,15,270,3,3,2585.0,15.2,503,0,5,403470,3393265,503,0,6,-79.69
1810901,403455.0,3393220.0,15,270,3,3,2585.0,15.2,503,0,5,403455,3393250,503,0,6,-74.93
1810901,403455.0,3393220.0,15,270,3,3,2585.0,15.2,503,0,5,403440,3393255,504,0,5,-72.94
1810901,403455.0,3393220.0,15,270,3,3,2585.0,15.2,503,0,5,403095,3393450,507,0,5,-110.67
1810901,403455.0,3393220.0,15,270,3,3,2585.0,15.2,503,0,5,403460,3393275,504,0,6,-79.43
1810901,403455.0,3393220.0,15,270,3,3,2585.0,15.2,503,0,5,403430,3393145,505,0,5,-88.91
1810901,403455.0,3393220.0,15,270,3,3,2585.0,15.2,503,0,5,403505,3393240,503,0,5,-84.83
1810901,403455.0,3393220.0,15,270,3,3,2585.0,15.2,503,0,5,403435,3393150,505,0,5,-90.17
1810901,403455.0,3393220.0,15,270,3,3,2585.0,15.2,503,0,5,403450,3393245,503,0,6,-71.0
1810901,403455.0,3393220.0,15,270,3,3,2585.0,15.2,503,0,5,403370,3393165,506,42,5,-92.45
1810901,403455.0,3393220.0,15,270,3,3,2585.0,15.2,503,0,5,403360,3393175,506,0,12,-93.11
1810901,403455.0,3393220.0,15,270,3,3,2585.0,15.2,503,0,5,403455,3392955,506,0,7,-106.5
1810901,403455.0,3393220.0,15,270,3,3,2585.0,15.2,503,0,5,403540,3393010,505,0,5,-111.5
1810901,403455.0,3393220.0,15,270,3,3,2585.0,15.2,503,0,5,403505,3392885,505,0,7,-113.0
1810901,403455.0,3393220.0,15,270,3,3,2585.0,15.2,503,0,5,403480,3392910,505,0,5,-108.5
1810901,403455.0,3393220.0,15,270,3,3,2585.0,15.2,503,0,5,403475,3392935,506,0,5,-109.5
1810901,403455.0,3393220.0,15,270,3,3,2585.0,15.2,503,0,5,403450,3392960,506,0,7,-106.0
1810901,403455.0,3393220.0,15,270,3,3,2585.0,15.2,503,0,5,403470,3392940,506,0,5,-120.5
1810901,403455.0,3393220.0,15,270,3,3,2585.0,15.2,503,0,5,403500,3392890,505,0,7,-112.0
1810901,403455.0,3393220.0,15,270,3,3,2585.0,15.2,503,0,5,403445,3392945,506,0,5,-110.0
1810901,403455.0,3393220.0,15,270,3,3,2585.0,15.2,503,0,5,403440,3392950,506,102,7,-108.83
1810901,403455.0,3393220.0,15,270,3,3,2585.0,15.2,503,0,5,403305,3393300,507,0,5,-92.67
1810901,403455.0,3393220.0,15,270,3,3,2585.0,15.2,503,0,5,403320,3393355,506,0,5,-98.0
1810901,403455.0,3393220.0,15,270,3,3,2585.0,15.2,503,0,5,403300,3393295,507,0,11,-82.38
1810901,403455.0,3393220.0,15,270,3,3,2585.0,15.2,503,0,5,403295,3393310,507,0,7,-91.67
1810901,403455.0,3393220.0,15,270,3,3,2585.0,15.2,503,0,5,403340,3393335,506,0,6,-98.56
1810901,403455.0,3393220.0,15,270,3,3,2585.0,15.2,503,0,5,403345,3393340,506,0,6,-86.0
1810901,403455.0,3393220.0,15,270,3,3,2585.0,15.2,503,0,5,403350,3393325,506,0,6,-97.0
1810901,403455.0,3393220.0,15,270,3,3,2585.0,15.2,503,0,5,403330,3393345,506,0,6,-94.0
1810901,403455.0,3393220.0,15,270,3,3,2585.0,15.2,503,0,5,403095,3393270,506,0,5,-99.0
1810901,403455.0,3393220.0,15,270,3,3,2585.0,15.2,503,0,5,403175,3393190,508,0,5,-112.33
1810901,403455.0,3393220.0,15,270,3,3,2585.0,15.2,503,0,5,403105,3393260,506,0,10,-102.5
1810901,403455.0,3393220.0,15,270,3,3,2585.0,15.2,503,0,5,403355,3393330,506,0,6,-97.9
1810901,403455.0,3393220.0,15,270,3,3,2585.0,15.2,503,0,5,403310,3393285,507,0,11,-80.05
1810901,403455.0,3393220.0,15,270,3,3,2585.0,15.2,503,0,5,403100,3393255,506,0,10,-104.25
1810901,403455.0,3393220.0,15,270,3,3,2585.0,15.2,503,0,5,403280,3393315,507,0,7,-97.25
1810901,403455.0,3393220.0,15,270,3,3,2585.0,15.2,503,0,5,403290,3393305,507,0,5,-87.0
1810901,403455.0,3393220.0,15,270,3,3,2585.0,15.2,503,0,5,403315,3393290,507,0,11,-85.79
1810901,403455.0,3393220.0,15,270,3,3,2585.0,15.2,503,0,5,403285,3393320,507,0,7,-95.5
1810901,403455.0,3393220.0,15,270,3,3,2585.0,15.2,503,0,5,403410,3393350,505,0,7,-86.67
1810901,403455.0,3393220.0,15,270,3,3,2585.0,15.2,503,0,5,403365,3393315,505,0,5,-93.08
1810901,403455.0,3393220.0,15,270,3,3,2585.0,15.2,503,0,5,403380,3393300,505,0,5,-86.29
1810901,403455.0,3393220.0,15,270,3,3,2585.0,15.2,503,0,5,403390,3393290,504,0,11,-81.8
1810901,403455.0,3393220.0,15,270,3,3,2585.0,15.2,503,0,5,403385,3393295,505,0,5,-84.54
1810901,403455.0,3393220.0,15,270,3,3,2585.0,15.2,503,0,5,403370,3393310,505,0,5,-90.05
1810901,403455.0,3393220.0,15,270,3,3,2585.0,15.2,503,0,5,403375,3393305,505,0,5,-89.45
1810901,403455.0,3393220.0,15,270,3,3,2585.0,15.2,503,0,5,403360,3393320,506,0,6,-92.0
1810901,403455.0,3393220.0,15,270,3,3,2585.0,15.2,503,0,5,403475,3393365,506,0,7,-114.0
1810901,403455.0,3393220.0,15,270,3,3,2585.0,15.2,503,0,5,403395,3393285,504,0,11,-70.71
1810901,403455.0,3393220.0,15,270,3,3,2585.0,15.2,503,0,5,403420,3393340,505,54,5,-96.0
1810901,403455.0,3393220.0,15,270,3,3,2585.0,15.2,503,0,5,403415,3393345,505,0,7,-93.0
1810901,403455.0,3393220.0,15,270,3,3,2585.0,15.2,503,0,5,403480,3393305,504,0,6,-92.0
1810901,403455.0,3393220.0,15,270,3,3,2585.0,15.2,503,0,5,403400,3393385,506,0,5,-95.5
1810901,403455.0,3393220.0,15,270,3,3,2585.0,15.2,503,0,5,403490,3393315,505,0,6,-95.0
1810901,403455.0,3393220.0,15,270,3,3,2585.0,15.2,503,0,5,403455,3393360,506,0,7,-97.0
1810901,403455.0,3393220.0,15,270,3,3,2585.0,15.2,503,0,5,403495,3393320,505,0,6,-108.0
1810901,403455.0,3393220.0,15,270,3,3,2585.0,15.2,503,0,5,403420,3393365,506,0,7,-106.5
1810901,403455.0,3393220.0,15,270,3,3,2585.0,15.2,503,0,5,403360,3393425,507,0,5,-93.0
1810901,403455.0,3393220.0,15,270,3,3,2585.0,15.2,503,0,5,403445,3393350,505,0,7,-97.86
1810901,403455.0,3393220.0,15,270,3,3,2585.0,15.2,503,0,5,403510,3393295,504,0,5,-88.63
1810901,403455.0,3393220.0,15,270,3,3,2585.0,15.2,503,0,5,403515,3393300,504,0,5,-91.13
1810901,403455.0,3393220.0,15,270,3,3,2585.0,15.2,503,0,5,403505,3393290,504,0,5,-91.0
1810901,403455.0,3393220.0,15,270,3,3,2585.0,15.2,503,0,5,403475,3393340,505,0,5,-96.43
1810901,403455.0,3393220.0,15,270,3,3,2585.0,15.2,503,0,5,403500,3393285,504,0,5,-88.45
1810901,403455.0,3393220.0,15,270,3,3,2585.0,15.2,503,0,5,403535,3393270,504,0,13,-93.33
1810901,403455.0,3393220.0,15,270,3,3,2585.0,15.2,503,0,5,403550,3393245,503,0,13,-96.5
1810901,403455.0,3393220.0,15,270,3,3,2585.0,15.2,503,0,5,403565,3393240,503,0,13,-95.0
1810901,403455.0,3393220.0,15,270,3,3,2585.0,15.2,503,0,5,403525,3393280,504,0,5,-91.33
1810901,403455.0,3393220.0,15,270,3,3,2585.0,15.2,503,0,5,403555,3393250,503,0,13,-93.4
1810901,403455.0,3393220.0,15,270,3,3,2585.0,15.2,503,0,5,403545,3393260,503,0,16,-97.0
1810901,403455.0,3393220.0,15,270,3,3,2585.0,15.2,503,0,5,403530,3393265,503,0,13,-93.2
1810901,403455.0,3393220.0,15,270,3,3,2585.0,15.2,503,0,5,403540,3393255,503,0,16,-93.4
1810901,403455.0,3393220.0,15,270,3,3,2585.0,15.2,503,0,5,403520,3393275,504,0,5,-85.75
1810901,403455.0,3393220.0,15,270,3,3,2585.0,15.2,503,0,5,403370,3393190,506,0,5,-97.2
1810901,403455.0,3393220.0,15,270,3,3,2585.0,15.2,503,0,5,403105,3393455,506,0,10,-105.0
1810901,403455.0,3393220.0,15,270,3,3,2585.0,15.2,503,0,5,402980,3393420,508,0,6,-101.0
1810901,403455.0,3393220.0,15,270,3,3,2585.0,15.2,503,0,5,403495,3393225,503,0,5,-88.5
1810901,403455.0,3393220.0,15,270,3,3,2585.0,15.2,503,0,5,403450,3393270,504,0,5,-87.8
1810901,403455.0,3393220.0,15,270,3,3,2585.0,15.2,503,0,5,403400,3393160,506,0,5,-96.67
1810901,403455.0,3393220.0,15,270,3,3,2585.0,15.2,503,0,5,403385,3393175,506,0,5,-83.29
1810901,403455.0,3393220.0,15,270,3,3,2585.0,15.2,503,0,5,403410,3393150,505,42,6,-87.75
1810901,403455.0,3393220.0,15,270,3,3,2585.0,15.2,503,0,5,403405,3393155,505,0,6,-95.5
1810901,403455.0,3393220.0,15,270,3,3,2585.0,15.2,503,0,5,403380,3393180,506,0,5,-91.79
1810901,403455.0,3393220.0,15,270,3,3,2585.0,15.2,503,0,5,403445,3393275,504,0,5,-86.08
1810901,403455.0,3393220.0,15,270,3,3,2585.0,15.2,503,0,5,403375,3393185,506,0,5,-85.2
1810901,403455.0,3393220.0,15,270,3,3,2585.0,15.2,503,0,5,403455,3393265,504,0,6,-69.84
1810901,403455.0,3393220.0,15,270,3,3,2585.0,15.2,503,0,5,403365,3393195,506,0,6,-93.74
1810901,403455.0,3393220.0,15,270,3,3,2585.0,15.2,503,0,5,403360,3393200,506,0,5,-99.12
1810901,403455.0,3393220.0,15,270,3,3,2585.0,15.2,503,0,5,403435,3393125,505,0,5,-83.42
1810901,403455.0,3393220.0,15,270,3,3,2585.0,15.2,503,0,5,403395,3393165,506,0,12,-92.17
1810901,403455.0,3393220.0,15,270,3,3,2585.0,15.2,503,0,5,403420,3393140,505,0,5,-88.17
1810901,403455.0,3393220.0,15,270,3,3,2585.0,15.2,503,0,5,403390,3393170,506,0,5,-88.78
1810901,403455.0,3393220.0,15,270,3,3,2585.0,15.2,503,0,5,403465,3393255,503,0,6,-82.3
1810901,403455.0,3393220.0,15,270,3,3,2585.0,15.2,503,0,5,403460,3393260,503,0,6,-73.62
1810901,403455.0,3393220.0,15,270,3,3,2585.0,15.2,503,0,5,403470,3393250,503,0,5,-78.48
1810901,403455.0,3393220.0,15,270,3,3,2585.0,15.2,503,0,5,403415,3393145,505,0,6,-95.44
1810901,403455.0,3393220.0,15,270,3,3,2585.0,15.2,503,0,5,403430,3393130,505,0,5,-85.94
1810901,403455.0,3393220.0,15,270,3,3,2585.0,15.2,503,0,5,403475,3393245,503,0,5,-77.22
1810901,403455.0,3393220.0,15,270,3,3,2585.0,15.2,503,0,5,403485,3393235,503,0,5,-83.65
1810901,403455.0,3393220.0,15,270,3,3,2585.0,15.2,503,0,5,403505,3393215,503,0,16,-92.33
1810901,403455.0,3393220.0,15,270,3,3,2585.0,15.2,503,0,5,403425,3393135,505,0,5,-89.19
1810901,403455.0,3393220.0,15,270,3,3,2585.0,15.2,503,0,5,403480,3393240,503,0,5,-83.92
1810901,403455.0,3393220.0,15,270,3,3,2585.0,15.2,503,0,5,403440,3393280,504,0,5,-75.86
1810901,403455.0,3393220.0,15,270,3,3,2585.0,15.2,503,0,5,403490,3393230,503,0,5,-83.46
1810901,403455.0,3393220.0,15,270,3,3,2585.0,15.2,503,0,5,403095,3393465,507,0,5,-102.5
1810901,403455.0,3393220.0,15,270,3,3,2585.0,15.2,503,0,5,403090,3393450,507,0,5,-109.0
1810901,403455.0,3393220.0,15,270,3,3,2585.0,15.2,503,0,5,403500,3393240,503,0,5,-86.54
1810901,403455.0,3393220.0,15,270,3,3,2585.0,15.2,503,0,5,403485,3393215,503,0,5,-82.82
1810901,403455.0,3393220.0,15,270,3,3,2585.0,15.2,503,0,5,403420,3393160,505,42,6,-92.5
1810901,403455.0,3393220.0,15,270,3,3,2585.0,15.2,503,0,5,403435,3393145,505,0,5,-89.97
1810901,403455.0,3393220.0,15,270,3,3,2585.0,15.2,503,0,5,403480,3393220,503,0,5,-80.04
1810901,403455.0,3393220.0,15,270,3,3,2585.0,15.2,503,0,5,403415,3393125,505,0,5,-84.48
1810901,403455.0,3393220.0,15,270,3,3,2585.0,15.2,503,0,5,403380,3393200,505,0,5,-98.0
1810901,403455.0,3393220.0,15,270,3,3,2585.0,15.2,503,0,5,403450,3393250,503,0,6,-72.19
1810901,403455.0,3393220.0,15,270,3,3,2585.0,15.2,503,0,5,403475,3393265,503,0,6,-79.57
1810901,403455.0,3393220.0,15,270,3,3,2585.0,15.2,503,0,5,403470,3393270,504,0,6,-83.0
1810901,403455.0,3393220.0,15,270,3,3,2585.0,15.2,503,0,5,403400,3393140,506,0,6,-99.92
1810901,403455.0,3393220.0,15,270,3,3,2585.0,15.2,503,0,5,403430,3393150,505,0,5,-87.09
1810901,403455.0,3393220.0,15,270,3,3,2585.0,15.2,503,0,5,403425,3393155,505,0,5,-91.61
1810901,403455.0,3393220.0,15,270,3,3,2585.0,15.2,503,0,5,403405,3393135,506,0,6,-98.11
1810901,403455.0,3393220.0,15,270,3,3,2585.0,15.2,503,0,5,403410,3393130,506,0,6,-90.17
1810901,403455.0,3393220.0,15,270,3,3,2585.0,15.2,503,0,5,403455,3393245,503,0,6,-72.13
1810901,403455.0,3393220.0,15,270,3,3,2585.0,15.2,503,0,5,403445,3393255,503,0,5,-71.32
1810901,403455.0,3393220.0,15,270,3,3,2585.0,15.2,503,0,5,403440,3393260,504,0,11,-70.32
1810901,403455.0,3393220.0,15,270,3,3,2585.0,15.2,503,0,5,403395,3393185,505,0,5,-91.88
1810901,403455.0,3393220.0,15,270,3,3,2585.0,15.2,503,0,5,403375,3393165,506,42,5,-92.43
1810901,403455.0,3393220.0,15,270,3,3,2585.0,15.2,503,0,5,403360,3393180,506,0,5,-95.21
1810901,403455.0,3393220.0,15,270,3,3,2585.0,15.2,503,0,5,403385,3393195,505,0,6,-87.0
1810901,403455.0,3393220.0,15,270,3,3,2585.0,15.2,503,0,5,403460,3393280,504,0,5,-79.4
1810901,403455.0,3393220.0,15,270,3,3,2585.0,15.2,503,0,5,403355,3393065,507,0,5,-96.5
1810901,403455.0,3393220.0,15,270,3,3,2585.0,15.2,503,0,5,403095,3393445,507,0,5,-106.8
1810901,403455.0,3393220.0,15,270,3,3,2585.0,15.2,503,0,5,403100,3393480,507,84,5,-110.0
1810901,403455.0,3393220.0,15,270,3,3,2585.0,15.2,503,0,5,403370,3393170,506,42,12,-92.67
1810901,403455.0,3393220.0,15,270,3,3,2585.0,15.2,503,0,5,403365,3393175,506,0,12,-97.2
1810901,403455.0,3393220.0,15,270,3,3,2585.0,15.2,503,0,5,403390,3393190,505,0,5,-91.5
1810901,403455.0,3393220.0,15,270,3,3,2585.0,15.2,503,0,5,403465,3393275,504,0,6,-84.67
1810901,403455.0,3393220.0,15,270,3,3,2585.0,15.2,503,0,5,403425,3393285,504,0,5,-70.5
1810901,403455.0,3393220.0,15,270,3,3,2585.0,15.2,503,0,5,403515,3393375,506,6,6,-100.5
1810901,403455.0,3393220.0,15,270,3,3,2585.0,15.2,503,0,5,403360,3393350,506,33,5,-100.0
1810901,403455.0,3393220.0,15,270,3,3,2585.0,15.2,503,0,5,403410,3393320,505,0,6,-87.25
1810901,403455.0,3393220.0,15,270,3,3,2585.0,15.2,503,0,5,403365,3393345,506,0,6,-107.0
1810901,403455.0,3393220.0,15,270,3,3,2585.0,15.2,503,0,5,403400,3393310,505,0,5,-92.67
1810901,403455.0,3393220.0,15,270,3,3,2585.0,15.2,503,0,5,403420,3393290,504,0,5,-98.5
1810901,403455.0,3393220.0,15,270,3,3,2585.0,15.2,503,0,5,403375,3393355,506,0,6,-97.54
1810901,403455.0,3393220.0,15,270,3,3,2585.0,15.2,503,0,5,403380,3393330,505,0,6,-95.9
1810901,403455.0,3393220.0,15,270,3,3,2585.0,15.2,503,0,5,403390,3393340,505,0,6,-95.17
1810901,403455.0,3393220.0,15,270,3,3,2585.0,15.2,503,0,5,403395,3393335,505,54,6,-96.6
1810901,403455.0,3393220.0,15,270,3,3,2585.0,15.2,503,0,5,403370,3393360,506,0,6,-98.2
1810901,403455.0,3393220.0,15,270,3,3,2585.0,15.2,503,0,5,402970,3393280,507,0,6,-90.5
1810901,403455.0,3393220.0,15,270,3,3,2585.0,15.2,503,0,5,403385,3393325,505,0,6,-95.0
1810901,403455.0,3393220.0,15,270,3,3,2585.0,15.2,503,0,5,403255,3393310,507,0,7,-102.14
1810901,403455.0,3393220.0,15,270,3,3,2585.0,15.2,503,0,5,403230,3393325,507,0,7,-100.0
1810901,403455.0,3393220.0,15,270,3,3,2585.0,15.2,503,0,5,403145,3393260,506,0,10,-110.8
1810901,403455.0,3393220.0,15,270,3,3,2585.0,15.2,503,0,5,403205,3393360,506,0,6,-101.0
1810901,403455.0,3393220.0,15,270,3,3,2585.0,15.2,503,0,5,403190,3393205,508,0,6,-94.25
1810901,403455.0,3393220.0,15,270,3,3,2585.0,15.2,503,0,5,403195,3393210,508,0,6,-101.0
1810901,403455.0,3393220.0,15,270,3,3,2585.0,15.2,503,0,5,403200,3393355,506,0,6,-104.56
1810901,403455.0,3393220.0,15,270,3,3,2585.0,15.2,503,0,5,403215,3393350,507,0,6,-102.67
1810901,403455.0,3393220.0,15,270,3,3,2585.0,15.2,503,0,5,403125,3393280,505,0,5,-97.67
1810901,403455.0,3393220.0,15,270,3,3,2585.0,15.2,503,0,5,403175,3393230,507,0,6,-99.25
1810901,403455.0,3393220.0,15,270,3,3,2585.0,15.2,503,0,5,403180,3393215,508,0,5,-96.33
1810901,403455.0,3393220.0,15,270,3,3,2585.0,15.2,503,0,5,403270,3393285,508,0,5,-84.62
1810901,403455.0,3393220.0,15,270,3,3,2585.0,15.2,503,0,5,403120,3393275,506,0,10,-95.0
1810901,403455.0,3393220.0,15,270,3,3,2585.0,15.2,503,0,5,403265,3393300,507,0,11,-88.75
1810901,403455.0,3393220.0,15,270,3,3,2585.0,15.2,503,0,5,403210,3393345,507,0,6,-111.5
1810901,403455.0,3393220.0,15,270,3,3,2585.0,15.2,503,0,5,403135,3393270,506,0,5,-101.5
1810901,403455.0,3393220.0,15,270,3,3,2585.0,15.2,503,0,5,403260,3393295,507,0,11,-85.0
1810901,403455.0,3393220.0,15,270,3,3,2585.0,15.2,503,0,5,403275,3393290,508,0,11,-85.55
1810901,403455.0,3393220.0,15,270,3,3,2585.0,15.2,503,0,5,403225,3393340,507,0,6,-98.5
1810901,403455.0,3393220.0,15,270,3,3,2585.0,15.2,503,0,5,403235,3393330,507,0,6,-98.0
1810901,403455.0,3393220.0,15,270,3,3,2585.0,15.2,503,0,5,403240,3393315,507,0,7,-86.0
1810901,403455.0,3393220.0,15,270,3,3,2585.0,15.2,503,0,5,403535,3393190,503,6,5,-87.0
1810901,403455.0,3393220.0,15,270,3,3,2585.0,15.2,503,0,5,403525,3393200,503,0,13,-93.0
1810901,403455.0,3393220.0,15,270,3,3,2585.0,15.2,503,0,5,403540,3393175,503,6,5,-92.0
1810901,403455.0,3393220.0,15,270,3,3,2585.0,15.2,503,0,5,403530,3393185,503,0,5,-91.5
1810901,403455.0,3393220.0,15,270,3,3,2585.0,15.2,503,0,5,403330,3392905,507,0,7,-97.0
1810901,403455.0,3393220.0,15,270,3,3,2585.0,15.2,503,0,5,402760,3393315,506,0,6,-101.0
1810901,403455.0,3393220.0,15,270,3,3,2585.0,15.2,503,0,5,403335,3392910,507,0,7,-100.67
1810901,403455.0,3393220.0,15,270,3,3,2585.0,15.2,503,0,5,403320,3392735,505,0,7,-106.5
1810901,403455.0,3393220.0,15,270,3,3,2585.0,15.2,503,0,5,403470,3392945,506,0,5,-105.0
1810901,403455.0,3393220.0,15,270,3,3,2585.0,15.2,503,0,5,403465,3392960,506,0,7,-106.5
1810901,403455.0,3393220.0,15,270,3,3,2585.0,15.2,503,0,5,403450,3392925,506,0,10,-98.0
1810901,403455.0,3393220.0,15,270,3,3,2585.0,15.2,503,0,5,403495,3392890,505,0,7,-109.5
1810901,403455.0,3393220.0,15,270,3,3,2585.0,15.2,503,0,5,403460,3392955,506,0,7,-109.0
1810901,403455.0,3393220.0,15,270,3,3,2585.0,15.2,503,0,5,403480,3392895,505,0,7,-110.89
1810901,403455.0,3393220.0,15,270,3,3,2585.0,15.2,503,0,5,403445,3392940,506,0,5,-105.33
1810901,403455.0,3393220.0,15,270,3,3,2585.0,15.2,503,0,5,403480,3393285,504,0,6,-84.5
1810901,403455.0,3393220.0,15,270,3,3,2585.0,15.2,503,0,5,403445,3393330,505,0,6,-99.5
1810901,403455.0,3393220.0,15,270,3,3,2585.0,15.2,503,0,5,403400,3393365,506,0,7,-99.0
1810901,403455.0,3393220.0,15,270,3,3,2585.0,15.2,503,0,5,403470,3393355,505,0,7,-101.29
1810901,403455.0,3393220.0,15,270,3,3,2585.0,15.2,503,0,5,403495,3393300,504,0,5,-90.43
1810901,403455.0,3393220.0,15,270,3,3,2585.0,15.2,503,0,5,403255,3393540,506,0,12,-97.0
1810901,403455.0,3393220.0,15,270,3,3,2585.0,15.2,503,0,5,403460,3393345,505,0,7,-104.8
1810901,403455.0,3393220.0,15,270,3,3,2585.0,15.2,503,0,5,403465,3393350,505,0,7,-98.5
1810901,403455.0,3393220.0,15,270,3,3,2585.0,15.2,503,0,5,403375,3393420,507,6,5,-93.5
1810901,403455.0,3393220.0,15,270,3,3,2585.0,15.2,503,0,5,403455,3393340,505,0,5,-102.0
1810901,403455.0,3393220.0,15,270,3,3,2585.0,15.2,503,0,5,403475,3393360,506,0,7,-94.0
1810901,403455.0,3393220.0,15,270,3,3,2585.0,15.2,503,0,5,403360,3393405,506,0,12,-94.67
1810901,403455.0,3393220.0,15,270,3,3,2585.0,15.2,503,0,5,403485,3393290,504,0,6,-87.75
1810901,403455.0,3393220.0,15,270,3,3,2585.0,15.2,503,0,5,403500,3393305,504,0,6,-90.2
1810901,403455.0,3393220.0,15,270,3,3,2585.0,15.2,503,0,5,403510,3393315,505,0,6,-95.75
1810901,403455.0,3393220.0,15,270,3,3,2585.0,15.2,503,0,5,403505,3393310,504,0,6,-93.75
1810901,403455.0,3393220.0,15,270,3,3,2585.0,15.2,503,0,5,403490,3393295,504,0,5,-90.25
1810901,403455.0,3393220.0,15,270,3,3,2585.0,15.2,503,0,5,403515,3393320,505,0,6,-95.0
1810901,403455.0,3393220.0,15,270,3,3,2585.0,15.2,503,0,5,403510,3393265,503,0,5,-88.25
1810901,403455.0,3393220.0,15,270,3,3,2585.0,15.2,503,0,5,403375,3393130,507,0,12,-98.0
1810901,403455.0,3393220.0,15,270,3,3,2585.0,15.2,503,0,5,403445,3393220,504,0,6,-79.4
1810901,403455.0,3393220.0,15,270,3,3,2585.0,15.2,503,0,5,403460,3393235,503,0,6,-76.14
1810901,403455.0,3393220.0,15,270,3,3,2585.0,15.2,503,0,5,403355,3393110,507,0,12,-97.5
1810901,403455.0,3393220.0,15,270,3,3,2585.0,15.2,503,0,5,403400,3393175,505,0,5,-88.64
1810901,403455.0,3393220.0,15,270,3,3,2585.0,15.2,503,0,5,403410,3393165,505,42,6,-101.0
1810901,403455.0,3393220.0,15,270,3,3,2585.0,15.2,503,0,5,403440,3393215,504,0,6,-78.6
1810901,403455.0,3393220.0,15,270,3,3,2585.0,15.2,503,0,5,403435,3393190,504,42,6,-88.42
1810901,403455.0,3393220.0,15,270,3,3,2585.0,15.2,503,0,5,403420,3393195,504,0,5,-89.6
1810901,403455.0,3393220.0,15,270,3,3,2585.0,15.2,503,0,5,403405,3393180,505,0,5,-85.5
1810901,403455.0,3393220.0,15,270,3,3,2585.0,15.2,503,0,5,403380,3393155,506,0,5,-94.71
1810901,403455.0,3393220.0,15,270,3,3,2585.0,15.2,503,0,5,403425,3393200,504,42,6,-87.48
1810901,403455.0,3393220.0,15,270,3,3,2585.0,15.2,503,0,5,403390,3393145,506,0,12,-95.63
1810901,403455.0,3393220.0,15,270,3,3,2585.0,15.2,503,0,5,403465,3393240,503,0,5,-73.43
1810901,403455.0,3393220.0,15,270,3,3,2585.0,15.2,503,0,5,403480,3393255,503,0,5,-82.53
1810901,403455.0,3393220.0,15,270,3,3,2585.0,15.2,503,0,5,403475,3393230,503,0,5,-79.28
1810901,403455.0,3393220.0,15,270,3,3,2585.0,15.2,503,0,5,403395,3393150,506,0,5,-103.64
1810901,403455.0,3393220.0,15,270,3,3,2585.0,15.2,503,0,5,403495,3393250,503,0,5,-79.5
1810901,403455.0,3393220.0,15,270,3,3,2585.0,15.2,503,0,5,403450,3393205,504,0,5,-84.87
1810901,403455.0,3393220.0,15,270,3,3,2585.0,15.2,503,0,5,403430,3393185,504,42,6,-99.08
1810901,403455.0,3393220.0,15,270,3,3,2585.0,15.2,503,0,5,403455,3393210,503,0,5,-81.0
1810901,403455.0,3393220.0,15,270,3,3,2585.0,15.2,503,0,5,403470,3393225,503,0,5,-80.23
1810901,403455.0,3393220.0,15,270,3,3,2585.0,15.2,503,0,5,403485,3393260,503,0,5,-82.36
1810901,403455.0,3393220.0,15,270,3,3,2585.0,15.2,503,0,5,403365,3393140,507,0,12,-97.2
1810901,403455.0,3393220.0,15,270,3,3,2585.0,15.2,503,0,5,403505,3393280,504,0,5,-87.14
1810901,403455.0,3393220.0,15,270,3,3,2585.0,15.2,503,0,5,403500,3393275,504,0,5,-83.36
1810901,403455.0,3393220.0,15,270,3,3,2585.0,15.2,503,0,5,403360,3393135,507,0,5,-114.0
1810901,403455.0,3393220.0,15,270,3,3,2585.0,15.2,503,0,5,403030,3393425,508,0,5,-106.0
1810901,403455.0,3393220.0,15,270,3,3,2585.0,15.2,503,0,5,403415,3393170,505,42,6,-98.73
1810901,403455.0,3393220.0,15,270,3,3,2585.0,15.2,503,0,5,403385,3393160,506,0,5,-91.57
1810901,403455.0,3393220.0,15,270,3,3,2585.0,15.2,503,0,5,403490,3393245,503,0,5,-80.75
1810901,403455.0,3393220.0,15,270,3,3,2585.0,15.2,503,0,5,403370,3392940,506,0,7,-101.5
1810901,403455.0,3393220.0,15,270,3,3,2585.0,15.2,503,0,5,403375,3392935,506,0,5,-98.25
1810901,403455.0,3393220.0,15,270,3,3,2585.0,15.2,503,0,5,403395,3392955,505,0,5,-109.5
1810901,403455.0,3393220.0,15,270,3,3,2585.0,15.2,503,0,5,403385,3392945,506,0,5,-112.5
1810901,403455.0,3393220.0,15,270,3,3,2585.0,15.2,503,0,5,403380,3392950,506,0,5,-95.75
1810901,403455.0,3393220.0,15,270,3,3,2585.0,15.2,503,0,5,403470,3392880,505,0,7,-91.0
1810901,403455.0,3393220.0,15,270,3,3,2585.0,15.2,503,0,5,403650,3393160,506,0,5,-99.0
1810901,403455.0,3393220.0,15,270,3,3,2585.0,15.2,503,0,5,403525,3393265,503,0,5,-89.67
1810901,403455.0,3393220.0,15,270,3,3,2585.0,15.2,503,0,5,403540,3393250,503,0,16,-92.67
1810901,403455.0,3393220.0,15,270,3,3,2585.0,15.2,503,0,5,403545,3393245,503,0,16,-91.6
1810901,403455.0,3393220.0,15,270,3,3,2585.0,15.2,503,0,5,403550,3393260,503,0,16,-90.43
1810901,403455.0,3393220.0,15,270,3,3,2585.0,15.2,503,0,5,403520,3393270,504,0,5,-84.0
1810901,403455.0,3393220.0,15,270,3,3,2585.0,15.2,503,0,5,403555,3393255,503,0,13,-95.18
1810901,403455.0,3393220.0,15,270,3,3,2585.0,15.2,503,0,5,403535,3393275,504,0,13,-88.75
1810901,403455.0,3393220.0,15,270,3,3,2585.0,15.2,503,0,5,403570,3393240,503,0,5,-91.0
1810901,403455.0,3393220.0,15,270,3,3,2585.0,15.2,503,0,5,403255,3393355,507,0,5,-110.5
1810901,403455.0,3393220.0,15,270,3,3,2585.0,15.2,503,0,5,403265,3393325,507,0,5,-99.56
1810901,403455.0,3393220.0,15,270,3,3,2585.0,15.2,503,0,5,403275,3393335,507,0,6,-99.0
1810901,403455.0,3393220.0,15,270,3,3,2585.0,15.2,503,0,5,403350,3393420,507,0,5,-96.0
1810901,403455.0,3393220.0,15,270,3,3,2585.0,15.2,503,0,5,403190,3393260,507,0,6,-95.5
1810901,403455.0,3393220.0,15,270,3,3,2585.0,15.2,503,0,5,403225,3393285,508,0,7,-95.0
1810901,403455.0,3393220.0,15,270,3,3,2585.0,15.2,503,0,5,403170,3393280,506,0,5,-96.4
1810901,403455.0,3393220.0,15,270,3,3,2585.0,15.2,503,0,5,403175,3393275,507,0,5,-90.0
1810901,403455.0,3393220.0,15,270,3,3,2585.0,15.2,503,0,5,403205,3393305,507,0,5,-99.67
1810901,403455.0,3393220.0,15,270,3,3,2585.0,15.2,503,0,5,403195,3393255,507,0,6,-93.5
1810901,403455.0,3393220.0,15,270,3,3,2585.0,15.2,503,0,5,403235,3393295,507,0,5,-96.33
1810901,403455.0,3393220.0,15,270,3,3,2585.0,15.2,503,0,5,403185,3393245,507,0,5,-92.56
1810901,403455.0,3393220.0,15,270,3,3,2585.0,15.2,503,0,5,403220,3393290,508,0,7,-87.2
1810901,403455.0,3393220.0,15,270,3,3,2585.0,15.2,503,0,5,403355,3393415,507,0,12,-96.0
1810901,403455.0,3393220.0,15,270,3,3,2585.0,15.2,503,0,5,403270,3393340,507,0,6,-107.57
1810901,403455.0,3393220.0,15,270,3,3,2585.0,15.2,503,0,5,403260,3393330,507,0,6,-108.38
1810901,403455.0,3393220.0,15,270,3,3,2585.0,15.2,503,0,5,403260,3393305,507,0,5,-97.0
1810901,403455.0,3393220.0,15,270,3,3,2585.0,15.2,503,0,5,403270,3393315,507,0,7,-98.22
1810901,403455.0,3393220.0,15,270,3,3,2585.0,15.2,503,0,5,403180,3393225,507,0,6,-97.5
1810901,403455.0,3393220.0,15,270,3,3,2585.0,15.2,503,0,5,403245,3393290,508,0,13,-84.7
1810901,403455.0,3393220.0,15,270,3,3,2585.0,15.2,503,0,5,403200,3393325,507,0,6,-100.6
1810901,403455.0,3393220.0,15,270,3,3,2585.0,15.2,503,0,5,403150,3393275,506,0,5,-104.5
1810901,403455.0,3393220.0,15,270,3,3,2585.0,15.2,503,0,5,403265,3393310,507,0,7,-101.25
1810901,403455.0,3393220.0,15,270,3,3,2585.0,15.2,503,0,5,403145,3393270,506,0,5,-90.0
1810901,403455.0,3393220.0,15,270,3,3,2585.0,15.2,503,0,5,403340,3393385,506,0,5,-98.0
1810901,403455.0,3393220.0,15,270,3,3,2585.0,15.2,503,0,5,403240,3393285,508,0,5,-89.67
1810901,403455.0,3393220.0,15,270,3,3,2585.0,15.2,503,0,5,403190,3393235,508,0,6,-89.5
1810901,403455.0,3393220.0,15,270,3,3,2585.0,15.2,503,0,5,403140,3393265,506,0,10,-109.75
1810901,403455.0,3393220.0,15,270,3,3,2585.0,15.2,503,0,5,403250,3393295,507,0,5,-92.43
1810901,403455.0,3393220.0,15,270,3,3,2585.0,15.2,503,0,5,403205,3393330,507,0,6,-102.5
1810901,403455.0,3393220.0,15,270,3,3,2585.0,15.2,503,0,5,403320,3393365,506,33,5,-129.0
1810901,403455.0,3393220.0,15,270,3,3,2585.0,15.2,503,0,5,403195,3393240,508,0,6,-92.13
1810901,403455.0,3393220.0,15,270,3,3,2585.0,15.2,503,0,5,403170,3393215,507,0,5,-98.0
1810901,403455.0,3393220.0,15,270,3,3,2585.0,15.2,503,0,5,403275,3393320,507,0,7,-100.0
1810901,403455.0,3393220.0,15,270,3,3,2585.0,15.2,503,0,5,403255,3393300,507,0,5,-83.67
1810901,403455.0,3393220.0,15,270,3,3,2585.0,15.2,503,0,5,403400,3392935,506,0,5,-102.5
1810901,403455.0,3393220.0,15,270,3,3,2585.0,15.2,503,0,5,403425,3392960,506,102,5,-107.67
1810901,403455.0,3393220.0,15,270,3,3,2585.0,15.2,503,0,5,403410,3392925,506,102,10,-111.0
1810901,403455.0,3393220.0,15,270,3,3,2585.0,15.2,503,0,5,403420,3392955,506,102,5,-108.1
1810901,403455.0,3393220.0,15,270,3,3,2585.0,15.2,503,0,5,403395,3392910,506,0,5,-106.5
1810901,403455.0,3393220.0,15,270,3,3,2585.0,15.2,503,0,5,403415,3392930,506,102,10,-103.5
1810901,403455.0,3393220.0,15,270,3,3,2585.0,15.2,503,0,5,403405,3392940,506,0,5,-105.5
1810901,403455.0,3393220.0,15,270,3,3,2585.0,15.2,503,0,5,403375,3392890,506,0,7,-102.33
1810901,403455.0,3393220.0,15,270,3,3,2585.0,15.2,503,0,5,403390,3392905,506,0,5,-112.0
1810901,403455.0,3393220.0,15,270,3,3,2585.0,15.2,503,0,5,403380,3392915,506,0,10,-105.0
1810901,403455.0,3393220.0,15,270,3,3,2585.0,15.2,503,0,5,403385,3392920,506,0,10,-110.0
1810901,403455.0,3393220.0,15,270,3,3,2585.0,15.2,503,0,5,403500,3392875,505,0,7,-105.0
1810901,403455.0,3393220.0,15,270,3,3,2585.0,15.2,503,0,5,403435,3392950,506,102,7,-112.33
1810901,403455.0,3393220.0,15,270,3,3,2585.0,15.2,503,0,5,403610,3393300,505,0,5,-102.0
1810901,403455.0,3393220.0,15,270,3,3,2585.0,15.2,503,0,5,403615,3393295,505,0,5,-100.0
1810901,403455.0,3393220.0,15,270,3,3,2585.0,15.2,503,0,5,403535,3393375,506,0,7,-100.5
1810901,403455.0,3393220.0,15,270,3,3,2585.0,15.2,503,0,5,403540,3393390,506,0,7,-103.5
1810901,403455.0,3393220.0,15,270,3,3,2585.0,15.2,503,0,5,403440,3393235,504,0,6,-79.33
1810901,403455.0,3393220.0,15,270,3,3,2585.0,15.2,503,0,5,403075,3393450,507,0,5,-106.33
1810901,403455.0,3393220.0,15,270,3,3,2585.0,15.2,503,0,5,403485,3393280,504,0,5,-80.0
1810901,403455.0,3393220.0,15,270,3,3,2585.0,15.2,503,0,5,403390,3393125,506,0,6,-110.0
1810901,403455.0,3393220.0,15,270,3,3,2585.0,15.2,503,0,5,403060,3393455,508,0,5,-108.0
1810901,403455.0,3393220.0,15,270,3,3,2585.0,15.2,503,0,5,403455,3393230,503,0,6,-75.5
1810901,403455.0,3393220.0,15,270,3,3,2585.0,15.2,503,0,5,403465,3393220,503,0,5,-81.67
1810901,403455.0,3393220.0,15,270,3,3,2585.0,15.2,503,0,5,403510,3393245,503,0,5,-82.83
1810901,403455.0,3393220.0,15,270,3,3,2585.0,15.2,503,0,5,403495,3393270,504,0,5,-85.75
1810901,403455.0,3393220.0,15,270,3,3,2585.0,15.2,503,0,5,403420,3393175,505,42,6,-100.35
1810901,403455.0,3393220.0,15,270,3,3,2585.0,15.2,503,0,5,403405,3393200,505,0,5,-88.73
1810901,403455.0,3393220.0,15,270,3,3,2585.0,15.2,503,0,5,403410,3393185,505,0,5,-89.67
1810901,403455.0,3393220.0,15,270,3,3,2585.0,15.2,503,0,5,403435,3393170,504,0,5,-93.28
1810901,403455.0,3393220.0,15,270,3,3,2585.0,15.2,503,0,5,403385,3393140,506,0,12,-98.5
1810901,403455.0,3393220.0,15,270,3,3,2585.0,15.2,503,0,5,403430,3393165,505,0,5,-87.57
1810901,403455.0,3393220.0,15,270,3,3,2585.0,15.2,503,0,5,403470,3393205,503,0,5,-86.57
1810901,403455.0,3393220.0,15,270,3,3,2585.0,15.2,503,0,5,403415,3393190,505,0,6,-95.56
1810901,403455.0,3393220.0,15,270,3,3,2585.0,15.2,503,0,5,403395,3393130,506,0,6,-97.45
1810901,403455.0,3393220.0,15,270,3,3,2585.0,15.2,503,0,5,403400,3393195,505,0,5,-82.57
1810901,403455.0,3393220.0,15,270,3,3,2585.0,15.2,503,0,5,403515,3393250,503,0,5,-86.67
1810901,403455.0,3393220.0,15,270,3,3,2585.0,15.2,503,0,5,403480,3393275,504,0,5,-77.6
1810901,403455.0,3393220.0,15,270,3,3,2585.0,15.2,503,0,5,403490,3393265,503,0,5,-79.75
1810901,403455.0,3393220.0,15,270,3,3,2585.0,15.2,503,0,5,403370,3393145,507,0,12,-100.5
1810901,403455.0,3393220.0,15,270,3,3,2585.0,15.2,503,0,5,403475,3393210,503,0,5,-84.15
1810901,403455.0,3393220.0,15,270,3,3,2585.0,15.2,503,0,5,403450,3393225,503,0,6,-83.57
1810901,403455.0,3393220.0,15,270,3,3,2585.0,15.2,503,0,5,403360,3393155,507,0,5,-94.43
1810901,403455.0,3393220.0,15,270,3,3,2585.0,15.2,503,0,5,403505,3393260,503,0,5,-88.33
1810901,403455.0,3393220.0,15,270,3,3,2585.0,15.2,503,0,5,403375,3393150,506,0,5,-99.33
1810901,403455.0,3393220.0,15,270,3,3,2585.0,15.2,503,0,5,403460,3393215,503,0,5,-78.57
1810901,403455.0,3393220.0,15,270,3,3,2585.0,15.2,503,0,5,403425,3393180,504,42,6,-102.76
1810901,403455.0,3393220.0,15,270,3,3,2585.0,15.2,503,0,5,403380,3393135,506,0,12,-105.75
1810901,403455.0,3393220.0,15,270,3,3,2585.0,15.2,503,0,5,403445,3393240,503,0,6,-77.57
1810901,403455.0,3393220.0,15,270,3,3,2585.0,15.2,503,0,5,403500,3393255,503,0,5,-83.0
1810901,403455.0,3393220.0,15,270,3,3,2585.0,15.2,503,0,5,403365,3393160,507,42,5,-91.83
1810901,403455.0,3393220.0,15,270,3,3,2585.0,15.2,503,0,5,403300,3393310,507,0,7,-94.2
1810901,403455.0,3393220.0,15,270,3,3,2585.0,15.2,503,0,5,403330,3393340,506,0,6,-95.67
1810901,403455.0,3393220.0,15,270,3,3,2585.0,15.2,503,0,5,403335,3393335,506,0,6,-99.1
1810901,403455.0,3393220.0,15,270,3,3,2585.0,15.2,503,0,5,403325,3393325,507,0,6,-95.1
1810901,403455.0,3393220.0,15,270,3,3,2585.0,15.2,503,0,5,403190,3393200,508,0,6,-97.0
1810901,403455.0,3393220.0,15,270,3,3,2585.0,15.2,503,0,5,403310,3393320,507,0,7,-95.46
1810901,403455.0,3393220.0,15,270,3,3,2585.0,15.2,503,0,5,403195,3393195,508,0,6,-104.0
1810901,403455.0,3393220.0,15,270,3,3,2585.0,15.2,503,0,5,403105,3393265,506,0,10,-102.25
1810901,403455.0,3393220.0,15,270,3,3,2585.0,15.2,503,0,5,403180,3393190,508,0,5,-113.5
1810901,403455.0,3393220.0,15,270,3,3,2585.0,15.2,503,0,5,403115,3393275,506,0,10,-89.5
1810901,403455.0,3393220.0,15,270,3,3,2585.0,15.2,503,0,5,403200,3393370,506,0,6,-106.67
1810901,403455.0,3393220.0,15,270,3,3,2585.0,15.2,503,0,5,403280,3393290,508,0,11,-82.89
1810901,403455.0,3393220.0,15,270,3,3,2585.0,15.2,503,0,5,403320,3393330,507,0,6,-96.0
1810901,403455.0,3393220.0,15,270,3,3,2585.0,15.2,503,0,5,403305,3393305,507,0,5,-95.67
1810901,403455.0,3393220.0,15,270,3,3,2585.0,15.2,503,0,5,403315,3393315,507,0,7,-94.8
1810901,403455.0,3393220.0,15,270,3,3,2585.0,15.2,503,0,5,403345,3393345,506,0,5,-97.33
1810901,403455.0,3393220.0,15,270,3,3,2585.0,15.2,503,0,5,403225,3393385,506,0,7,-109.33
1810901,403455.0,3393220.0,15,270,3,3,2585.0,15.2,503,0,5,403205,3393365,506,0,5,-104.83
1810901,403455.0,3393220.0,15,270,3,3,2585.0,15.2,503,0,5,403285,3393285,508,0,5,-82.0
1810901,403455.0,3393220.0,15,270,3,3,2585.0,15.2,503,0,5,403270,3393440,506,0,5,-101.5
1810901,403455.0,3393220.0,15,270,3,3,2585.0,15.2,503,0,5,403100,3393270,506,0,10,-97.0
1810901,403455.0,3393220.0,15,270,3,3,2585.0,15.2,503,0,5,403290,3393300,507,0,5,-89.2
1810901,403455.0,3393220.0,15,270,3,3,2585.0,15.2,503,0,5,403350,3393355,506,33,5,-93.71
1810901,403455.0,3393220.0,15,270,3,3,2585.0,15.2,503,0,5,403290,3393295,507,0,11,-88.5
1810901,403455.0,3393220.0,15,270,3,3,2585.0,15.2,503,0,5,403305,3393310,507,0,7,-92.13
1810901,403455.0,3393220.0,15,270,3,3,2585.0,15.2,503,0,5,403310,3393315,507,0,7,-96.42
1810901,403455.0,3393220.0,15,270,3,3,2585.0,15.2,503,0,5,403340,3393345,506,0,6,-96.33
1810901,403455.0,3393220.0,15,270,3,3,2585.0,15.2,503,0,5,403205,3393370,506,0,5,-104.88
1810901,403455.0,3393220.0,15,270,3,3,2585.0,15.2,503,0,5,403105,3393270,506,0,10,-98.0
1810901,403455.0,3393220.0,15,270,3,3,2585.0,15.2,503,0,5,403180,3393185,508,0,5,-111.67
1810901,403455.0,3393220.0,15,270,3,3,2585.0,15.2,503,0,5,403320,3393325,507,0,6,-96.42
1810901,403455.0,3393220.0,15,270,3,3,2585.0,15.2,503,0,5,403200,3393365,506,0,6,-108.22
1810901,403455.0,3393220.0,15,270,3,3,2585.0,15.2,503,0,5,403315,3393320,507,0,7,-97.54
1810901,403455.0,3393220.0,15,270,3,3,2585.0,15.2,503,0,5,403285,3393290,508,0,11,-82.85
1810901,403455.0,3393220.0,15,270,3,3,2585.0,15.2,503,0,5,403330,3393335,506,0,6,-96.14
1810901,403455.0,3393220.0,15,270,3,3,2585.0,15.2,503,0,5,403295,3393300,507,0,5,-94.33
1810901,403455.0,3393220.0,15,270,3,3,2585.0,15.2,503,0,5,403190,3393195,508,0,6,-103.38
1810901,403455.0,3393220.0,15,270,3,3,2585.0,15.2,503,0,5,403185,3393190,508,0,5,-104.5
1810901,403455.0,3393220.0,15,270,3,3,2585.0,15.2,503,0,5,403100,3393265,506,0,10,-105.5
1810901,403455.0,3393220.0,15,270,3,3,2585.0,15.2,503,0,5,403280,3393285,508,0,5,-82.79
1810901,403455.0,3393220.0,15,270,3,3,2585.0,15.2,503,0,5,403335,3393340,506,0,6,-94.0
1810901,403455.0,3393220.0,15,270,3,3,2585.0,15.2,503,0,5,403300,3393305,507,0,5,-92.0
1810901,403455.0,3393220.0,15,270,3,3,2585.0,15.2,503,0,5,403325,3393330,506,0,6,-95.9
1810901,403455.0,3393220.0,15,270,3,3,2585.0,15.2,503,0,5,403530,3393300,504,0,5,-93.5
1810901,403455.0,3393220.0,15,270,3,3,2585.0,15.2,503,0,5,403520,3393290,504,0,5,-81.0
1810901,403455.0,3393220.0,15,270,3,3,2585.0,15.2,503,0,5,403525,3393285,504,0,5,-85.75
1810901,403455.0,3393220.0,15,270,3,3,2585.0,15.2,503,0,5,403510,3393235,503,0,13,-83.0
1810901,403455.0,3393220.0,15,270,3,3,2585.0,15.2,503,0,5,403395,3393200,505,0,5,-89.0
1810901,403455.0,3393220.0,15,270,3,3,2585.0,15.2,503,0,5,403475,3393280,504,0,6,-81.8
1810901,403455.0,3393220.0,15,270,3,3,2585.0,15.2,503,0,5,403380,3393185,506,0,5,-90.33
1810901,403455.0,3393220.0,15,270,3,3,2585.0,15.2,503,0,5,403495,3393220,503,0,5,-88.0
1810901,403455.0,3393220.0,15,270,3,3,2585.0,15.2,503,0,5,403490,3393215,503,0,5,-86.0
1810901,403455.0,3393220.0,15,270,3,3,2585.0,15.2,503,0,5,403405,3393130,506,0,6,-92.6
1810901,403455.0,3393220.0,15,270,3,3,2585.0,15.2,503,0,5,403460,3393265,504,0,6,-72.7
1810901,403455.0,3393220.0,15,270,3,3,2585.0,15.2,503,0,5,403465,3393270,504,0,6,-75.0
1810901,403455.0,3393220.0,15,270,3,3,2585.0,15.2,503,0,5,403410,3393135,506,0,6,-92.96
1810901,403455.0,3393220.0,15,270,3,3,2585.0,15.2,503,0,5,403450,3393255,503,0,6,-71.29
1810901,403455.0,3393220.0,15,270,3,3,2585.0,15.2,503,0,5,403420,3393145,505,0,5,-87.62
1810901,403455.0,3393220.0,15,270,3,3,2585.0,15.2,503,0,5,403430,3393155,505,0,5,-88.44
1810901,403455.0,3393220.0,15,270,3,3,2585.0,15.2,503,0,5,403435,3393160,504,0,5,-89.79
1810901,403455.0,3393220.0,15,270,3,3,2585.0,15.2,503,0,5,403445,3393250,503,0,5,-73.8
1810901,403455.0,3393220.0,15,270,3,3,2585.0,15.2,503,0,5,403400,3393125,506,0,6,-92.7
1810901,403455.0,3393220.0,15,270,3,3,2585.0,15.2,503,0,5,403480,3393205,503,0,5,-85.91
1810901,403455.0,3393220.0,15,270,3,3,2585.0,15.2,503,0,5,403415,3393140,505,0,6,-89.17
1810901,403455.0,3393220.0,15,270,3,3,2585.0,15.2,503,0,5,403425,3393150,505,0,5,-88.37
1810901,403455.0,3393220.0,15,270,3,3,2585.0,15.2,503,0,5,403390,3393195,505,0,6,-80.25
1810901,403455.0,3393220.0,15,270,3,3,2585.0,15.2,503,0,5,403375,3393180,506,0,5,-91.76
1810901,403455.0,3393220.0,15,270,3,3,2585.0,15.2,503,0,5,403085,3393450,507,0,5,-110.0
1810901,403455.0,3393220.0,15,270,3,3,2585.0,15.2,503,0,5,403515,3393240,503,0,5,-91.33
1810901,403455.0,3393220.0,15,270,3,3,2585.0,15.2,503,0,5,403470,3393275,504,0,6,-76.75
1810901,403455.0,3393220.0,15,270,3,3,2585.0,15.2,503,0,5,403455,3393260,503,0,6,-71.21
1810901,403455.0,3393220.0,15,270,3,3,2585.0,15.2,503,0,5,403440,3393245,503,0,5,-71.73
1810901,403455.0,3393220.0,15,270,3,3,2585.0,15.2,503,0,5,403080,3393445,507,0,5,-108.17
1810901,403455.0,3393220.0,15,270,3,3,2585.0,15.2,503,0,5,402980,3393425,508,0,6,-83.0
1810901,403455.0,3393220.0,15,270,3,3,2585.0,15.2,503,0,5,403370,3393175,506,0,12,-95.3
1810901,403455.0,3393220.0,15,270,3,3,2585.0,15.2,503,0,5,403385,3393190,505,0,5,-95.14
1810901,403455.0,3393220.0,15,270,3,3,2585.0,15.2,503,0,5,403365,3393170,506,42,12,-93.88
1810901,403455.0,3393220.0,15,270,3,3,2585.0,15.2,503,0,5,403360,3393165,507,0,5,-97.56
1810901,403455.0,3393220.0,15,270,3,3,2585.0,15.2,503,0,5,403480,3393350,505,0,7,-94.0
1810901,403455.0,3393220.0,15,270,3,3,2585.0,15.2,503,0,5,403380,3393370,506,0,6,-102.5
1810901,403455.0,3393220.0,15,270,3,3,2585.0,15.2,503,0,5,403385,3393365,506,0,7,-95.92
1810901,403455.0,3393220.0,15,270,3,3,2585.0,15.2,503,0,5,403235,3393535,506,0,12,-103.0
1810901,403455.0,3393220.0,15,270,3,3,2585.0,15.2,503,0,5,403395,3393375,506,0,7,-95.75
1810901,403455.0,3393220.0,15,270,3,3,2585.0,15.2,503,0,5,403465,3393285,504,0,6,-83.33
1810901,403455.0,3393220.0,15,270,3,3,2585.0,15.2,503,0,5,403515,3393335,505,0,6,-92.25
1810901,403455.0,3393220.0,15,270,3,3,2585.0,15.2,503,0,5,403510,3393340,505,0,6,-90.25
1810901,403455.0,3393220.0,15,270,3,3,2585.0,15.2,503,0,5,403390,3393380,506,0,7,-99.0
1810901,403455.0,3393220.0,15,270,3,3,2585.0,15.2,503,0,5,403505,3393325,505,0,6,-92.9
1810901,403455.0,3393220.0,15,270,3,3,2585.0,15.2,503,0,5,403250,3393140,509,0,5,-110.0
1810901,403455.0,3393220.0,15,270,3,3,2585.0,15.2,503,0,5,403410,3392980,506,0,10,-101.33
1810901,403455.0,3393220.0,15,270,3,3,2585.0,15.2,503,0,5,403345,3393225,506,42,11,-83.33
1810901,403455.0,3393220.0,15,270,3,3,2585.0,15.2,503,0,5,403070,3393360,507,0,6,-97.5
1810901,403455.0,3393220.0,15,270,3,3,2585.0,15.2,503,0,5,403365,3393005,506,0,7,-102.67
1810901,403455.0,3393220.0,15,270,3,3,2585.0,15.2,503,0,5,403370,3393020,506,0,7,-93.5
1810901,403455.0,3393220.0,15,270,3,3,2585.0,15.2,503,0,5,403385,3393025,506,0,7,-92.4
1810901,403455.0,3393220.0,15,270,3,3,2585.0,15.2,503,0,5,403375,3393015,506,0,7,-93.0
1810901,403455.0,3393220.0,15,270,3,3,2585.0,15.2,503,0,5,403405,3392965,505,0,10,-108.5
1810901,403455.0,3393220.0,15,270,3,3,2585.0,15.2,503,0,5,403320,3393210,507,0,5,-104.9
1810901,403455.0,3393220.0,15,270,3,3,2585.0,15.2,503,0,5,403395,3393035,506,0,7,-90.38
1810901,403455.0,3393220.0,15,270,3,3,2585.0,15.2,503,0,5,403290,3393260,508,0,7,-86.75
1810901,403455.0,3393220.0,15,270,3,3,2585.0,15.2,503,0,5,403295,3393255,508,0,7,-92.48
1810901,403455.0,3393220.0,15,270,3,3,2585.0,15.2,503,0,5,403080,3393290,507,0,5,-105.0
1810901,403455.0,3393220.0,15,270,3,3,2585.0,15.2,503,0,5,403165,3393365,505,0,5,-102.92
1810901,403455.0,3393220.0,15,270,3,3,2585.0,15.2,503,0,5,403350,3393240,506,0,7,-80.44
1810901,403455.0,3393220.0,15,270,3,3,2585.0,15.2,503,0,5,403335,3393215,507,0,11,-93.33
1810901,403455.0,3393220.0,15,270,3,3,2585.0,15.2,503,0,5,403340,3393230,506,0,11,-80.42
1810901,403455.0,3393220.0,15,270,3,3,2585.0,15.2,503,0,5,403310,3393280,507,0,5,-80.97
1810901,403455.0,3393220.0,15,270,3,3,2585.0,15.2,503,0,5,403355,3393235,506,42,5,-85.14
1810901,403455.0,3393220.0,15,270,3,3,2585.0,15.2,503,0,5,403425,3392985,506,0,5,-103.15
1810901,403455.0,3393220.0,15,270,3,3,2585.0,15.2,503,0,5,403330,3393220,507,0,5,-92.33
1810901,403455.0,3393220.0,15,270,3,3,2585.0,15.2,503,0,5,403505,3393065,505,9,5,-102.0
1810901,403455.0,3393220.0,15,270,3,3,2585.0,15.2,503,0,5,403500,3393070,504,9,5,-101.67
1810901,403455.0,3393220.0,15,270,3,3,2585.0,15.2,503,0,5,403460,3393110,504,0,7,-98.25
1810901,403455.0,3393220.0,15,270,3,3,2585.0,15.2,503,0,5,403315,3393275,507,0,5,-83.88
1810901,403455.0,3393220.0,15,270,3,3,2585.0,15.2,503,0,5,403325,3393205,507,0,5,-100.91
1810901,403455.0,3393220.0,15,270,3,3,2585.0,15.2,503,0,5,403170,3393380,505,0,5,-102.5
1810901,403455.0,3393220.0,15,270,3,3,2585.0,15.2,503,0,5,403285,3393245,508,0,5,-91.77
1810901,403455.0,3393220.0,15,270,3,3,2585.0,15.2,503,0,5,403420,3392990,506,0,10,-104.71
1810901,403455.0,3393220.0,15,270,3,3,2585.0,15.2,503,0,5,403445,3393085,505,0,6,-87.0
1810901,403455.0,3393220.0,15,270,3,3,2585.0,15.2,503,0,5,403175,3393375,506,0,5,-100.25
1810901,403455.0,3393220.0,15,270,3,3,2585.0,15.2,503,0,5,403300,3393270,508,0,7,-85.38
1810901,403455.0,3393220.0,15,270,3,3,2585.0,15.2,503,0,5,403440,3393090,505,0,6,-95.33
1810901,403455.0,3393220.0,15,270,3,3,2585.0,15.2,503,0,5,403380,3393030,506,0,7,-95.67
1810901,403455.0,3393220.0,15,270,3,3,2585.0,15.2,503,0,5,403280,3393250,508,0,5,-87.13
1810901,403455.0,3393220.0,15,270,3,3,2585.0,15.2,503,0,5,403400,3392970,505,0,10,-108.0
1810901,403455.0,3393220.0,15,270,3,3,2585.0,15.2,503,0,5,403390,3393040,506,0,7,-100.07
1810901,403455.0,3393220.0,15,270,3,3,2585.0,15.2,503,0,5,403160,3393370,505,0,5,-101.0
1810901,403455.0,3393220.0,15,270,3,3,2585.0,15.2,503,0,5,403135,3393415,506,84,5,-100.0
1810901,403455.0,3393220.0,15,270,3,3,2585.0,15.2,503,0,5,403435,3392995,506,102,10,-101.25
1810901,403455.0,3393220.0,15,270,3,3,2585.0,15.2,503,0,5,403305,3393265,508,0,7,-79.61
1810901,403455.0,3393220.0,15,270,3,3,2585.0,15.2,503,0,5,403480,3393050,505,0,10,-102.0
1810901,403455.0,3393220.0,15,270,3,3,2585.0,15.2,503,0,5,403415,3392975,506,0,10,-115.0
1810901,403455.0,3393220.0,15,270,3,3,2585.0,15.2,503,0,5,403430,3393000,506,0,10,-98.63
1810901,403455.0,3393220.0,15,270,3,3,2585.0,15.2,503,0,5,403605,3393240,504,0,7,-93.67
1810901,403455.0,3393220.0,15,270,3,3,2585.0,15.2,503,0,5,403355,3392930,506,0,7,-100.0
1810901,403455.0,3393220.0,15,270,3,3,2585.0,15.2,503,0,5,403315,3392890,507,0,7,-109.6
1810901,403455.0,3393220.0,15,270,3,3,2585.0,15.2,503,0,5,403345,3392940,506,0,7,-101.29
1810901,403455.0,3393220.0,15,270,3,3,2585.0,15.2,503,0,5,403340,3392935,506,0,7,-106.17
1810901,403455.0,3393220.0,15,270,3,3,2585.0,15.2,503,0,5,403335,3392950,506,0,5,-109.0
1810901,403455.0,3393220.0,15,270,3,3,2585.0,15.2,503,0,5,403330,3392945,506,0,5,-103.5
1810901,403455.0,3393220.0,15,270,3,3,2585.0,15.2,503,0,5,403460,3393350,505,0,7,-99.5
1810901,403455.0,3393220.0,15,270,3,3,2585.0,15.2,503,0,5,403505,3393305,504,0,5,-92.29
1810901,403455.0,3393220.0,15,270,3,3,2585.0,15.2,503,0,5,403490,3393300,504,0,6,-92.88
1810901,403455.0,3393220.0,15,270,3,3,2585.0,15.2,503,0,5,403495,3393295,504,0,5,-85.83
1810901,403455.0,3393220.0,15,270,3,3,2585.0,15.2,503,0,5,403515,3393315,505,0,6,-93.18
1810901,403455.0,3393220.0,15,270,3,3,2585.0,15.2,503,0,5,403465,3393345,505,0,7,-107.92
1810901,403455.0,3393220.0,15,270,3,3,2585.0,15.2,503,0,5,403485,3393285,504,0,5,-95.0
1810901,403455.0,3393220.0,15,270,3,3,2585.0,15.2,503,0,5,403500,3393310,504,0,6,-90.67
1810901,403455.0,3393220.0,15,270,3,3,2585.0,15.2,503,0,5,403510,3393320,505,0,6,-92.92
1810901,403455.0,3393220.0,15,270,3,3,2585.0,15.2,503,0,5,403560,3393275,504,0,13,-93.5
1810901,403455.0,3393220.0,15,270,3,3,2585.0,15.2,503,0,5,403565,3393280,504,0,16,-97.0
1810901,403455.0,3393220.0,15,270,3,3,2585.0,15.2,503,0,5,403535,3393230,503,0,16,-101.0
1810901,403455.0,3393220.0,15,270,3,3,2585.0,15.2,503,0,5,403525,3393240,503,0,5,-98.5
1810901,403455.0,3393220.0,15,270,3,3,2585.0,15.2,503,0,5,403580,3393255,504,0,5,-97.2
1810901,403455.0,3393220.0,15,270,3,3,2585.0,15.2,503,0,5,403520,3393235,503,0,5,-89.5
1810901,403455.0,3393220.0,15,270,3,3,2585.0,15.2,503,0,5,403595,3393250,504,0,5,-101.25
1810901,403455.0,3393220.0,15,270,3,3,2585.0,15.2,503,0,5,403570,3393265,504,0,13,-95.5
1810901,403455.0,3393220.0,15,270,3,3,2585.0,15.2,503,0,5,403325,3392880,506,0,5,-102.5
1810901,403455.0,3393220.0,15,270,3,3,2585.0,15.2,503,0,5,403445,3392935,506,0,5,-110.0
1810901,403455.0,3393220.0,15,270,3,3,2585.0,15.2,503,0,5,403465,3392955,506,0,7,-108.33
1810901,403455.0,3393220.0,15,270,3,3,2585.0,15.2,503,0,5,403490,3392890,505,0,7,-110.0
1810901,403455.0,3393220.0,15,270,3,3,2585.0,15.2,503,0,5,403470,3392950,506,0,7,-111.33
1810901,403455.0,3393220.0,15,270,3,3,2585.0,15.2,503,0,5,403485,3392895,505,0,7,-108.0
1810901,403455.0,3393220.0,15,270,3,3,2585.0,15.2,503,0,5,403455,3392925,506,0,10,-104.67
1810901,403455.0,3393220.0,15,270,3,3,2585.0,15.2,503,0,5,403475,3392945,506,0,5,-109.2
1810901,403455.0,3393220.0,15,270,3,3,2585.0,15.2,503,0,5,403460,3392960,506,0,7,-108.25
1810901,403455.0,3393220.0,15,270,3,3,2585.0,15.2,503,0,5,403480,3393150,503,0,7,-105.5
1810901,403455.0,3393220.0,15,270,3,3,2585.0,15.2,503,0,5,403465,3393165,503,0,7,-100.5
1810901,403455.0,3393220.0,15,270,3,3,2585.0,15.2,503,0,5,403490,3393160,503,0,7,-111.5
1810901,403455.0,3393220.0,15,270,3,3,2585.0,15.2,503,0,5,403395,3393255,504,0,7,-86.28
1810901,403455.0,3393220.0,15,270,3,3,2585.0,15.2,503,0,5,403430,3393220,504,0,5,-78.26
1810901,403455.0,3393220.0,15,270,3,3,2585.0,15.2,503,0,5,403355,3392975,506,0,7,-98.0
1810901,403455.0,3393220.0,15,270,3,3,2585.0,15.2,503,0,5,403000,3393310,508,0,13,-96.67
1810901,403455.0,3393220.0,15,270,3,3,2585.0,15.2,503,0,5,403410,3393240,504,0,5,-78.73
1810901,403455.0,3393220.0,15,270,3,3,2585.0,15.2,503,0,5,403420,3393210,504,0,5,-86.26
1810901,403455.0,3393220.0,15,270,3,3,2585.0,15.2,503,0,5,403385,3393245,504,0,7,-79.56
1810901,403455.0,3393220.0,15,270,3,3,2585.0,15.2,503,0,5,403390,3393260,504,0,7,-82.65
1810901,403455.0,3393220.0,15,270,3,3,2585.0,15.2,503,0,5,403370,3393280,505,0,11,-82.4
1810901,403455.0,3393220.0,15,270,3,3,2585.0,15.2,503,0,5,403485,3393145,503,0,7,-93.67
1810901,403455.0,3393220.0,15,270,3,3,2585.0,15.2,503,0,5,403505,3393125,504,0,13,-111.0
1810901,403455.0,3393220.0,15,270,3,3,2585.0,15.2,503,0,5,403470,3393180,503,0,7,-93.33
1810901,403455.0,3393220.0,15,270,3,3,2585.0,15.2,503,0,5,403455,3393195,504,0,5,-89.78
1810901,403455.0,3393220.0,15,270,3,3,2585.0,15.2,503,0,5,403415,3393235,504,0,11,-82.62
1810901,403455.0,3393220.0,15,270,3,3,2585.0,15.2,503,0,5,403350,3392980,506,0,7,-100.5
1810901,403455.0,3393220.0,15,270,3,3,2585.0,15.2,503,0,5,403360,3393270,505,0,7,-84.88
1810901,403455.0,3393220.0,15,270,3,3,2585.0,15.2,503,0,5,403375,3393275,505,0,5,-81.88
1810901,403455.0,3393220.0,15,270,3,3,2585.0,15.2,503,0,5,403440,3393190,504,0,6,-88.95
1810901,403455.0,3393220.0,15,270,3,3,2585.0,15.2,503,0,5,403405,3393225,504,0,5,-72.36
1810901,403455.0,3393220.0,15,270,3,3,2585.0,15.2,503,0,5,403400,3393230,504,42,5,-77.17
1810901,403455.0,3393220.0,15,270,3,3,2585.0,15.2,503,0,5,403345,3392965,506,0,7,-102.17
1810901,403455.0,3393220.0,15,270,3,3,2585.0,15.2,503,0,5,403450,3393200,504,0,5,-87.89
1810901,403455.0,3393220.0,15,270,3,3,2585.0,15.2,503,0,5,403425,3393205,504,42,5,-84.83
1810901,403455.0,3393220.0,15,270,3,3,2585.0,15.2,503,0,5,403380,3393250,504,0,7,-82.71
1810901,403455.0,3393220.0,15,270,3,3,2585.0,15.2,503,0,5,403475,3393175,503,0,7,-88.0
1810901,403455.0,3393220.0,15,270,3,3,2585.0,15.2,503,0,5,403365,3393265,505,0,7,-84.09
1810901,403455.0,3393220.0,15,270,3,3,2585.0,15.2,503,0,5,403460,3393170,503,0,5,-98.86
1810901,403455.0,3393220.0,15,270,3,3,2585.0,15.2,503,0,5,403445,3393185,504,0,5,-87.33
1810901,403455.0,3393220.0,15,270,3,3,2585.0,15.2,503,0,5,403435,3393215,504,0,6,-79.3
1810901,403455.0,3393220.0,15,270,3,3,2585.0,15.2,503,0,5,403545,3393370,505,0,7,-94.75
1810901,403455.0,3393220.0,15,270,3,3,2585.0,15.2,503,0,5,403540,3393365,505,0,7,-97.0
1810901,403455.0,3393220.0,15,270,3,3,2585.0,15.2,503,0,5,403395,3392990,505,0,5,-100.0
1810901,403455.0,3393220.0,15,270,3,3,2585.0,15.2,503,0,5,403440,3393055,505,0,10,-98.0
1810901,403455.0,3393220.0,15,270,3,3,2585.0,15.2,503,0,5,403125,3393380,505,0,12,-109.5
1810901,403455.0,3393220.0,15,270,3,3,2585.0,15.2,503,0,5,403390,3392985,505,0,7,-102.25
1810901,403455.0,3393220.0,15,270,3,3,2585.0,15.2,503,0,5,403410,3393005,506,0,5,-101.0
1810901,403455.0,3393220.0,15,270,3,3,2585.0,15.2,503,0,5,403415,3393010,506,0,5,-98.8
1810901,403455.0,3393220.0,15,270,3,3,2585.0,15.2,503,0,5,403135,3393370,505,0,13,-102.88
1810901,403455.0,3393220.0,15,270,3,3,2585.0,15.2,503,0,5,403065,3393320,507,0,5,-100.0
1810901,403455.0,3393220.0,15,270,3,3,2585.0,15.2,503,0,5,403510,3393105,504,0,13,-106.0
1810901,403455.0,3393220.0,15,270,3,3,2585.0,15.2,503,0,5,403400,3393015,506,0,7,-90.88
1810901,403455.0,3393220.0,15,270,3,3,2585.0,15.2,503,0,5,403405,3393020,506,0,7,-94.0
1810901,403455.0,3393220.0,15,270,3,3,2585.0,15.2,503,0,5,403315,3393230,507,42,11,-87.38
1810901,403455.0,3393220.0,15,270,3,3,2585.0,15.2,503,0,5,403155,3393390,505,0,12,-104.0
1810901,403455.0,3393220.0,15,270,3,3,2585.0,15.2,503,0,5,403345,3393280,506,0,11,-80.63
1810901,403455.0,3393220.0,15,270,3,3,2585.0,15.2,503,0,5,403045,3393300,508,0,5,-99.5
1810901,403455.0,3393220.0,15,270,3,3,2585.0,15.2,503,0,5,403075,3393310,507,0,5,-96.33
1810901,403455.0,3393220.0,15,270,3,3,2585.0,15.2,503,0,5,403325,3393260,507,0,7,-81.73
1810901,403455.0,3393220.0,15,270,3,3,2585.0,15.2,503,0,5,403310,3393225,508,42,11,-95.33
1810901,403455.0,3393220.0,15,270,3,3,2585.0,15.2,503,0,5,403335,3393250,506,0,7,-82.2
1810901,403455.0,3393220.0,15,270,3,3,2585.0,15.2,503,0,5,403340,3393275,506,0,5,-81.46
1810901,403455.0,3393220.0,15,270,3,3,2585.0,15.2,503,0,5,403300,3393235,508,42,5,-85.86
1810901,403455.0,3393220.0,15,270,3,3,2585.0,15.2,503,0,5,403435,3393030,506,0,5,-98.13
1810901,403455.0,3393220.0,15,270,3,3,2585.0,15.2,503,0,5,403350,3393265,506,0,7,-84.96
1810901,403455.0,3393220.0,15,270,3,3,2585.0,15.2,503,0,5,403355,3393270,506,0,7,-84.5
1810901,403455.0,3393220.0,15,270,3,3,2585.0,15.2,503,0,5,403375,3392970,505,0,7,-101.0
1810901,403455.0,3393220.0,15,270,3,3,2585.0,15.2,503,0,5,403360,3392975,505,0,7,-98.0
1810901,403455.0,3393220.0,15,270,3,3,2585.0,15.2,503,0,5,403280,3393215,508,0,5,-101.0
1810901,403455.0,3393220.0,15,270,3,3,2585.0,15.2,503,0,5,403285,3393220,508,0,5,-96.5
1810901,403455.0,3393220.0,15,270,3,3,2585.0,15.2,503,0,5,403450,3393045,505,0,10,-94.5
1810901,403455.0,3393220.0,15,270,3,3,2585.0,15.2,503,0,5,403420,3393035,506,0,5,-103.6
1810901,403455.0,3393220.0,15,270,3,3,2585.0,15.2,503,0,5,403130,3393365,505,0,5,-100.25
1810901,403455.0,3393220.0,15,270,3,3,2585.0,15.2,503,0,5,403430,3393025,506,0,5,-101.38
1810901,403455.0,3393220.0,15,270,3,3,2585.0,15.2,503,0,5,403425,3393040,506,0,5,-101.57
1810901,403455.0,3393220.0,15,270,3,3,2585.0,15.2,503,0,5,403500,3393115,504,0,13,-103.0
1810901,403455.0,3393220.0,15,270,3,3,2585.0,15.2,503,0,5,403295,3393210,508,0,5,-101.33
1810901,403455.0,3393220.0,15,270,3,3,2585.0,15.2,503,0,5,403305,3393240,508,42,5,-86.17
1810901,403455.0,3393220.0,15,270,3,3,2585.0,15.2,503,0,5,403380,3392995,505,0,7,-98.94
1810901,403455.0,3393220.0,15,270,3,3,2585.0,15.2,503,0,5,403385,3393000,505,0,7,-91.86
1810901,403455.0,3393220.0,15,270,3,3,2585.0,15.2,503,0,5,403145,3393400,506,0,12,-107.2
1810901,403455.0,3393220.0,15,270,3,3,2585.0,15.2,503,0,5,403330,3393245,507,0,7,-79.85
1810901,403455.0,3393220.0,15,270,3,3,2585.0,15.2,503,0,5,403365,3392980,505,0,7,-97.92
1810901,403455.0,3393220.0,15,270,3,3,2585.0,15.2,503,0,5,403140,3393395,505,0,5,-94.0
1810901,403455.0,3393220.0,15,270,3,3,2585.0,15.2,503,0,5,403150,3393385,505,0,12,-104.0
1810901,403455.0,3393220.0,15,270,3,3,2585.0,15.2,503,0,5,403320,3393255,507,0,7,-83.3
1810901,403455.0,3393220.0,15,270,3,3,2585.0,15.2,503,0,5,403460,3393075,505,0,5,-97.5
1810901,403455.0,3393220.0,15,270,3,3,2585.0,15.2,503,0,5,403370,3392965,505,0,7,-97.4
1810901,403455.0,3393220.0,15,270,3,3,2585.0,15.2,503,0,5,403445,3393060,505,0,10,-99.0
1810901,403455.0,3393220.0,15,270,3,3,2585.0,15.2,503,0,5,403550,3393385,506,0,7,-97.67
1810901,403455.0,3393220.0,15,270,3,3,2585.0,15.2,503,0,5,403530,3393365,505,0,7,-102.75
1810901,403455.0,3393220.0,15,270,3,3,2585.0,15.2,503,0,5,403545,3393400,506,0,7,-103.0
1810901,403455.0,3393220.0,15,270,3,3,2585.0,15.2,503,0,5,403255,3393315,507,0,7,-97.0
1810901,403455.0,3393220.0,15,270,3,3,2585.0,15.2,503,0,5,403245,3393305,507,0,5,-92.0
1810901,403455.0,3393220.0,15,270,3,3,2585.0,15.2,503,0,5,403250,3393320,507,0,7,-105.0
1810901,403455.0,3393220.0,15,270,3,3,2585.0,15.2,503,0,5,403345,3393365,506,0,5,-103.0
1810901,403455.0,3393220.0,15,270,3,3,2585.0,15.2,503,0,5,403270,3393300,507,0,11,-87.5
1810901,403455.0,3393220.0,15,270,3,3,2585.0,15.2,503,0,5,403145,3393245,506,0,10,-99.5
1810901,403455.0,3393220.0,15,270,3,3,2585.0,15.2,503,0,5,403220,3393330,507,0,6,-86.5
1810901,403455.0,3393220.0,15,270,3,3,2585.0,15.2,503,0,5,403275,3393295,507,0,11,-83.88
1810901,403455.0,3393220.0,15,270,3,3,2585.0,15.2,503,0,5,403190,3393220,508,0,6,-105.25
1810901,403455.0,3393220.0,15,270,3,3,2585.0,15.2,503,0,5,403200,3393350,506,0,6,-102.33
1810901,403455.0,3393220.0,15,270,3,3,2585.0,15.2,503,0,5,403185,3393205,508,0,5,-105.67
1810901,403455.0,3393220.0,15,270,3,3,2585.0,15.2,503,0,5,403210,3393360,506,0,6,-102.5
1810901,403455.0,3393220.0,15,270,3,3,2585.0,15.2,503,0,5,403260,3393290,508,0,11,-88.0
1810901,403455.0,3393220.0,15,270,3,3,2585.0,15.2,503,0,5,403265,3393285,508,0,5,-86.44
1810901,403455.0,3393220.0,15,270,3,3,2585.0,15.2,503,0,5,403175,3393235,507,0,5,-93.5
1810901,403455.0,3393220.0,15,270,3,3,2585.0,15.2,503,0,5,403205,3393345,506,0,6,-98.0
1810901,403455.0,3393220.0,15,270,3,3,2585.0,15.2,503,0,5,403215,3393355,507,0,6,-103.0
1810901,403455.0,3393220.0,15,270,3,3,2585.0,15.2,503,0,5,403390,3393090,507,24,6,-98.6
1810901,403455.0,3393220.0,15,270,3,3,2585.0,15.2,503,0,5,403275,3393205,508,42,6,-103.0
1810901,403455.0,3393220.0,15,270,3,3,2585.0,15.2,503,0,5,403375,3393105,507,0,6,-105.33
1810901,403455.0,3393220.0,15,270,3,3,2585.0,15.2,503,0,5,403295,3393185,508,0,5,-106.0
1810901,403455.0,3393220.0,15,270,3,3,2585.0,15.2,503,0,5,403420,3393060,506,0,7,-89.0
1810901,403455.0,3393220.0,15,270,3,3,2585.0,15.2,503,0,5,403535,3392945,506,102,10,-110.67
1810901,403455.0,3393220.0,15,270,3,3,2585.0,15.2,503,0,5,403415,3393065,506,0,7,-88.86
1810901,403455.0,3393220.0,15,270,3,3,2585.0,15.2,503,0,5,403430,3393050,506,0,5,-97.5
1810901,403455.0,3393220.0,15,270,3,3,2585.0,15.2,503,0,5,403230,3393250,508,0,12,-83.4
1810901,403455.0,3393220.0,15,270,3,3,2585.0,15.2,503,0,5,403265,3393215,508,42,6,-96.75
1810901,403455.0,3393220.0,15,270,3,3,2585.0,15.2,503,0,5,403490,3392990,507,102,2,-106.67
1810901,403455.0,3393220.0,15,270,3,3,2585.0,15.2,503,0,5,403380,3393100,507,0,6,-115.0
1810901,403455.0,3393220.0,15,270,3,3,2585.0,15.2,503,0,5,403070,3393410,507,0,5,-106.5
1810901,403455.0,3393220.0,15,270,3,3,2585.0,15.2,503,0,5,403170,3393310,506,0,5,-93.0
1810901,403455.0,3393220.0,15,270,3,3,2585.0,15.2,503,0,5,403310,3393170,508,42,5,-110.0
1810901,403455.0,3393220.0,15,270,3,3,2585.0,15.2,503,0,5,403410,3393070,506,0,7,-91.29
1810901,403455.0,3393220.0,15,270,3,3,2585.0,15.2,503,0,5,403470,3393010,506,0,7,-105.75
1810901,403455.0,3393220.0,15,270,3,3,2585.0,15.2,503,0,5,403255,3393225,508,0,5,-100.33
1810901,403455.0,3393220.0,15,270,3,3,2585.0,15.2,503,0,5,403395,3393085,507,0,6,-90.89
1810901,403455.0,3393220.0,15,270,3,3,2585.0,15.2,503,0,5,403210,3393270,508,0,7,-87.0
1810901,403455.0,3393220.0,15,270,3,3,2585.0,15.2,503,0,5,403305,3393175,508,0,12,-111.94
1810901,403455.0,3393220.0,15,270,3,3,2585.0,15.2,503,0,5,403205,3393275,507,0,5,-85.5
1810901,403455.0,3393220.0,15,270,3,3,2585.0,15.2,503,0,5,403190,3393290,507,0,6,-94.17
1810901,403455.0,3393220.0,15,270,3,3,2585.0,15.2,503,0,5,403185,3393295,507,0,5,-94.17
1810901,403455.0,3393220.0,15,270,3,3,2585.0,15.2,503,0,5,403130,3393350,504,0,6,-96.67
1810901,403455.0,3393220.0,15,270,3,3,2585.0,15.2,503,0,5,403400,3393080,507,0,5,-95.5
1810901,403455.0,3393220.0,15,270,3,3,2585.0,15.2,503,0,5,403200,3393280,507,0,6,-91.6
1810901,403455.0,3393220.0,15,270,3,3,2585.0,15.2,503,0,5,403460,3393020,506,0,7,-96.29
1810901,403455.0,3393220.0,15,270,3,3,2585.0,15.2,503,0,5,403235,3393245,508,0,12,-89.86
1810901,403455.0,3393220.0,15,270,3,3,2585.0,15.2,503,0,5,403450,3393030,506,0,5,-92.86
1810901,403455.0,3393220.0,15,270,3,3,2585.0,15.2,503,0,5,403405,3393075,506,0,5,-93.12
1810901,403455.0,3393220.0,15,270,3,3,2585.0,15.2,503,0,5,403435,3393045,506,0,10,-99.0
1810901,403455.0,3393220.0,15,270,3,3,2585.0,15.2,503,0,5,403240,3393240,508,0,5,-84.67
1810901,403455.0,3393220.0,15,270,3,3,2585.0,15.2,503,0,5,403445,3393035,506,0,10,-99.8
1810901,403455.0,3393220.0,15,270,3,3,2585.0,15.2,503,0,5,403455,3393025,506,0,7,-94.14
1810901,403455.0,3393220.0,15,270,3,3,2585.0,15.2,503,0,5,403165,3393315,506,0,5,-95.5
1810901,403455.0,3393220.0,15,270,3,3,2585.0,15.2,503,0,5,403525,3392955,506,0,7,-105.88
1810901,403455.0,3393220.0,15,270,3,3,2585.0,15.2,503,0,5,403250,3393230,508,6,5,-82.67
1810901,403455.0,3393220.0,15,270,3,3,2585.0,15.2,503,0,5,403180,3393300,506,0,5,-99.5
1810901,403455.0,3393220.0,15,270,3,3,2585.0,15.2,503,0,5,403365,3393115,507,24,12,-118.67
1810901,403455.0,3393220.0,15,270,3,3,2585.0,15.2,503,0,5,403360,3393120,507,24,5,-109.67
1810901,403455.0,3393220.0,15,270,3,3,2585.0,15.2,503,0,5,403355,3393125,507,0,5,-107.0
1810901,403455.0,3393220.0,15,270,3,3,2585.0,15.2,503,0,5,403270,3393210,508,42,6,-102.0
1810901,403455.0,3393220.0,15,270,3,3,2585.0,15.2,503,0,5,403475,3393005,506,0,7,-98.33
1810901,403455.0,3393220.0,15,270,3,3,2585.0,15.2,503,0,5,403300,3393180,508,0,5,-111.36
1810901,403455.0,3393220.0,15,270,3,3,2585.0,15.2,503,0,5,403290,3393190,508,0,5,-103.0
1810901,403455.0,3393220.0,15,270,3,3,2585.0,15.2,503,0,5,403245,3393235,508,6,5,-80.67
1810901,403455.0,3393220.0,15,270,3,3,2585.0,15.2,503,0,5,403335,3393145,507,0,12,-105.33
1810901,403455.0,3393220.0,15,270,3,3,2585.0,15.2,503,0,5,403385,3393095,507,24,6,-90.5
1810901,403455.0,3393220.0,15,270,3,3,2585.0,15.2,503,0,5,403540,3392940,506,102,5,-111.33
1810901,403455.0,3393220.0,15,270,3,3,2585.0,15.2,503,0,5,403425,3393055,506,0,5,-96.2
1810901,403455.0,3393220.0,15,270,3,3,2585.0,15.2,503,0,5,403220,3393260,508,0,7,-93.0
1810901,403455.0,3393220.0,15,270,3,3,2585.0,15.2,503,0,5,403315,3393165,508,42,5,-100.5
1810901,403455.0,3393220.0,15,270,3,3,2585.0,15.2,503,0,5,403480,3393000,506,102,7,-99.67
1810901,403455.0,3393220.0,15,270,3,3,2585.0,15.2,503,0,5,403325,3393155,507,0,5,-95.33
1810901,403455.0,3393220.0,15,270,3,3,2585.0,15.2,503,0,5,403530,3392950,506,0,5,-106.5
1810901,403455.0,3393220.0,15,270,3,3,2585.0,15.2,503,0,5,403080,3393400,507,0,5,-103.0
1810901,403455.0,3393220.0,15,270,3,3,2585.0,15.2,503,0,5,403060,3393420,508,87,5,-98.5
1810901,403455.0,3393220.0,15,270,3,3,2585.0,15.2,503,0,5,403055,3393425,508,87,10,-95.5
1810901,403455.0,3393220.0,15,270,3,3,2585.0,15.2,503,0,5,403095,3393385,506,0,5,-103.67
1810901,403455.0,3393220.0,15,270,3,3,2585.0,15.2,503,0,5,403465,3393015,506,0,7,-99.5
1810901,403455.0,3393220.0,15,270,3,3,2585.0,15.2,503,0,5,403405,3392930,506,0,10,-104.25
1810901,403455.0,3393220.0,15,270,3,3,2585.0,15.2,503,0,5,403400,3392925,506,0,10,-105.0
1810901,403455.0,3393220.0,15,270,3,3,2585.0,15.2,503,0,5,403390,3392915,506,0,10,-106.75
1810901,403455.0,3393220.0,15,270,3,3,2585.0,15.2,503,0,5,403410,3392935,506,102,5,-105.67
1810901,403455.0,3393220.0,15,270,3,3,2585.0,15.2,503,0,5,403315,3392680,506,0,7,-109.0
1810901,403455.0,3393220.0,15,270,3,3,2585.0,15.2,503,0,5,403425,3392950,506,102,5,-109.0
1810901,403455.0,3393220.0,15,270,3,3,2585.0,15.2,503,0,5,403430,3392955,506,102,5,-108.5
1810901,403455.0,3393220.0,15,270,3,3,2585.0,15.2,503,0,5,403480,3393195,503,0,5,-94.5
1810901,403455.0,3393220.0,15,270,3,3,2585.0,15.2,503,0,5,403455,3393150,504,0,7,-97.67
1810901,403455.0,3393220.0,15,270,3,3,2585.0,15.2,503,0,5,403470,3393125,504,0,7,-96.0
1810901,403455.0,3393220.0,15,270,3,3,2585.0,15.2,503,0,5,403475,3393130,503,0,7,-96.0
1810901,403455.0,3393220.0,15,270,3,3,2585.0,15.2,503,0,5,403395,3393210,505,0,5,-78.8
1810901,403455.0,3393220.0,15,270,3,3,2585.0,15.2,503,0,5,403405,3393280,504,0,5,-71.17
1810901,403455.0,3393220.0,15,270,3,3,2585.0,15.2,503,0,5,403495,3393190,503,0,5,-79.5
1810901,403455.0,3393220.0,15,270,3,3,2585.0,15.2,503,0,5,403390,3393205,505,0,5,-85.2
1810901,403455.0,3393220.0,15,270,3,3,2585.0,15.2,503,0,5,403140,3393455,506,0,5,-105.0
1810901,403455.0,3393220.0,15,270,3,3,2585.0,15.2,503,0,5,403365,3393240,505,0,7,-84.79
1810901,403455.0,3393220.0,15,270,3,3,2585.0,15.2,503,0,5,403385,3393220,505,42,5,-76.86
1810901,403455.0,3393220.0,15,270,3,3,2585.0,15.2,503,0,5,403360,3393235,506,42,5,-85.48
1810901,403455.0,3393220.0,15,270,3,3,2585.0,15.2,503,0,5,403410,3393265,504,0,5,-76.43
1810901,403455.0,3393220.0,15,270,3,3,2585.0,15.2,503,0,5,403435,3393250,503,0,11,-71.59
1810901,403455.0,3393220.0,15,270,3,3,2585.0,15.2,503,0,5,403450,3393145,504,0,5,-88.06
1810901,403455.0,3393220.0,15,270,3,3,2585.0,15.2,503,0,5,403400,3393275,504,0,11,-87.34
1810901,403455.0,3393220.0,15,270,3,3,2585.0,15.2,503,0,5,402995,3393290,507,0,13,-88.0
1810901,403455.0,3393220.0,15,270,3,3,2585.0,15.2,503,0,5,403425,3393260,504,0,11,-70.64
1810901,403455.0,3393220.0,15,270,3,3,2585.0,15.2,503,0,5,403445,3393160,504,0,5,-88.77
1810901,403455.0,3393220.0,15,270,3,3,2585.0,15.2,503,0,5,403485,3393200,503,0,5,-88.33
1810901,403455.0,3393220.0,15,270,3,3,2585.0,15.2,503,0,5,403490,3393185,503,0,7,-91.0
1810901,403455.0,3393220.0,15,270,3,3,2585.0,15.2,503,0,5,403415,3393270,504,0,5,-82.67
1810901,403455.0,3393220.0,15,270,3,3,2585.0,15.2,503,0,5,403420,3393255,504,0,5,-83.67
1810901,403455.0,3393220.0,15,270,3,3,2585.0,15.2,503,0,5,403440,3393155,504,0,5,-88.57
1810901,403455.0,3393220.0,15,270,3,3,2585.0,15.2,503,0,5,403460,3393135,504,0,7,-89.5
1810901,403455.0,3393220.0,15,270,3,3,2585.0,15.2,503,0,5,402985,3393300,508,0,13,-85.0
1810901,403455.0,3393220.0,15,270,3,3,2585.0,15.2,503,0,5,403465,3393140,504,0,7,-102.67
1810901,403455.0,3393220.0,15,270,3,3,2585.0,15.2,503,0,5,403375,3393230,505,42,5,-76.5
1810901,403455.0,3393220.0,15,270,3,3,2585.0,15.2,503,0,5,403370,3393225,505,42,11,-79.5
1810901,403455.0,3393220.0,15,270,3,3,2585.0,15.2,503,0,5,403430,3393245,504,0,11,-74.79
1810901,403455.0,3393220.0,15,270,3,3,2585.0,15.2,503,0,5,403150,3393445,506,84,5,-106.33
1810901,403455.0,3393220.0,15,270,3,3,2585.0,15.2,503,0,5,403030,3393325,509,0,5,-97.5
1810901,403455.0,3393220.0,15,270,3,3,2585.0,15.2,503,0,5,403380,3393215,505,0,5,-87.36
1810901,403455.0,3393220.0,15,270,3,3,2585.0,15.2,503,0,5,403580,3393245,504,0,5,-100.5
1810901,403455.0,3393220.0,15,270,3,3,2585.0,15.2,503,0,5,403550,3393215,503,6,13,-90.5
1810901,403455.0,3393220.0,15,270,3,3,2585.0,15.2,503,0,5,403575,3393280,504,0,16,-97.0
1810901,403455.0,3393220.0,15,270,3,3,2585.0,15.2,503,0,5,403595,3393260,504,0,5,-99.5
1810901,403455.0,3393220.0,15,270,3,3,2585.0,15.2,503,0,5,403590,3393255,504,0,5,-100.67
1810901,403455.0,3393220.0,15,270,3,3,2585.0,15.2,503,0,5,403330,3392875,506,0,5,-100.5
1810901,403455.0,3393220.0,15,270,3,3,2585.0,15.2,503,0,5,403650,3393165,506,0,5,-96.33
1810901,403455.0,3393220.0,15,270,3,3,2585.0,15.2,503,0,5,403305,3392840,506,0,5,-94.0
1810901,403455.0,3393220.0,15,270,3,3,2585.0,15.2,503,0,5,403545,3393240,503,0,16,-94.0
1810901,403455.0,3393220.0,15,270,3,3,2585.0,15.2,503,0,5,403560,3393255,503,0,13,-95.44
1810901,403455.0,3393220.0,15,270,3,3,2585.0,15.2,503,0,5,403530,3393205,503,0,13,-85.67
1810901,403455.0,3393220.0,15,270,3,3,2585.0,15.2,503,0,5,403575,3393250,503,0,5,-94.75
1810901,403455.0,3393220.0,15,270,3,3,2585.0,15.2,503,0,5,403565,3393260,503,0,13,-95.0
1810901,403455.0,3393220.0,15,270,3,3,2585.0,15.2,503,0,5,403580,3393275,504,0,16,-96.5
1810901,403455.0,3393220.0,15,270,3,3,2585.0,15.2,503,0,5,403390,3393220,505,42,5,-81.8
1810901,403455.0,3393220.0,15,270,3,3,2585.0,15.2,503,0,5,403505,3393165,503,5,7,-111.5
1810901,403455.0,3393220.0,15,270,3,3,2585.0,15.2,503,0,5,403365,3393225,505,42,11,-88.44
1810901,403455.0,3393220.0,15,270,3,3,2585.0,15.2,503,0,5,403380,3393210,505,0,5,-87.33
1810901,403455.0,3393220.0,15,270,3,3,2585.0,15.2,503,0,5,403395,3393215,505,0,5,-79.5
1810901,403455.0,3393220.0,15,270,3,3,2585.0,15.2,503,0,5,403335,3393035,506,0,12,-97.0
1810901,403455.0,3393220.0,15,270,3,3,2585.0,15.2,503,0,5,403425,3393245,504,0,11,-83.0
1810901,403455.0,3393220.0,15,270,3,3,2585.0,15.2,503,0,5,403470,3393140,503,0,7,-99.0
1810901,403455.0,3393220.0,15,270,3,3,2585.0,15.2,503,0,5,403500,3393170,503,0,7,-98.0
1810901,403455.0,3393220.0,15,270,3,3,2585.0,15.2,503,0,5,403485,3393185,503,0,7,-92.33
1810901,403455.0,3393220.0,15,270,3,3,2585.0,15.2,503,0,5,403455,3393155,504,0,5,-90.27
1810901,403455.0,3393220.0,15,270,3,3,2585.0,15.2,503,0,5,403140,3393450,506,0,5,-104.67
1810901,403455.0,3393220.0,15,270,3,3,2585.0,15.2,503,0,5,403385,3393205,505,0,5,-86.0
1810901,403455.0,3393220.0,15,270,3,3,2585.0,15.2,503,0,5,403410,3393280,504,0,5,-73.12
1810901,403455.0,3393220.0,15,270,3,3,2585.0,15.2,503,0,5,403415,3393275,504,0,5,-77.92
1810901,403455.0,3393220.0,15,270,3,3,2585.0,15.2,503,0,5,403450,3393160,504,0,5,-88.33
1810901,403455.0,3393220.0,15,270,3,3,2585.0,15.2,503,0,5,403430,3393260,504,0,11,-71.86
1810901,403455.0,3393220.0,15,270,3,3,2585.0,15.2,503,0,5,402990,3393300,508,0,13,-86.33
1810901,403455.0,3393220.0,15,270,3,3,2585.0,15.2,503,0,5,402960,3393310,507,0,5,-90.5
1810901,403455.0,3393220.0,15,270,3,3,2585.0,15.2,503,0,5,403125,3393465,506,0,10,-113.5
1810901,403455.0,3393220.0,15,270,3,3,2585.0,15.2,503,0,5,403435,3393255,504,0,11,-73.72
1810901,403455.0,3393220.0,15,270,3,3,2585.0,15.2,503,0,5,403375,3393235,505,0,5,-78.74
1810901,403455.0,3393220.0,15,270,3,3,2585.0,15.2,503,0,5,403445,3393145,504,0,5,-88.43
1810901,403455.0,3393220.0,15,270,3,3,2585.0,15.2,503,0,5,403480,3393190,503,0,7,-91.8
1810901,403455.0,3393220.0,15,270,3,3,2585.0,15.2,503,0,5,403400,3393270,504,0,5,-87.49
1810901,403455.0,3393220.0,15,270,3,3,2585.0,15.2,503,0,5,403420,3393250,504,0,5,-70.32
1810901,403455.0,3393220.0,15,270,3,3,2585.0,15.2,503,0,5,403405,3393265,504,0,5,-83.52
1810901,403455.0,3393220.0,15,270,3,3,2585.0,15.2,503,0,5,403135,3393475,505,0,5,-102.5
1810901,403455.0,3393220.0,15,270,3,3,2585.0,15.2,503,0,5,402970,3393320,508,0,6,-94.5
1810901,403455.0,3393220.0,15,270,3,3,2585.0,15.2,503,0,5,403360,3393230,506,42,11,-86.42
1810901,403455.0,3393220.0,15,270,3,3,2585.0,15.2,503,0,5,403440,3393150,504,0,5,-87.31
1810901,403455.0,3393220.0,15,270,3,3,2585.0,15.2,503,0,5,403495,3393195,503,0,5,-88.0
1810901,403455.0,3393220.0,15,270,3,3,2585.0,15.2,503,0,5,403130,3393480,505,0,5,-103.67
1810901,403455.0,3393220.0,15,270,3,3,2585.0,15.2,503,0,5,403355,3393015,506,0,6,-109.0
1810901,403455.0,3393220.0,15,270,3,3,2585.0,15.2,503,0,5,403475,3393135,503,0,7,-105.5
1810901,403455.0,3393220.0,15,270,3,3,2585.0,15.2,503,0,5,403370,3393240,505,0,7,-88.36
1810901,403455.0,3393220.0,15,270,3,3,2585.0,15.2,503,0,5,403330,3393040,506,0,12,-100.0
1810901,403455.0,3393220.0,15,270,3,3,2585.0,15.2,503,0,5,403145,3393445,506,0,5,-104.17
1810901,403455.0,3393220.0,15,270,3,3,2585.0,15.2,503,0,5,403465,3393125,504,0,7,-98.5
1810901,403455.0,3393220.0,15,270,3,3,2585.0,15.2,503,0,5,403400,3393005,506,0,5,-94.25
1810901,403455.0,3393220.0,15,270,3,3,2585.0,15.2,503,0,5,403465,3393070,504,0,5,-105.5
1810901,403455.0,3393220.0,15,270,3,3,2585.0,15.2,503,0,5,403270,3393195,508,42,5,-103.0
1810901,403455.0,3393220.0,15,270,3,3,2585.0,15.2,503,0,5,403515,3393120,504,0,13,-111.0
1810901,403455.0,3393220.0,15,270,3,3,2585.0,15.2,503,0,5,403285,3393210,508,0,5,-104.33
1810901,403455.0,3393220.0,15,270,3,3,2585.0,15.2,503,0,5,403480,3393085,504,0,6,-95.0
1810901,403455.0,3393220.0,15,270,3,3,2585.0,15.2,503,0,5,403300,3393225,508,0,5,-92.0
1810901,403455.0,3393220.0,15,270,3,3,2585.0,15.2,503,0,5,403275,3393200,508,42,5,-99.17
1810901,403455.0,3393220.0,15,270,3,3,2585.0,15.2,503,0,5,403120,3393365,505,0,5,-93.0
1810901,403455.0,3393220.0,15,270,3,3,2585.0,15.2,503,0,5,403395,3393000,505,0,7,-98.2
1810901,403455.0,3393220.0,15,270,3,3,2585.0,15.2,503,0,5,403405,3393010,506,0,5,-95.8
1810901,403455.0,3393220.0,15,270,3,3,2585.0,15.2,503,0,5,403315,3393240,507,42,5,-84.88
1810901,403455.0,3393220.0,15,270,3,3,2585.0,15.2,503,0,5,403290,3393215,508,0,5,-91.75
1810901,403455.0,3393220.0,15,270,3,3,2585.0,15.2,503,0,5,403425,3393030,506,0,5,-103.48
1810901,403455.0,3393220.0,15,270,3,3,2585.0,15.2,503,0,5,403410,3393015,506,0,5,-94.25
1810901,403455.0,3393220.0,15,270,3,3,2585.0,15.2,503,0,5,403145,3393390,505,0,12,-110.0
1810901,403455.0,3393220.0,15,270,3,3,2585.0,15.2,503,0,5,403435,3393040,506,0,10,-100.67
1810901,403455.0,3393220.0,15,270,3,3,2585.0,15.2,503,0,5,403415,3393020,506,0,5,-98.2
1810901,403455.0,3393220.0,15,270,3,3,2585.0,15.2,503,0,5,403305,3393230,508,42,5,-86.14
1810901,403455.0,3393220.0,15,270,3,3,2585.0,15.2,503,0,5,403135,3393380,505,0,12,-102.4
1810901,403455.0,3393220.0,15,270,3,3,2585.0,15.2,503,0,5,403355,3393280,506,0,11,-81.86
1810901,403455.0,3393220.0,15,270,3,3,2585.0,15.2,503,0,5,403325,3393250,507,0,7,-80.23
1810901,403455.0,3393220.0,15,270,3,3,2585.0,15.2,503,0,5,403330,3393255,507,0,7,-82.35
1810901,403455.0,3393220.0,15,270,3,3,2585.0,15.2,503,0,5,403335,3393260,506,0,7,-81.64
1810901,403455.0,3393220.0,15,270,3,3,2585.0,15.2,503,0,5,403075,3393320,507,0,5,-100.07
1810901,403455.0,3393220.0,15,270,3,3,2585.0,15.2,503,0,5,403365,3392970,505,0,7,-100.09
1810901,403455.0,3393220.0,15,270,3,3,2585.0,15.2,503,0,5,403320,3393245,507,0,7,-82.11
1810901,403455.0,3393220.0,15,270,3,3,2585.0,15.2,503,0,5,403370,3392975,505,0,7,-99.57
1810901,403455.0,3393220.0,15,270,3,3,2585.0,15.2,503,0,5,403310,3393235,508,42,11,-87.13
1810901,403455.0,3393220.0,15,270,3,3,2585.0,15.2,503,0,5,403420,3393025,506,0,5,-104.25
1810901,403455.0,3393220.0,15,270,3,3,2585.0,15.2,503,0,5,403345,3393270,506,0,7,-82.38
1810901,403455.0,3393220.0,15,270,3,3,2585.0,15.2,503,0,5,403125,3393370,505,0,13,-101.0
1810901,403455.0,3393220.0,15,270,3,3,2585.0,15.2,503,0,5,403350,3393275,506,0,5,-80.96
1810901,403455.0,3393220.0,15,270,3,3,2585.0,15.2,503,0,5,403390,3392995,505,0,7,-104.8
1810901,403455.0,3393220.0,15,270,3,3,2585.0,15.2,503,0,5,403065,3393310,507,0,5,-108.33
1810901,403455.0,3393220.0,15,270,3,3,2585.0,15.2,503,0,5,403340,3393265,506,0,7,-83.42
1810901,403455.0,3393220.0,15,270,3,3,2585.0,15.2,503,0,5,403055,3393300,508,0,11,-91.5
1810901,403455.0,3393220.0,15,270,3,3,2585.0,15.2,503,0,5,403080,3393325,507,0,5,-97.33
1810901,403455.0,3393220.0,15,270,3,3,2585.0,15.2,503,0,5,403130,3393375,505,0,12,-92.0
1810901,403455.0,3393220.0,15,270,3,3,2585.0,15.2,503,0,5,403440,3393045,506,0,10,-96.0
1810901,403455.0,3393220.0,15,270,3,3,2585.0,15.2,503,0,5,403445,3393050,505,0,10,-95.25
1810901,403455.0,3393220.0,15,270,3,3,2585.0,15.2,503,0,5,403280,3393205,508,0,6,-98.0
1810901,403455.0,3393220.0,15,270,3,3,2585.0,15.2,503,0,5,403100,3393345,506,6,6,-108.5
1810901,403455.0,3393220.0,15,270,3,3,2585.0,15.2,503,0,5,403360,3392965,506,0,7,-99.4
1810901,403455.0,3393220.0,15,270,3,3,2585.0,15.2,503,0,5,403155,3393400,506,0,12,-104.0
1810901,403455.0,3393220.0,15,270,3,3,2585.0,15.2,503,0,5,403385,3392990,505,0,7,-96.22
1810901,403455.0,3393220.0,15,270,3,3,2585.0,15.2,503,0,5,403095,3393340,506,0,6,-104.5
1810901,403455.0,3393220.0,15,270,3,3,2585.0,15.2,503,0,5,403140,3393385,505,0,12,-102.13
1810901,403455.0,3393220.0,15,270,3,3,2585.0,15.2,503,0,5,403375,3392980,505,0,7,-99.11
1810901,403455.0,3393220.0,15,270,3,3,2585.0,15.2,503,0,5,403150,3393395,505,0,12,-100.0
1810901,403455.0,3393220.0,15,270,3,3,2585.0,15.2,503,0,5,403430,3393035,506,0,5,-103.25
1810901,403455.0,3393220.0,15,270,3,3,2585.0,15.2,503,0,5,403450,3393055,505,0,10,-106.0
1810901,403455.0,3393220.0,15,270,3,3,2585.0,15.2,503,0,5,403380,3392985,505,0,7,-98.86
1810901,403455.0,3393220.0,15,270,3,3,2585.0,15.2,503,0,5,403260,3393315,507,0,7,-93.67
1810901,403455.0,3393220.0,15,270,3,3,2585.0,15.2,503,0,5,403275,3393310,507,0,7,-107.5
1810901,403455.0,3393220.0,15,270,3,3,2585.0,15.2,503,0,5,403265,3393320,507,0,7,-100.83
1810901,403455.0,3393220.0,15,270,3,3,2585.0,15.2,503,0,5,403210,3393325,507,0,5,-108.0
1810901,403455.0,3393220.0,15,270,3,3,2585.0,15.2,503,0,5,403175,3393210,508,0,5,-101.67
1810901,403455.0,3393220.0,15,270,3,3,2585.0,15.2,503,0,5,403180,3393235,507,0,5,-92.33
1810901,403455.0,3393220.0,15,270,3,3,2585.0,15.2,503,0,5,403240,3393295,507,0,5,-84.88
1810901,403455.0,3393220.0,15,270,3,3,2585.0,15.2,503,0,5,403205,3393340,507,0,6,-98.0
1810901,403455.0,3393220.0,15,270,3,3,2585.0,15.2,503,0,5,403250,3393285,508,0,5,-90.67
1810901,403455.0,3393220.0,15,270,3,3,2585.0,15.2,503,0,5,403185,3393240,507,0,5,-88.83
1810901,403455.0,3393220.0,15,270,3,3,2585.0,15.2,503,0,5,403195,3393230,508,0,6,-91.0
1810901,403455.0,3393220.0,15,270,3,3,2585.0,15.2,503,0,5,403245,3393300,507,0,5,-99.25
1810901,403455.0,3393220.0,15,270,3,3,2585.0,15.2,503,0,5,403170,3393205,507,0,5,-112.0
1810901,403455.0,3393220.0,15,270,3,3,2585.0,15.2,503,0,5,403155,3393270,506,0,5,-86.67
1810901,403455.0,3393220.0,15,270,3,3,2585.0,15.2,503,0,5,403220,3393355,507,0,5,-97.0
1810901,403455.0,3393220.0,15,270,3,3,2585.0,15.2,503,0,5,403255,3393290,508,0,5,-84.78
1810901,403455.0,3393220.0,15,270,3,3,2585.0,15.2,503,0,5,403390,3393285,504,0,11,-78.58
1810901,403455.0,3393220.0,15,270,3,3,2585.0,15.2,503,0,5,403380,3393295,505,0,5,-84.81
1810901,403455.0,3393220.0,15,270,3,3,2585.0,15.2,503,0,5,403395,3393290,504,0,5,-90.6
1810901,403455.0,3393220.0,15,270,3,3,2585.0,15.2,503,0,5,403360,3393315,506,0,5,-92.86
1810901,403455.0,3393220.0,15,270,3,3,2585.0,15.2,503,0,5,403365,3393320,505,0,6,-95.62
1810901,403455.0,3393220.0,15,270,3,3,2585.0,15.2,503,0,5,403400,3393355,505,54,7,-95.67
1810901,403455.0,3393220.0,15,270,3,3,2585.0,15.2,503,0,5,403375,3393310,505,0,5,-89.71
1810901,403455.0,3393220.0,15,270,3,3,2585.0,15.2,503,0,5,403385,3393300,505,0,5,-83.43
1810901,403455.0,3393220.0,15,270,3,3,2585.0,15.2,503,0,5,403370,3393305,505,0,5,-88.0
1810901,403455.0,3393220.0,15,270,3,3,2585.0,15.2,503,0,5,403405,3393360,506,0,7,-99.0
1810901,403455.0,3393220.0,15,270,3,3,2585.0,15.2,503,0,5,403430,3393325,505,0,6,-92.33
1810901,403455.0,3393220.0,15,270,3,3,2585.0,15.2,503,0,5,403425,3393340,505,54,5,-88.0
1810901,403455.0,3393220.0,15,270,3,3,2585.0,15.2,503,0,5,403355,3393305,506,0,5,-85.67
1810901,403455.0,3393220.0,15,270,3,3,2585.0,15.2,503,0,5,403295,3393325,507,0,6,-90.0
1810901,403455.0,3393220.0,15,270,3,3,2585.0,15.2,503,0,5,403285,3393335,507,0,6,-94.5
1810901,403455.0,3393220.0,15,270,3,3,2585.0,15.2,503,0,5,403290,3393330,507,0,6,-86.5
1810901,403455.0,3393220.0,15,270,3,3,2585.0,15.2,503,0,5,403345,3393315,506,0,5,-96.04
1810901,403455.0,3393220.0,15,270,3,3,2585.0,15.2,503,0,5,403350,3393310,506,0,5,-96.0
1810901,403455.0,3393220.0,15,270,3,3,2585.0,15.2,503,0,5,403320,3393300,507,0,5,-95.44
1810901,403455.0,3393220.0,15,270,3,3,2585.0,15.2,503,0,5,403325,3393295,507,0,11,-89.17
1810901,403455.0,3393220.0,15,270,3,3,2585.0,15.2,503,0,5,403335,3393285,506,0,5,-81.9
1810901,403455.0,3393220.0,15,270,3,3,2585.0,15.2,503,0,5,403330,3393290,507,0,5,-86.9
1810901,403455.0,3393220.0,15,270,3,3,2585.0,15.2,503,0,5,403510,3393470,507,0,12,-106.67
1810901,403455.0,3393220.0,15,270,3,3,2585.0,15.2,503,0,5,403315,3393345,507,0,6,-101.5
1810901,403455.0,3393220.0,15,270,3,3,2585.0,15.2,503,0,5,403305,3393355,507,33,5,-100.0
1810901,403455.0,3393220.0,15,270,3,3,2585.0,15.2,503,0,5,403340,3393320,506,0,5,-92.78
1810901,403455.0,3393220.0,15,270,3,3,2585.0,15.2,503,0,5,403495,3393215,503,0,5,-87.0
1810901,403455.0,3393220.0,15,270,3,3,2585.0,15.2,503,0,5,403035,3393395,508,0,5,-110.25
1810901,403455.0,3393220.0,15,270,3,3,2585.0,15.2,503,0,5,403515,3393235,503,0,13,-95.5
1810901,403455.0,3393220.0,15,270,3,3,2585.0,15.2,503,0,5,403500,3393230,503,0,5,-88.0
1810901,403455.0,3393220.0,15,270,3,3,2585.0,15.2,503,0,5,403365,3393165,506,42,5,-97.2
1810901,403455.0,3393220.0,15,270,3,3,2585.0,15.2,503,0,5,403090,3393460,507,0,5,-112.0
1810901,403455.0,3393220.0,15,270,3,3,2585.0,15.2,503,0,5,403470,3393280,504,0,6,-80.6
1810901,403455.0,3393220.0,15,270,3,3,2585.0,15.2,503,0,5,403390,3393200,505,0,5,-76.0
1810901,403455.0,3393220.0,15,270,3,3,2585.0,15.2,503,0,5,403380,3393190,506,0,5,-91.57
1810901,403455.0,3393220.0,15,270,3,3,2585.0,15.2,503,0,5,403375,3393175,506,0,12,-92.8
1810901,403455.0,3393220.0,15,270,3,3,2585.0,15.2,503,0,5,403475,3393275,504,0,6,-81.29
1810901,403455.0,3393220.0,15,270,3,3,2585.0,15.2,503,0,5,403360,3393170,507,42,12,-99.65
1810901,403455.0,3393220.0,15,270,3,3,2585.0,15.2,503,0,5,403440,3393250,503,0,5,-73.83
1810901,403455.0,3393220.0,15,270,3,3,2585.0,15.2,503,0,5,402945,3393305,507,0,11,-100.0
1810901,403455.0,3393220.0,15,270,3,3,2585.0,15.2,503,0,5,403465,3393265,503,0,6,-79.5
1810901,403455.0,3393220.0,15,270,3,3,2585.0,15.2,503,0,5,403455,3393255,503,0,6,-72.39
1810901,403455.0,3393220.0,15,270,3,3,2585.0,15.2,503,0,5,403435,3393155,504,0,5,-88.75
1810901,403455.0,3393220.0,15,270,3,3,2585.0,15.2,503,0,5,403425,3393145,505,0,5,-87.21
1810901,403455.0,3393220.0,15,270,3,3,2585.0,15.2,503,0,5,403420,3393150,505,0,6,-90.88
1810901,403455.0,3393220.0,15,270,3,3,2585.0,15.2,503,0,5,403410,3393140,505,0,6,-91.22
1810901,403455.0,3393220.0,15,270,3,3,2585.0,15.2,503,0,5,403415,3393135,505,0,5,-89.04
1810901,403455.0,3393220.0,15,270,3,3,2585.0,15.2,503,0,5,403485,3393205,503,0,5,-87.0
1810901,403455.0,3393220.0,15,270,3,3,2585.0,15.2,503,0,5,403480,3393210,503,0,5,-89.0
1810901,403455.0,3393220.0,15,270,3,3,2585.0,15.2,503,0,5,403405,3393125,506,0,6,-92.27
1810901,403455.0,3393220.0,15,270,3,3,2585.0,15.2,503,0,5,403450,3393260,504,0,5,-69.32
1810901,403455.0,3393220.0,15,270,3,3,2585.0,15.2,503,0,5,403400,3393130,506,0,6,-92.62
1810901,403455.0,3393220.0,15,270,3,3,2585.0,15.2,503,0,5,403430,3393160,505,0,5,-84.32
1810901,403455.0,3393220.0,15,270,3,3,2585.0,15.2,503,0,5,403490,3393220,503,0,5,-74.67
1810901,403455.0,3393220.0,15,270,3,3,2585.0,15.2,503,0,5,403510,3393240,503,0,5,-79.5
1810901,403455.0,3393220.0,15,270,3,3,2585.0,15.2,503,0,5,403370,3393180,506,0,5,-89.33
1810901,403455.0,3393220.0,15,270,3,3,2585.0,15.2,503,0,5,403460,3393270,504,0,6,-70.44
1810901,403455.0,3393220.0,15,270,3,3,2585.0,15.2,503,0,5,403395,3393195,505,0,6,-85.64
1810901,403455.0,3393220.0,15,270,3,3,2585.0,15.2,503,0,5,403385,3393185,506,0,5,-92.5
1810901,403455.0,3393220.0,15,270,3,3,2585.0,15.2,503,0,5,403445,3393245,503,0,6,-76.3
1810901,403455.0,3393220.0,15,270,3,3,2585.0,15.2,503,0,5,402425,3393335,505,57,6,-102.5
1810901,403455.0,3393220.0,15,270,3,3,2585.0,15.2,503,0,5,403350,3392990,505,0,5,-97.67
1810901,403455.0,3393220.0,15,270,3,3,2585.0,15.2,503,0,5,403355,3392985,505,0,7,-100.0
1810901,403455.0,3393220.0,15,270,3,3,2585.0,15.2,503,0,5,403510,3393150,503,6,5,-89.5
1810901,403455.0,3393220.0,15,270,3,3,2585.0,15.2,503,0,5,403475,3393185,503,0,7,-89.0
1810901,403455.0,3393220.0,15,270,3,3,2585.0,15.2,503,0,5,403400,3393220,504,42,5,-87.6
1810901,403455.0,3393220.0,15,270,3,3,2585.0,15.2,503,0,5,403410,3393210,504,0,11,-89.17
1810901,403455.0,3393220.0,15,270,3,3,2585.0,15.2,503,0,5,403425,3393235,504,0,11,-94.85
1810901,403455.0,3393220.0,15,270,3,3,2585.0,15.2,503,0,5,403420,3393240,504,0,11,-90.0
1810901,403455.0,3393220.0,15,270,3,3,2585.0,15.2,503,0,5,403390,3393270,504,0,5,-85.86
1810901,403455.0,3393220.0,15,270,3,3,2585.0,15.2,503,0,5,403440,3393180,504,0,5,-95.31
1810901,403455.0,3393220.0,15,270,3,3,2585.0,15.2,503,0,5,403395,3393265,504,0,7,-78.97
1810901,403455.0,3393220.0,15,270,3,3,2585.0,15.2,503,0,5,403405,3393215,504,0,11,-94.0
1810901,403455.0,3393220.0,15,270,3,3,2585.0,15.2,503,0,5,403465,3393195,503,0,5,-85.37
1810901,403455.0,3393220.0,15,270,3,3,2585.0,15.2,503,0,5,403470,3393190,503,0,5,-88.75
1810901,403455.0,3393220.0,15,270,3,3,2585.0,15.2,503,0,5,403415,3393205,504,0,11,-84.5
1810901,403455.0,3393220.0,15,270,3,3,2585.0,15.2,503,0,5,403335,3392965,506,0,6,-113.0
1810901,403455.0,3393220.0,15,270,3,3,2585.0,15.2,503,0,5,403000,3393300,508,0,13,-87.75
1810901,403455.0,3393220.0,15,270,3,3,2585.0,15.2,503,0,5,403450,3393170,504,0,5,-90.19
1810901,403455.0,3393220.0,15,270,3,3,2585.0,15.2,503,0,5,403370,3393250,505,0,7,-83.55
1810901,403455.0,3393220.0,15,270,3,3,2585.0,15.2,503,0,5,403375,3393245,505,0,7,-78.86
1810901,403455.0,3393220.0,15,270,3,3,2585.0,15.2,503,0,5,403460,3393200,503,0,5,-85.54
1810901,403455.0,3393220.0,15,270,3,3,2585.0,15.2,503,0,5,403380,3393280,505,0,11,-79.0
1810901,403455.0,3393220.0,15,270,3,3,2585.0,15.2,503,0,5,403445,3393175,504,0,5,-96.39
1810901,403455.0,3393220.0,15,270,3,3,2585.0,15.2,503,0,5,403455,3393165,504,0,5,-93.65
1810901,403455.0,3393220.0,15,270,3,3,2585.0,15.2,503,0,5,403190,3393470,506,0,6,-97.25
1810901,403455.0,3393220.0,15,270,3,3,2585.0,15.2,503,0,5,403435,3393225,504,0,5,-85.63
1810901,403455.0,3393220.0,15,270,3,3,2585.0,15.2,503,0,5,403365,3393255,505,0,7,-82.45
1810901,403455.0,3393220.0,15,270,3,3,2585.0,15.2,503,0,5,403360,3393260,505,0,7,-83.42
1810901,403455.0,3393220.0,15,270,3,3,2585.0,15.2,503,0,5,403385,3393275,504,0,5,-83.03
1810901,403455.0,3393220.0,15,270,3,3,2585.0,15.2,503,0,5,403135,3393485,505,0,5,-103.5
1810901,403455.0,3393220.0,15,270,3,3,2585.0,15.2,503,0,5,403495,3393125,504,0,5,-100.75
1810901,403455.0,3393220.0,15,270,3,3,2585.0,15.2,503,0,5,403430,3393230,504,0,5,-77.36
1810901,403455.0,3393220.0,15,270,3,3,2585.0,15.2,503,0,5,403490,3393130,503,0,7,-95.5
1810901,403455.0,3393220.0,15,270,3,3,2585.0,15.2,503,0,5,403410,3393300,504,0,5,-80.33
1810901,403455.0,3393220.0,15,270,3,3,2585.0,15.2,503,0,5,403405,3393285,504,0,5,-74.63
1810901,403455.0,3393220.0,15,270,3,3,2585.0,15.2,503,0,5,403390,3393360,506,0,7,-102.25
1810901,403455.0,3393220.0,15,270,3,3,2585.0,15.2,503,0,5,403435,3393315,505,0,6,-92.5
1810901,403455.0,3393220.0,15,270,3,3,2585.0,15.2,503,0,5,403375,3393335,505,0,6,-95.96
1810901,403455.0,3393220.0,15,270,3,3,2585.0,15.2,503,0,5,403360,3393330,506,0,6,-96.23
1810901,403455.0,3393220.0,15,270,3,3,2585.0,15.2,503,0,5,403395,3393355,505,0,7,-102.0
1810901,403455.0,3393220.0,15,270,3,3,2585.0,15.2,503,0,5,403385,3393345,505,0,5,-97.11
1810901,403455.0,3393220.0,15,270,3,3,2585.0,15.2,503,0,5,403380,3393350,505,0,5,-97.0
1810901,403455.0,3393220.0,15,270,3,3,2585.0,15.2,503,0,5,403365,3393325,505,0,6,-96.31
1810901,403455.0,3393220.0,15,270,3,3,2585.0,15.2,503,0,5,403400,3393290,504,0,5,-78.33
1810901,403455.0,3393220.0,15,270,3,3,2585.0,15.2,503,0,5,403415,3393295,504,0,5,-89.5
1810901,403455.0,3393220.0,15,270,3,3,2585.0,15.2,503,0,5,403370,3393340,505,0,6,-95.71
1810901,403455.0,3393220.0,15,270,3,3,2585.0,15.2,503,0,5,403330,3392950,506,0,5,-106.0
1810901,403455.0,3393220.0,15,270,3,3,2585.0,15.2,503,0,5,403340,3392940,506,0,7,-104.88
1810901,403455.0,3393220.0,15,270,3,3,2585.0,15.2,503,0,5,403345,3392935,506,0,7,-101.86
1810901,403455.0,3393220.0,15,270,3,3,2585.0,15.2,503,0,5,403355,3392925,506,0,7,-106.5
1810901,403455.0,3393220.0,15,270,3,3,2585.0,15.2,503,0,5,403335,3392945,506,0,7,-110.5
1810901,403455.0,3393220.0,15,270,3,3,2585.0,15.2,503,0,5,403315,3392885,506,0,7,-104.0
1810901,403455.0,3393220.0,15,270,3,3,2585.0,15.2,503,0,5,403350,3392930,506,0,7,-97.5
1810901,403455.0,3393220.0,15,270,3,3,2585.0,15.2,503,0,5,403240,3393330,507,0,6,-102.0
1810901,403455.0,3393220.0,15,270,3,3,2585.0,15.2,503,0,5,403260,3393350,507,0,6,-101.5
1810901,403455.0,3393220.0,15,270,3,3,2585.0,15.2,503,0,5,403270,3393360,507,33,5,-102.5
1810901,403455.0,3393220.0,15,270,3,3,2585.0,15.2,503,0,5,403250,3393340,507,0,6,-104.75
1810901,403455.0,3393220.0,15,270,3,3,2585.0,15.2,503,0,5,403150,3393240,507,0,10,-92.0
1810901,403455.0,3393220.0,15,270,3,3,2585.0,15.2,503,0,5,403205,3393285,507,0,5,-92.5
1810901,403455.0,3393220.0,15,270,3,3,2585.0,15.2,503,0,5,403180,3393270,507,0,5,-85.0
1810901,403455.0,3393220.0,15,270,3,3,2585.0,15.2,503,0,5,403170,3393260,507,0,5,-102.67
1810901,403455.0,3393220.0,15,270,3,3,2585.0,15.2,503,0,5,403215,3393295,507,0,7,-83.0
1810901,403455.0,3393220.0,15,270,3,3,2585.0,15.2,503,0,5,403195,3393275,507,0,6,-91.67
1810901,403455.0,3393220.0,15,270,3,3,2585.0,15.2,503,0,5,403345,3393425,506,0,5,-106.5
1810901,403455.0,3393220.0,15,270,3,3,2585.0,15.2,503,0,5,403190,3393280,507,0,6,-92.67
1810901,403455.0,3393220.0,15,270,3,3,2585.0,15.2,503,0,5,403220,3393310,507,0,7,-88.5
1810901,403455.0,3393220.0,15,270,3,3,2585.0,15.2,503,0,5,403225,3393305,507,0,7,-96.5
1810901,403455.0,3393220.0,15,270,3,3,2585.0,15.2,503,0,5,403200,3393290,507,0,6,-94.5
1810901,403455.0,3393220.0,15,270,3,3,2585.0,15.2,503,0,5,403175,3393255,507,0,5,-84.4
1810901,403455.0,3393220.0,15,270,3,3,2585.0,15.2,503,0,5,403255,3393335,507,0,6,-103.13
1810901,403455.0,3393220.0,15,270,3,3,2585.0,15.2,503,0,5,403315,3393350,507,0,5,-100.5
1810901,403455.0,3393220.0,15,270,3,3,2585.0,15.2,503,0,5,403325,3393300,507,0,5,-92.32
1810901,403455.0,3393220.0,15,270,3,3,2585.0,15.2,503,0,5,403515,3393470,507,0,12,-117.5
1810901,403455.0,3393220.0,15,270,3,3,2585.0,15.2,503,0,5,403345,3393320,506,0,5,-97.25
1810901,403455.0,3393220.0,15,270,3,3,2585.0,15.2,503,0,5,403340,3393315,506,0,5,-96.25
1810901,403455.0,3393220.0,15,270,3,3,2585.0,15.2,503,0,5,403355,3393310,506,0,5,-92.89
1810901,403455.0,3393220.0,15,270,3,3,2585.0,15.2,503,0,5,403295,3393330,507,0,6,-94.67
1810901,403455.0,3393220.0,15,270,3,3,2585.0,15.2,503,0,5,403320,3393295,507,0,11,-93.77
1810901,403455.0,3393220.0,15,270,3,3,2585.0,15.2,503,0,5,403330,3393285,507,0,5,-81.63
1810901,403455.0,3393220.0,15,270,3,3,2585.0,15.2,503,0,5,403335,3393290,506,0,5,-85.25
1810901,403455.0,3393220.0,15,270,3,3,2585.0,15.2,503,0,5,403350,3393305,506,0,5,-86.63
1810901,403455.0,3393220.0,15,270,3,3,2585.0,15.2,503,0,5,403290,3393325,507,0,6,-96.6
1810901,403455.0,3393220.0,15,270,3,3,2585.0,15.2,503,0,5,403250,3393365,506,0,5,-108.5
1810901,403455.0,3393220.0,15,270,3,3,2585.0,15.2,503,0,5,403470,3393055,505,0,10,-103.5
1810901,403455.0,3393220.0,15,270,3,3,2585.0,15.2,503,0,5,403510,3393095,504,0,5,-86.5
1810901,403455.0,3393220.0,15,270,3,3,2585.0,15.2,503,0,5,403300,3393205,508,0,5,-101.8
1810901,403455.0,3393220.0,15,270,3,3,2585.0,15.2,503,0,5,403370,3392995,505,0,7,-94.27
1810901,403455.0,3393220.0,15,270,3,3,2585.0,15.2,503,0,5,403375,3393000,505,0,7,-98.06
1810901,403455.0,3393220.0,15,270,3,3,2585.0,15.2,503,0,5,403315,3393220,507,0,11,-91.2
1810901,403455.0,3393220.0,15,270,3,3,2585.0,15.2,503,0,5,403345,3393250,506,0,7,-81.79
1810901,403455.0,3393220.0,15,270,3,3,2585.0,15.2,503,0,5,403330,3393275,507,0,5,-82.38
1810901,403455.0,3393220.0,15,270,3,3,2585.0,15.2,503,0,5,403435,3393020,506,0,5,-99.22
1810901,403455.0,3393220.0,15,270,3,3,2585.0,15.2,503,0,5,403405,3393030,506,0,7,-93.36
1810901,403455.0,3393220.0,15,270,3,3,2585.0,15.2,503,0,5,403415,3393040,506,0,7,-88.0
1810901,403455.0,3393220.0,15,270,3,3,2585.0,15.2,503,0,5,403055,3393320,508,0,5,-90.0
1810901,403455.0,3393220.0,15,270,3,3,2585.0,15.2,503,0,5,403400,3393025,506,0,7,-94.9
1810901,403455.0,3393220.0,15,270,3,3,2585.0,15.2,503,0,5,403140,3393365,505,0,5,-100.5
1810901,403455.0,3393220.0,15,270,3,3,2585.0,15.2,503,0,5,403145,3393370,505,0,13,-99.38
1810901,403455.0,3393220.0,15,270,3,3,2585.0,15.2,503,0,5,403325,3393270,507,0,7,-84.26
1810901,403455.0,3393220.0,15,270,3,3,2585.0,15.2,503,0,5,403350,3393255,506,0,7,-82.27
1810901,403455.0,3393220.0,15,270,3,3,2585.0,15.2,503,0,5,403040,3393305,508,0,5,-95.5
1810901,403455.0,3393220.0,15,270,3,3,2585.0,15.2,503,0,5,403290,3393235,508,42,5,-84.09
1810901,403455.0,3393220.0,15,270,3,3,2585.0,15.2,503,0,5,403430,3393015,506,0,10,-97.33
1810901,403455.0,3393220.0,15,270,3,3,2585.0,15.2,503,0,5,403360,3392985,505,0,7,-96.83
1810901,403455.0,3393220.0,15,270,3,3,2585.0,15.2,503,0,5,403355,3393260,506,0,7,-83.93
1810901,403455.0,3393220.0,15,270,3,3,2585.0,15.2,503,0,5,403425,3393010,506,0,10,-97.15
1810901,403455.0,3393220.0,15,270,3,3,2585.0,15.2,503,0,5,403320,3393265,507,0,7,-82.52
1810901,403455.0,3393220.0,15,270,3,3,2585.0,15.2,503,0,5,403335,3393280,506,0,5,-78.12
1810901,403455.0,3393220.0,15,270,3,3,2585.0,15.2,503,0,5,403410,3393035,506,0,7,-103.86
1810901,403455.0,3393220.0,15,270,3,3,2585.0,15.2,503,0,5,403380,3392965,505,0,7,-102.67
1810901,403455.0,3393220.0,15,270,3,3,2585.0,15.2,503,0,5,403500,3393085,504,0,6,-102.5
1810901,403455.0,3393220.0,15,270,3,3,2585.0,15.2,503,0,5,403075,3393300,507,0,5,-106.5
1810901,403455.0,3393220.0,15,270,3,3,2585.0,15.2,503,0,5,403280,3393225,508,0,11,-100.57
1810901,403455.0,3393220.0,15,270,3,3,2585.0,15.2,503,0,5,403340,3393245,506,0,7,-80.3
1810901,403455.0,3393220.0,15,270,3,3,2585.0,15.2,503,0,5,403420,3393005,506,0,10,-97.0
1810901,403455.0,3393220.0,15,270,3,3,2585.0,15.2,503,0,5,403155,3393380,505,0,12,-103.71
1810901,403455.0,3393220.0,15,270,3,3,2585.0,15.2,503,0,5,403160,3393425,506,0,5,-100.0
1810901,403455.0,3393220.0,15,270,3,3,2585.0,15.2,503,0,5,403295,3393240,508,42,5,-79.0
1810901,403455.0,3393220.0,15,270,3,3,2585.0,15.2,503,0,5,403285,3393230,508,0,11,-83.0
1810901,403455.0,3393220.0,15,270,3,3,2585.0,15.2,503,0,5,403150,3393375,505,0,12,-103.75
1810901,403455.0,3393220.0,15,270,3,3,2585.0,15.2,503,0,5,403130,3393395,505,0,5,-105.5
1810901,403455.0,3393220.0,15,270,3,3,2585.0,15.2,503,0,5,403255,3393200,508,0,5,-98.33
1810901,403455.0,3393220.0,15,270,3,3,2585.0,15.2,503,0,5,403440,3393065,505,0,5,-93.4
1810901,403455.0,3393220.0,15,270,3,3,2585.0,15.2,503,0,5,403495,3393120,504,0,5,-90.8
1810901,403455.0,3393220.0,15,270,3,3,2585.0,15.2,503,0,5,403455,3393080,505,0,6,-96.5
1810901,403455.0,3393220.0,15,270,3,3,2585.0,15.2,503,0,5,403260,3393165,508,0,5,-114.0
1810901,403455.0,3393220.0,15,270,3,3,2585.0,15.2,503,0,5,403370,3392920,506,0,5,-100.0
1810901,403455.0,3393220.0,15,270,3,3,2585.0,15.2,503,0,5,403410,3392960,506,0,5,-109.0
1810901,403455.0,3393220.0,15,270,3,3,2585.0,15.2,503,0,5,403390,3392900,506,0,7,-116.25
1810901,403455.0,3393220.0,15,270,3,3,2585.0,15.2,503,0,5,403420,3392930,506,102,10,-111.0
1810901,403455.0,3393220.0,15,270,3,3,2585.0,15.2,503,0,5,403415,3392955,506,0,5,-109.58
1810901,403455.0,3393220.0,15,270,3,3,2585.0,15.2,503,0,5,403360,3392910,506,0,7,-113.0
1810901,403455.0,3393220.0,15,270,3,3,2585.0,15.2,503,0,5,403375,3392915,506,0,10,-115.75
1810901,403455.0,3393220.0,15,270,3,3,2585.0,15.2,503,0,5,403425,3392925,506,0,10,-109.5
1810901,403455.0,3393220.0,15,270,3,3,2585.0,15.2,503,0,5,403430,3392940,506,102,5,-106.5
1810901,403455.0,3393220.0,15,270,3,3,2585.0,15.2,503,0,5,403365,3392905,506,0,7,-113.0
1810901,403455.0,3393220.0,15,270,3,3,2585.0,15.2,503,0,5,403480,3392870,504,102,5,-113.0
1810901,403455.0,3393220.0,15,270,3,3,2585.0,15.2,503,0,5,403405,3392945,506,0,5,-101.0
1810901,403455.0,3393220.0,15,270,3,3,2585.0,15.2,503,0,5,403545,3393375,506,0,7,-95.0
1810901,403455.0,3393220.0,15,270,3,3,2585.0,15.2,503,0,5,403550,3393370,505,0,5,-95.0
1810901,403455.0,3393220.0,15,270,3,3,2585.0,15.2,503,0,5,403565,3393435,506,0,7,-97.0
1810901,403455.0,3393220.0,15,270,3,3,2585.0,15.2,503,0,5,403575,3393425,506,0,7,-116.0
1810901,403455.0,3393220.0,15,270,3,3,2585.0,15.2,503,0,5,403570,3393430,506,0,7,-106.0
1810901,403455.0,3393220.0,15,270,3,3,2585.0,15.2,503,0,5,403535,3393385,506,0,7,-96.0
1810901,403455.0,3393220.0,15,270,3,3,2585.0,15.2,503,0,5,403555,3393365,505,0,13,-91.5
1810901,403455.0,3393220.0,15,270,3,3,2585.0,15.2,503,0,5,403540,3393380,506,0,7,-96.2
1810901,403455.0,3393220.0,15,270,3,3,2585.0,15.2,503,0,5,403540,3393345,505,0,5,-87.0
1810901,403455.0,3393220.0,15,270,3,3,2585.0,15.2,503,0,5,403535,3393340,505,0,7,-94.33
1810901,403455.0,3393220.0,15,270,3,3,2585.0,15.2,503,0,5,403530,3393335,505,0,6,-101.33
1810901,403455.0,3393220.0,15,270,3,3,2585.0,15.2,503,0,5,403525,3393330,505,0,6,-94.9
1810901,403455.0,3393220.0,15,270,3,3,2585.0,15.2,503,0,5,403520,3393325,505,0,6,-94.67
1810901,403455.0,3393220.0,15,270,3,3,2585.0,15.2,503,0,5,403350,3393350,506,0,5,-99.0
1810901,403455.0,3393220.0,15,270,3,3,2585.0,15.2,503,0,5,403335,3393325,506,0,6,-99.69
1810901,403455.0,3393220.0,15,270,3,3,2585.0,15.2,503,0,5,403325,3393335,506,0,6,-96.81
1810901,403455.0,3393220.0,15,270,3,3,2585.0,15.2,503,0,5,403355,3393345,506,33,5,-94.4
1810901,403455.0,3393220.0,15,270,3,3,2585.0,15.2,503,0,5,403295,3393285,508,0,11,-80.95
1810901,403455.0,3393220.0,15,270,3,3,2585.0,15.2,503,0,5,403205,3393375,506,0,5,-100.0
1810901,403455.0,3393220.0,15,270,3,3,2585.0,15.2,503,0,5,403190,3393190,508,0,6,-98.5
1810901,403455.0,3393220.0,15,270,3,3,2585.0,15.2,503,0,5,403290,3393290,508,0,11,-85.18
1810901,403455.0,3393220.0,15,270,3,3,2585.0,15.2,503,0,5,403105,3393275,506,0,5,-96.0
1810901,403455.0,3393220.0,15,270,3,3,2585.0,15.2,503,0,5,403215,3393365,506,0,5,-108.0
1810901,403455.0,3393220.0,15,270,3,3,2585.0,15.2,503,0,5,403330,3393330,506,0,6,-96.0
1810901,403455.0,3393220.0,15,270,3,3,2585.0,15.2,503,0,5,403100,3393280,506,0,10,-103.45
1810901,403455.0,3393220.0,15,270,3,3,2585.0,15.2,503,0,5,403200,3393380,506,0,6,-103.0
1810901,403455.0,3393220.0,15,270,3,3,2585.0,15.2,503,0,5,403300,3393320,507,0,7,-93.63
1810901,403455.0,3393220.0,15,270,3,3,2585.0,15.2,503,0,5,403320,3393340,507,0,6,-97.88
1810901,403455.0,3393220.0,15,270,3,3,2585.0,15.2,503,0,5,403305,3393315,507,0,7,-94.56
1810901,403455.0,3393220.0,15,270,3,3,2585.0,15.2,503,0,5,403095,3393245,506,0,5,-109.0
1810901,403455.0,3393220.0,15,270,3,3,2585.0,15.2,503,0,5,403315,3393305,507,0,5,-94.35
1810901,403455.0,3393220.0,15,270,3,3,2585.0,15.2,503,0,5,403115,3393265,506,0,10,-107.5
1810901,403455.0,3393220.0,15,270,3,3,2585.0,15.2,503,0,5,403340,3393360,506,33,5,-94.0
1810901,403455.0,3393220.0,15,270,3,3,2585.0,15.2,503,0,5,403310,3393310,507,0,7,-96.38
1810901,403455.0,3393220.0,15,270,3,3,2585.0,15.2,503,0,5,403185,3393195,508,0,5,-107.5
1810901,403455.0,3393220.0,15,270,3,3,2585.0,15.2,503,0,5,403285,3393295,507,0,11,-79.0
1810901,403455.0,3393220.0,15,270,3,3,2585.0,15.2,503,0,5,403520,3393185,503,0,5,-89.5
1810901,403455.0,3393220.0,15,270,3,3,2585.0,15.2,503,0,5,403545,3393170,503,6,5,-104.0
1810901,403455.0,3393220.0,15,270,3,3,2585.0,15.2,503,0,5,403590,3393135,504,0,13,-109.0
1810901,403455.0,3393220.0,15,270,3,3,2585.0,15.2,503,0,5,403615,3393280,505,0,10,-99.0
1810901,403455.0,3393220.0,15,270,3,3,2585.0,15.2,503,0,5,403335,3392920,506,0,7,-110.5
1810901,403455.0,3393220.0,15,270,3,3,2585.0,15.2,503,0,5,403620,3393245,505,0,5,-95.0
1810901,403455.0,3393220.0,15,270,3,3,2585.0,15.2,503,0,5,403320,3392905,507,0,7,-109.0
1810901,403455.0,3393220.0,15,270,3,3,2585.0,15.2,503,0,5,403355,3392900,506,0,7,-99.0
1810901,403455.0,3393220.0,15,270,3,3,2585.0,15.2,503,0,5,403260,3393310,507,0,7,-103.5
1810901,403455.0,3393220.0,15,270,3,3,2585.0,15.2,503,0,5,403275,3393315,507,0,7,-97.0
1810901,403455.0,3393220.0,15,270,3,3,2585.0,15.2,503,0,5,403185,3393225,508,0,6,-101.25
1810901,403455.0,3393220.0,15,270,3,3,2585.0,15.2,503,0,5,403245,3393285,508,0,5,-86.64
1810901,403455.0,3393220.0,15,270,3,3,2585.0,15.2,503,0,5,403195,3393235,508,0,6,-91.75
1810901,403455.0,3393220.0,15,270,3,3,2585.0,15.2,503,0,5,403180,3393230,507,0,6,-95.8
1810901,403455.0,3393220.0,15,270,3,3,2585.0,15.2,503,0,5,403150,3393280,506,0,5,-93.0
1810901,403455.0,3393220.0,15,270,3,3,2585.0,15.2,503,0,5,403145,3393265,506,0,10,-90.25
1810901,403455.0,3393220.0,15,270,3,3,2585.0,15.2,503,0,5,403140,3393270,506,0,5,-97.67
1810901,403455.0,3393220.0,15,270,3,3,2585.0,15.2,503,0,5,403205,3393325,507,0,6,-106.5
1810901,403455.0,3393220.0,15,270,3,3,2585.0,15.2,503,0,5,403200,3393330,507,0,6,-96.33
1810901,403455.0,3393220.0,15,270,3,3,2585.0,15.2,503,0,5,403190,3393240,508,0,6,-92.54
1810901,403455.0,3393220.0,15,270,3,3,2585.0,15.2,503,0,5,403175,3393215,507,0,5,-101.25
1810901,403455.0,3393220.0,15,270,3,3,2585.0,15.2,503,0,5,403255,3393295,507,0,5,-92.0
1810901,403455.0,3393220.0,15,270,3,3,2585.0,15.2,503,0,5,403240,3393290,508,0,13,-89.33
1810901,403455.0,3393220.0,15,270,3,3,2585.0,15.2,503,0,5,403155,3393275,506,0,5,-97.0
1810901,403455.0,3393220.0,15,270,3,3,2585.0,15.2,503,0,5,403265,3393305,507,0,5,-102.75
1810901,403455.0,3393220.0,15,270,3,3,2585.0,15.2,503,0,5,403130,3393260,506,0,10,-98.5
1810901,403455.0,3393220.0,15,270,3,3,2585.0,15.2,503,0,5,403270,3393320,507,0,7,-94.47
1810901,403455.0,3393220.0,15,270,3,3,2585.0,15.2,503,0,5,403375,3392960,505,0,7,-97.25
1810901,403455.0,3393220.0,15,270,3,3,2585.0,15.2,503,0,5,403520,3393105,504,6,5,-109.25
1810901,403455.0,3393220.0,15,270,3,3,2585.0,15.2,503,0,5,403360,3392945,506,0,7,-101.17
1810901,403455.0,3393220.0,15,270,3,3,2585.0,15.2,503,0,5,403365,3392950,506,0,7,-103.67
1810901,403455.0,3393220.0,15,270,3,3,2585.0,15.2,503,0,5,403400,3392905,506,102,5,-106.33
1810901,403455.0,3393220.0,15,270,3,3,2585.0,15.2,503,0,5,403405,3392910,506,102,5,-110.33
1810901,403455.0,3393220.0,15,270,3,3,2585.0,15.2,503,0,5,403385,3392930,506,0,10,-105.67
1810901,403455.0,3393220.0,15,270,3,3,2585.0,15.2,503,0,5,403300,3393335,507,0,6,-94.5
1810901,403455.0,3393220.0,15,270,3,3,2585.0,15.2,503,0,5,403345,3393300,506,0,5,-93.17
1810901,403455.0,3393220.0,15,270,3,3,2585.0,15.2,503,0,5,403340,3393295,506,0,5,-84.5
1810901,403455.0,3393220.0,15,270,3,3,2585.0,15.2,503,0,5,403315,3393330,507,0,6,-96.91
1810901,403455.0,3393220.0,15,270,3,3,2585.0,15.2,503,0,5,403320,3393315,507,0,7,-96.42
1810901,403455.0,3393220.0,15,270,3,3,2585.0,15.2,503,0,5,403350,3393285,506,0,11,-79.96
1810901,403455.0,3393220.0,15,270,3,3,2585.0,15.2,503,0,5,403310,3393325,507,0,6,-96.05
1810901,403455.0,3393220.0,15,270,3,3,2585.0,15.2,503,0,5,403305,3393340,507,0,6,-96.33
1810901,403455.0,3393220.0,15,270,3,3,2585.0,15.2,503,0,5,403325,3393320,507,0,7,-96.56
1810901,403455.0,3393220.0,15,270,3,3,2585.0,15.2,503,0,5,403330,3393305,506,0,7,-89.3
1810901,403455.0,3393220.0,15,270,3,3,2585.0,15.2,503,0,5,403075,3393250,507,0,5,-100.0
1810901,403455.0,3393220.0,15,270,3,3,2585.0,15.2,503,0,5,403335,3393310,506,0,5,-89.75
1810901,403455.0,3393220.0,15,270,3,3,2585.0,15.2,503,0,5,403355,3393290,506,0,11,-88.79
1810901,403455.0,3393220.0,15,270,3,3,2585.0,15.2,503,0,5,403510,3393445,507,0,12,-106.33
