Cell Index,Cell X,Cell Y,Height,Azimuth,Electrical Downtilt,Mechanical Downtilt,Frequency Band,RS Power,Cell Altitude,Cell Building Height,Cell Clutter Index,X,Y,Altitude,Building Height,Clutter Index,RSRP
531701,410210.0,3386030.0,29,240,6,2,2585.0,9.2,487,37,6,410335,3385885,487,0,7,-81.0
531701,410210.0,3386030.0,29,240,6,2,2585.0,9.2,487,37,6,410270,3385830,488,0,7,-80.6
531701,410210.0,3386030.0,29,240,6,2,2585.0,9.2,487,37,6,410255,3385805,488,0,7,-75.81
531701,410210.0,3386030.0,29,240,6,2,2585.0,9.2,487,37,6,410420,3385680,487,0,6,-91.5
531701,410210.0,3386030.0,29,240,6,2,2585.0,9.2,487,37,6,410275,3385825,488,0,7,-80.61
531701,410210.0,3386030.0,29,240,6,2,2585.0,9.2,487,37,6,410265,3385835,488,0,7,-78.33
531701,410210.0,3386030.0,29,240,6,2,2585.0,9.2,487,37,6,410250,3385810,488,0,7,-75.45
531701,410210.0,3386030.0,29,240,6,2,2585.0,9.2,487,37,6,410245,3385815,488,0,7,-79.4
531701,410210.0,3386030.0,29,240,6,2,2585.0,9.2,487,37,6,410075,3385760,490,0,6,-74.0
531701,410210.0,3386030.0,29,240,6,2,2585.0,9.2,487,37,6,410020,3385705,490,0,7,-83.75
531701,410210.0,3386030.0,29,240,6,2,2585.0,9.2,487,37,6,410070,3385755,490,0,6,-76.82
531701,410210.0,3386030.0,29,240,6,2,2585.0,9.2,487,37,6,410055,3385740,490,0,6,-73.6
531701,410210.0,3386030.0,29,240,6,2,2585.0,9.2,487,37,6,410040,3385725,490,0,7,-79.82
531701,410210.0,3386030.0,29,240,6,2,2585.0,9.2,487,37,6,410060,3385745,490,0,7,-74.67
531701,410210.0,3386030.0,29,240,6,2,2585.0,9.2,487,37,6,410050,3385735,490,0,6,-77.17
531701,410210.0,3386030.0,29,240,6,2,2585.0,9.2,487,37,6,410065,3385750,490,0,6,-75.35
531701,410210.0,3386030.0,29,240,6,2,2585.0,9.2,487,37,6,410045,3385730,490,0,7,-78.61
531701,410210.0,3386030.0,29,240,6,2,2585.0,9.2,487,37,6,410015,3385700,490,0,7,-75.0
531701,410210.0,3386030.0,29,240,6,2,2585.0,9.2,487,37,6,410035,3385720,490,0,7,-79.4
531701,410210.0,3386030.0,29,240,6,2,2585.0,9.2,487,37,6,410025,3385710,490,0,7,-83.0
531701,410210.0,3386030.0,29,240,6,2,2585.0,9.2,487,37,6,410030,3385715,490,0,7,-82.57
531701,410210.0,3386030.0,29,240,6,2,2585.0,9.2,487,37,6,410010,3385695,490,0,6,-94.5
531701,410210.0,3386030.0,29,240,6,2,2585.0,9.2,487,37,6,407270,3386950,492,0,5,-97.45
531701,410210.0,3386030.0,29,240,6,2,2585.0,9.2,487,37,6,407275,3386945,492,0,5,-98.0
531701,410210.0,3386030.0,29,240,6,2,2585.0,9.2,487,37,6,407265,3386955,492,0,5,-96.25
531701,410210.0,3386030.0,29,240,6,2,2585.0,9.2,487,37,6,410300,3385760,487,0,6,-91.33
531701,410210.0,3386030.0,29,240,6,2,2585.0,9.2,487,37,6,410315,3385745,487,0,6,-90.56
531701,410210.0,3386030.0,29,240,6,2,2585.0,9.2,487,37,6,410280,3385740,488,0,6,-88.0
531701,410210.0,3386030.0,29,240,6,2,2585.0,9.2,487,37,6,410345,3385635,488,0,7,-89.5
531701,410210.0,3386030.0,29,240,6,2,2585.0,9.2,487,37,6,410270,3385710,488,0,7,-90.78
531701,410210.0,3386030.0,29,240,6,2,2585.0,9.2,487,37,6,410250,3385690,489,0,7,-86.88
531701,410210.0,3386030.0,29,240,6,2,2585.0,9.2,487,37,6,410310,3385750,487,0,6,-92.0
531701,410210.0,3386030.0,29,240,6,2,2585.0,9.2,487,37,6,410260,3385720,488,0,7,-87.95
531701,410210.0,3386030.0,29,240,6,2,2585.0,9.2,487,37,6,410245,3385695,489,0,7,-86.44
531701,410210.0,3386030.0,29,240,6,2,2585.0,9.2,487,37,6,410290,3385730,488,0,6,-90.25
531701,410210.0,3386030.0,29,240,6,2,2585.0,9.2,487,37,6,410360,3385660,488,0,6,-87.5
531701,410210.0,3386030.0,29,240,6,2,2585.0,9.2,487,37,6,410340,3385640,488,0,6,-88.5
531701,410210.0,3386030.0,29,240,6,2,2585.0,9.2,487,37,6,410265,3385715,488,0,6,-92.31
531701,410210.0,3386030.0,29,240,6,2,2585.0,9.2,487,37,6,410240,3385700,489,0,7,-84.68
531701,410210.0,3386030.0,29,240,6,2,2585.0,9.2,487,37,6,410275,3385705,488,0,7,-90.27
531701,410210.0,3386030.0,29,240,6,2,2585.0,9.2,487,37,6,410295,3385725,488,0,6,-87.74
531701,410210.0,3386030.0,29,240,6,2,2585.0,9.2,487,37,6,410255,3385685,488,0,7,-90.75
531701,410210.0,3386030.0,29,240,6,2,2585.0,9.2,487,37,6,410285,3385735,488,0,6,-90.67
531701,410210.0,3386030.0,29,240,6,2,2585.0,9.2,487,37,6,410305,3385755,487,0,6,-88.67
531701,410210.0,3386030.0,29,240,6,2,2585.0,9.2,487,37,6,407285,3386950,492,0,5,-97.0
531701,410210.0,3386030.0,29,240,6,2,2585.0,9.2,487,37,6,407280,3386945,492,0,5,-95.5
531701,410210.0,3386030.0,29,240,6,2,2585.0,9.2,487,37,6,407350,3386895,493,0,12,-106.0
531701,410210.0,3386030.0,29,240,6,2,2585.0,9.2,487,37,6,407315,3386940,493,0,6,-95.5
531701,410210.0,3386030.0,29,240,6,2,2585.0,9.2,487,37,6,407265,3386970,492,0,15,-90.67
531701,410210.0,3386030.0,29,240,6,2,2585.0,9.2,487,37,6,407310,3386935,493,0,6,-94.5
531701,410210.0,3386030.0,29,240,6,2,2585.0,9.2,487,37,6,407260,3386965,492,0,15,-97.0
531701,410210.0,3386030.0,29,240,6,2,2585.0,9.2,487,37,6,410010,3385455,487,0,6,-90.5
531701,410210.0,3386030.0,29,240,6,2,2585.0,9.2,487,37,6,410000,3385915,492,0,6,-88.5
531701,410210.0,3386030.0,29,240,6,2,2585.0,9.2,487,37,6,410075,3385850,490,0,5,-69.0
531701,410210.0,3386030.0,29,240,6,2,2585.0,9.2,487,37,6,410185,3385740,489,0,6,-88.68
531701,410210.0,3386030.0,29,240,6,2,2585.0,9.2,487,37,6,410085,3385680,490,0,7,-87.25
531701,410210.0,3386030.0,29,240,6,2,2585.0,9.2,487,37,6,409990,3385765,490,0,6,-70.5
531701,410210.0,3386030.0,29,240,6,2,2585.0,9.2,487,37,6,409995,3385770,490,0,6,-81.0
531701,410210.0,3386030.0,29,240,6,2,2585.0,9.2,487,37,6,410165,3385760,488,0,6,-88.4
531701,410210.0,3386030.0,29,240,6,2,2585.0,9.2,487,37,6,410160,3385755,488,0,6,-87.0
531701,410210.0,3386030.0,29,240,6,2,2585.0,9.2,487,37,6,410215,3385710,489,0,7,-85.24
531701,410210.0,3386030.0,29,240,6,2,2585.0,9.2,487,37,6,410170,3385745,488,0,6,-88.08
531701,410210.0,3386030.0,29,240,6,2,2585.0,9.2,487,37,6,410205,3385720,489,0,7,-84.66
531701,410210.0,3386030.0,29,240,6,2,2585.0,9.2,487,37,6,410180,3385735,489,0,6,-89.85
531701,410210.0,3386030.0,29,240,6,2,2585.0,9.2,487,37,6,410175,3385750,488,0,6,-86.27
531701,410210.0,3386030.0,29,240,6,2,2585.0,9.2,487,37,6,410190,3385725,489,0,7,-86.63
531701,410210.0,3386030.0,29,240,6,2,2585.0,9.2,487,37,6,410195,3385730,489,0,6,-89.38
531701,410210.0,3386030.0,29,240,6,2,2585.0,9.2,487,37,6,410210,3385705,489,0,7,-90.0
531701,410210.0,3386030.0,29,240,6,2,2585.0,9.2,487,37,6,410220,3385695,489,0,7,-86.89
531701,410210.0,3386030.0,29,240,6,2,2585.0,9.2,487,37,6,410200,3385715,489,0,7,-86.23
531701,410210.0,3386030.0,29,240,6,2,2585.0,9.2,487,37,6,410080,3385675,490,0,7,-92.33
531701,410210.0,3386030.0,29,240,6,2,2585.0,9.2,487,37,6,410095,3385670,490,0,7,-90.67
531701,410210.0,3386030.0,29,240,6,2,2585.0,9.2,487,37,6,410225,3385700,489,0,7,-86.03
531701,410210.0,3386030.0,29,240,6,2,2585.0,9.2,487,37,6,410230,3385685,489,0,7,-89.25
531701,410210.0,3386030.0,29,240,6,2,2585.0,9.2,487,37,6,409980,3385775,490,0,6,-85.5
531701,410210.0,3386030.0,29,240,6,2,2585.0,9.2,487,37,6,410050,3385865,490,0,5,-91.25
531701,410210.0,3386030.0,29,240,6,2,2585.0,9.2,487,37,6,409985,3385780,490,0,6,-82.0
531701,410210.0,3386030.0,29,240,6,2,2585.0,9.2,487,37,6,410055,3385870,490,14,5,-86.5
531701,410210.0,3386030.0,29,240,6,2,2585.0,9.2,487,37,6,410045,3385880,491,14,5,-98.0
531701,410210.0,3386030.0,29,240,6,2,2585.0,9.2,487,37,6,407245,3386960,492,0,5,-95.0
531701,410210.0,3386030.0,29,240,6,2,2585.0,9.2,487,37,6,407265,3386940,492,0,15,-102.5
531701,410210.0,3386030.0,29,240,6,2,2585.0,9.2,487,37,6,407435,3386835,493,0,10,-96.5
531701,410210.0,3386030.0,29,240,6,2,2585.0,9.2,487,37,6,407240,3386960,492,0,5,-99.0
531701,410210.0,3386030.0,29,240,6,2,2585.0,9.2,487,37,6,410045,3386025,489,26,5,-104.5
531701,410210.0,3386030.0,29,240,6,2,2585.0,9.2,487,37,6,409990,3385940,492,0,6,-85.5
531701,410210.0,3386030.0,29,240,6,2,2585.0,9.2,487,37,6,410165,3385985,487,0,7,-86.5
531701,410210.0,3386030.0,29,240,6,2,2585.0,9.2,487,37,6,410175,3385995,487,0,7,-80.5
531701,410210.0,3386030.0,29,240,6,2,2585.0,9.2,487,37,6,410190,3385980,487,0,7,-77.75
531701,410210.0,3386030.0,29,240,6,2,2585.0,9.2,487,37,6,410195,3385975,487,0,7,-78.5
531701,410210.0,3386030.0,29,240,6,2,2585.0,9.2,487,37,6,410130,3386040,487,26,6,-108.67
531701,410210.0,3386030.0,29,240,6,2,2585.0,9.2,487,37,6,410160,3385990,487,0,7,-86.33
531701,410210.0,3386030.0,29,240,6,2,2585.0,9.2,487,37,6,410065,3385920,490,14,5,-92.0
531701,410210.0,3386030.0,29,240,6,2,2585.0,9.2,487,37,6,410060,3385915,490,14,5,-100.5
531701,410210.0,3386030.0,29,240,6,2,2585.0,9.2,487,37,6,410200,3385735,489,0,6,-91.0
531701,410210.0,3386030.0,29,240,6,2,2585.0,9.2,487,37,6,410215,3385730,489,0,6,-89.29
531701,410210.0,3386030.0,29,240,6,2,2585.0,9.2,487,37,6,410055,3385890,490,14,5,-96.93
531701,410210.0,3386030.0,29,240,6,2,2585.0,9.2,487,37,6,410145,3385680,489,0,7,-95.6
531701,410210.0,3386030.0,29,240,6,2,2585.0,9.2,487,37,6,410210,3385725,489,0,7,-86.07
531701,410210.0,3386030.0,29,240,6,2,2585.0,9.2,487,37,6,410205,3385740,489,0,6,-91.33
531701,410210.0,3386030.0,29,240,6,2,2585.0,9.2,487,37,6,410160,3385695,489,0,7,-88.75
531701,410210.0,3386030.0,29,240,6,2,2585.0,9.2,487,37,6,410235,3385750,488,0,6,-90.29
531701,410210.0,3386030.0,29,240,6,2,2585.0,9.2,487,37,6,410190,3385705,489,0,7,-91.75
531701,410210.0,3386030.0,29,240,6,2,2585.0,9.2,487,37,6,410185,3385720,489,0,6,-85.72
531701,410210.0,3386030.0,29,240,6,2,2585.0,9.2,487,37,6,410180,3385715,489,0,7,-86.4
531701,410210.0,3386030.0,29,240,6,2,2585.0,9.2,487,37,6,410170,3385685,489,0,7,-95.44
531701,410210.0,3386030.0,29,240,6,2,2585.0,9.2,487,37,6,410175,3385690,489,0,7,-96.67
531701,410210.0,3386030.0,29,240,6,2,2585.0,9.2,487,37,6,410165,3385700,489,0,7,-86.75
531701,410210.0,3386030.0,29,240,6,2,2585.0,9.2,487,37,6,409995,3385830,491,0,6,-89.25
531701,410210.0,3386030.0,29,240,6,2,2585.0,9.2,487,37,6,410195,3385710,489,0,6,-87.89
531701,410210.0,3386030.0,29,240,6,2,2585.0,9.2,487,37,6,410225,3385760,488,0,6,-93.25
531701,410210.0,3386030.0,29,240,6,2,2585.0,9.2,487,37,6,410140,3385675,489,0,7,-93.0
531701,410210.0,3386030.0,29,240,6,2,2585.0,9.2,487,37,6,410155,3385670,489,0,7,-93.0
531701,410210.0,3386030.0,29,240,6,2,2585.0,9.2,487,37,6,410220,3385755,488,0,6,-90.5
531701,410210.0,3386030.0,29,240,6,2,2585.0,9.2,487,37,6,410020,3385875,491,14,5,-95.0
531701,410210.0,3386030.0,29,240,6,2,2585.0,9.2,487,37,6,410230,3385745,488,0,6,-89.2
531701,410210.0,3386030.0,29,240,6,2,2585.0,9.2,487,37,6,409985,3385840,491,0,7,-87.5
531701,410210.0,3386030.0,29,240,6,2,2585.0,9.2,487,37,6,409975,3385845,491,0,7,-90.5
531701,410210.0,3386030.0,29,240,6,2,2585.0,9.2,487,37,6,410220,3385640,488,0,7,-96.67
531701,410210.0,3386030.0,29,240,6,2,2585.0,9.2,487,37,6,410130,3385690,490,0,7,-94.5
531701,410210.0,3386030.0,29,240,6,2,2585.0,9.2,487,37,6,410110,3385750,489,0,6,-83.29
531701,410210.0,3386030.0,29,240,6,2,2585.0,9.2,487,37,6,410185,3385675,489,0,7,-90.75
531701,410210.0,3386030.0,29,240,6,2,2585.0,9.2,487,37,6,410095,3385725,490,0,7,-78.79
531701,410210.0,3386030.0,29,240,6,2,2585.0,9.2,487,37,6,410180,3385680,489,0,7,-95.82
531701,410210.0,3386030.0,29,240,6,2,2585.0,9.2,487,37,6,410125,3385695,490,0,7,-82.8
531701,410210.0,3386030.0,29,240,6,2,2585.0,9.2,487,37,6,410135,3385685,489,0,7,-97.42
531701,410210.0,3386030.0,29,240,6,2,2585.0,9.2,487,37,6,410000,3385820,491,0,6,-86.64
531701,410210.0,3386030.0,29,240,6,2,2585.0,9.2,487,37,6,410080,3385740,490,0,6,-73.63
531701,410210.0,3386030.0,29,240,6,2,2585.0,9.2,487,37,6,410085,3385735,490,0,6,-75.5
531701,410210.0,3386030.0,29,240,6,2,2585.0,9.2,487,37,6,410155,3385705,489,0,7,-88.83
531701,410210.0,3386030.0,29,240,6,2,2585.0,9.2,487,37,6,410090,3385730,490,0,6,-75.44
531701,410210.0,3386030.0,29,240,6,2,2585.0,9.2,487,37,6,410100,3385760,489,0,6,-77.5
531701,410210.0,3386030.0,29,240,6,2,2585.0,9.2,487,37,6,410230,3385630,488,0,7,-91.8
531701,410210.0,3386030.0,29,240,6,2,2585.0,9.2,487,37,6,410225,3385635,488,0,7,-85.33
531701,410210.0,3386030.0,29,240,6,2,2585.0,9.2,487,37,6,410190,3385670,489,0,7,-88.5
531701,410210.0,3386030.0,29,240,6,2,2585.0,9.2,487,37,6,410150,3385710,489,0,7,-83.0
531701,410210.0,3386030.0,29,240,6,2,2585.0,9.2,487,37,6,410120,3385700,490,0,7,-78.0
531701,410210.0,3386030.0,29,240,6,2,2585.0,9.2,487,37,6,410145,3385715,489,0,7,-82.3
531701,410210.0,3386030.0,29,240,6,2,2585.0,9.2,487,37,6,410115,3385745,489,0,7,-85.24
531701,410210.0,3386030.0,29,240,6,2,2585.0,9.2,487,37,6,410235,3385625,488,0,7,-85.33
531701,410210.0,3386030.0,29,240,6,2,2585.0,9.2,487,37,6,410140,3385720,489,0,7,-83.7
531701,410210.0,3386030.0,29,240,6,2,2585.0,9.2,487,37,6,410195,3385665,489,0,7,-83.6
531701,410210.0,3386030.0,29,240,6,2,2585.0,9.2,487,37,6,410105,3385755,489,0,6,-80.33
531701,410210.0,3386030.0,29,240,6,2,2585.0,9.2,487,37,6,410225,3385670,489,0,7,-89.0
531701,410210.0,3386030.0,29,240,6,2,2585.0,9.2,487,37,6,410110,3385715,490,0,7,-81.89
531701,410210.0,3386030.0,29,240,6,2,2585.0,9.2,487,37,6,410130,3385735,489,0,6,-87.55
531701,410210.0,3386030.0,29,240,6,2,2585.0,9.2,487,37,6,410080,3385685,490,0,7,-90.0
531701,410210.0,3386030.0,29,240,6,2,2585.0,9.2,487,37,6,410205,3385650,489,0,7,-87.88
531701,410210.0,3386030.0,29,240,6,2,2585.0,9.2,487,37,6,410105,3385710,490,0,7,-79.0
531701,410210.0,3386030.0,29,240,6,2,2585.0,9.2,487,37,6,410090,3385695,490,0,7,-82.75
531701,410210.0,3386030.0,29,240,6,2,2585.0,9.2,487,37,6,410150,3385755,488,0,6,-85.64
531701,410210.0,3386030.0,29,240,6,2,2585.0,9.2,487,37,6,410125,3385730,489,0,6,-81.06
531701,410210.0,3386030.0,29,240,6,2,2585.0,9.2,487,37,6,410135,3385740,489,0,6,-88.14
531701,410210.0,3386030.0,29,240,6,2,2585.0,9.2,487,37,6,410215,3385660,489,0,7,-90.67
531701,410210.0,3386030.0,29,240,6,2,2585.0,9.2,487,37,6,410120,3385725,489,0,7,-80.72
531701,410210.0,3386030.0,29,240,6,2,2585.0,9.2,487,37,6,410145,3385750,489,0,6,-85.85
531701,410210.0,3386030.0,29,240,6,2,2585.0,9.2,487,37,6,410095,3385700,490,0,7,-83.18
531701,410210.0,3386030.0,29,240,6,2,2585.0,9.2,487,37,6,410235,3385680,489,0,7,-90.14
531701,410210.0,3386030.0,29,240,6,2,2585.0,9.2,487,37,6,410115,3385720,490,0,7,-80.38
531701,410210.0,3386030.0,29,240,6,2,2585.0,9.2,487,37,6,410210,3385655,489,0,7,-90.67
531701,410210.0,3386030.0,29,240,6,2,2585.0,9.2,487,37,6,410000,3385765,490,0,6,-78.58
531701,410210.0,3386030.0,29,240,6,2,2585.0,9.2,487,37,6,410230,3385675,489,0,6,-92.0
531701,410210.0,3386030.0,29,240,6,2,2585.0,9.2,487,37,6,410140,3385745,489,0,6,-87.19
531701,410210.0,3386030.0,29,240,6,2,2585.0,9.2,487,37,6,410010,3385775,490,0,6,-73.6
531701,410210.0,3386030.0,29,240,6,2,2585.0,9.2,487,37,6,410005,3385770,490,0,6,-77.78
531701,410210.0,3386030.0,29,240,6,2,2585.0,9.2,487,37,6,410180,3385660,489,0,7,-89.5
531701,410210.0,3386030.0,29,240,6,2,2585.0,9.2,487,37,6,410090,3385750,489,0,6,-75.84
531701,410210.0,3386030.0,29,240,6,2,2585.0,9.2,487,37,6,410170,3385670,489,0,7,-94.5
531701,410210.0,3386030.0,29,240,6,2,2585.0,9.2,487,37,6,410155,3385685,489,0,7,-98.18
531701,410210.0,3386030.0,29,240,6,2,2585.0,9.2,487,37,6,409995,3385845,491,0,6,-91.5
531701,410210.0,3386030.0,29,240,6,2,2585.0,9.2,487,37,6,410165,3385675,489,0,7,-98.0
531701,410210.0,3386030.0,29,240,6,2,2585.0,9.2,487,37,6,410145,3385695,489,0,7,-92.2
531701,410210.0,3386030.0,29,240,6,2,2585.0,9.2,487,37,6,410110,3385730,490,0,6,-78.0
531701,410210.0,3386030.0,29,240,6,2,2585.0,9.2,487,37,6,410125,3385715,489,0,7,-82.96
531701,410210.0,3386030.0,29,240,6,2,2585.0,9.2,487,37,6,410085,3385755,489,0,6,-75.83
531701,410210.0,3386030.0,29,240,6,2,2585.0,9.2,487,37,6,410140,3385700,489,0,7,-79.67
531701,410210.0,3386030.0,29,240,6,2,2585.0,9.2,487,37,6,410115,3385725,490,0,7,-81.77
531701,410210.0,3386030.0,29,240,6,2,2585.0,9.2,487,37,6,410160,3385680,489,0,7,-95.78
531701,410210.0,3386030.0,29,240,6,2,2585.0,9.2,487,37,6,410150,3385690,489,0,7,-90.33
531701,410210.0,3386030.0,29,240,6,2,2585.0,9.2,487,37,6,410130,3385710,489,0,7,-83.4
531701,410210.0,3386030.0,29,240,6,2,2585.0,9.2,487,37,6,410120,3385720,489,0,7,-82.2
531701,410210.0,3386030.0,29,240,6,2,2585.0,9.2,487,37,6,410100,3385740,490,0,6,-79.47
531701,410210.0,3386030.0,29,240,6,2,2585.0,9.2,487,37,6,410095,3385745,490,0,7,-78.8
531701,410210.0,3386030.0,29,240,6,2,2585.0,9.2,487,37,6,410135,3385705,489,0,7,-88.0
531701,410210.0,3386030.0,29,240,6,2,2585.0,9.2,487,37,6,410000,3385840,491,0,6,-90.11
531701,410210.0,3386030.0,29,240,6,2,2585.0,9.2,487,37,6,409980,3385860,492,0,7,-90.0
531701,410210.0,3386030.0,29,240,6,2,2585.0,9.2,487,37,6,410105,3385735,490,0,6,-83.4
531701,410210.0,3386030.0,29,240,6,2,2585.0,9.2,487,37,6,409975,3386010,491,0,5,-84.5
531701,410210.0,3386030.0,29,240,6,2,2585.0,9.2,487,37,6,409970,3386005,491,0,5,-86.33
531701,410210.0,3386030.0,29,240,6,2,2585.0,9.2,487,37,6,410165,3386140,488,0,5,-95.33
531701,410210.0,3386030.0,29,240,6,2,2585.0,9.2,487,37,6,409995,3386030,490,0,6,-89.67
531701,410210.0,3386030.0,29,240,6,2,2585.0,9.2,487,37,6,409980,3386035,490,0,6,-89.8
531701,410210.0,3386030.0,29,240,6,2,2585.0,9.2,487,37,6,410170,3386125,488,0,5,-96.4
531701,410210.0,3386030.0,29,240,6,2,2585.0,9.2,487,37,6,410000,3385975,492,0,6,-78.0
531701,410210.0,3386030.0,29,240,6,2,2585.0,9.2,487,37,6,409990,3386025,490,0,6,-91.0
531701,410210.0,3386030.0,29,240,6,2,2585.0,9.2,487,37,6,409985,3386040,489,0,6,-94.0
531701,410210.0,3386030.0,29,240,6,2,2585.0,9.2,487,37,6,409990,3385720,489,0,6,-84.77
531701,410210.0,3386030.0,29,240,6,2,2585.0,9.2,487,37,6,410230,3385800,488,0,7,-75.82
531701,410210.0,3386030.0,29,240,6,2,2585.0,9.2,487,37,6,410210,3385780,488,0,6,-85.36
531701,410210.0,3386030.0,29,240,6,2,2585.0,9.2,487,37,6,409920,3385730,487,0,7,-85.25
531701,410210.0,3386030.0,29,240,6,2,2585.0,9.2,487,37,6,409940,3385750,488,0,7,-83.86
531701,410210.0,3386030.0,29,240,6,2,2585.0,9.2,487,37,6,409945,3385745,488,0,6,-86.8
531701,410210.0,3386030.0,29,240,6,2,2585.0,9.2,487,37,6,409955,3385755,489,0,6,-84.25
531701,410210.0,3386030.0,29,240,6,2,2585.0,9.2,487,37,6,409995,3385715,489,0,6,-83.83
531701,410210.0,3386030.0,29,240,6,2,2585.0,9.2,487,37,6,409930,3385740,488,0,6,-85.8
531701,410210.0,3386030.0,29,240,6,2,2585.0,9.2,487,37,6,410205,3385765,488,0,6,-86.0
531701,410210.0,3386030.0,29,240,6,2,2585.0,9.2,487,37,6,410215,3385775,488,0,6,-91.0
531701,410210.0,3386030.0,29,240,6,2,2585.0,9.2,487,37,6,410220,3385790,488,0,6,-79.25
531701,410210.0,3386030.0,29,240,6,2,2585.0,9.2,487,37,6,409935,3385735,488,0,6,-86.17
531701,410210.0,3386030.0,29,240,6,2,2585.0,9.2,487,37,6,409925,3385725,488,0,7,-84.21
531701,410210.0,3386030.0,29,240,6,2,2585.0,9.2,487,37,6,410235,3385795,488,0,6,-82.67
531701,410210.0,3386030.0,29,240,6,2,2585.0,9.2,487,37,6,410225,3385785,488,0,6,-87.75
531701,410210.0,3386030.0,29,240,6,2,2585.0,9.2,487,37,6,410200,3385770,488,0,6,-85.57
531701,410210.0,3386030.0,29,240,6,2,2585.0,9.2,487,37,6,409950,3385760,489,0,6,-84.33
531701,410210.0,3386030.0,29,240,6,2,2585.0,9.2,487,37,6,410045,3385870,491,14,5,-85.33
531701,410210.0,3386030.0,29,240,6,2,2585.0,9.2,487,37,6,410175,3385760,488,0,6,-89.83
531701,410210.0,3386030.0,29,240,6,2,2585.0,9.2,487,37,6,410085,3385670,490,0,7,-95.0
531701,410210.0,3386030.0,29,240,6,2,2585.0,9.2,487,37,6,410185,3385730,489,0,6,-88.24
531701,410210.0,3386030.0,29,240,6,2,2585.0,9.2,487,37,6,410225,3385690,489,0,7,-88.36
531701,410210.0,3386030.0,29,240,6,2,2585.0,9.2,487,37,6,410210,3385715,489,0,7,-85.29
531701,410210.0,3386030.0,29,240,6,2,2585.0,9.2,487,37,6,410190,3385735,489,0,6,-89.41
531701,410210.0,3386030.0,29,240,6,2,2585.0,9.2,487,37,6,410200,3385705,489,0,6,-91.05
531701,410210.0,3386030.0,29,240,6,2,2585.0,9.2,487,37,6,410050,3385875,490,14,5,-84.5
531701,410210.0,3386030.0,29,240,6,2,2585.0,9.2,487,37,6,410165,3385750,488,0,6,-85.35
531701,410210.0,3386030.0,29,240,6,2,2585.0,9.2,487,37,6,410160,3385745,488,0,6,-86.4
531701,410210.0,3386030.0,29,240,6,2,2585.0,9.2,487,37,6,410180,3385725,489,0,6,-87.53
531701,410210.0,3386030.0,29,240,6,2,2585.0,9.2,487,37,6,410220,3385685,489,0,6,-90.5
531701,410210.0,3386030.0,29,240,6,2,2585.0,9.2,487,37,6,409995,3385780,490,0,6,-78.67
531701,410210.0,3386030.0,29,240,6,2,2585.0,9.2,487,37,6,409990,3385775,490,0,6,-78.5
531701,410210.0,3386030.0,29,240,6,2,2585.0,9.2,487,37,6,410235,3385700,489,0,7,-84.13
531701,410210.0,3386030.0,29,240,6,2,2585.0,9.2,487,37,6,410215,3385720,489,0,7,-84.53
531701,410210.0,3386030.0,29,240,6,2,2585.0,9.2,487,37,6,410195,3385740,489,0,6,-89.91
531701,410210.0,3386030.0,29,240,6,2,2585.0,9.2,487,37,6,410035,3385900,491,14,5,-105.5
531701,410210.0,3386030.0,29,240,6,2,2585.0,9.2,487,37,6,410230,3385695,489,0,7,-87.14
531701,410210.0,3386030.0,29,240,6,2,2585.0,9.2,487,37,6,410170,3385755,488,0,6,-85.22
531701,410210.0,3386030.0,29,240,6,2,2585.0,9.2,487,37,6,410205,3385710,489,0,7,-84.33
531701,410210.0,3386030.0,29,240,6,2,2585.0,9.2,487,37,6,410055,3385880,490,14,5,-98.67
531701,410210.0,3386030.0,29,240,6,2,2585.0,9.2,487,37,6,410070,3385855,490,0,5,-88.5
531701,410210.0,3386030.0,29,240,6,2,2585.0,9.2,487,37,6,410255,3385840,488,0,6,-84.0
531701,410210.0,3386030.0,29,240,6,2,2585.0,9.2,487,37,6,410270,3385815,488,0,7,-77.0
531701,410210.0,3386030.0,29,240,6,2,2585.0,9.2,487,37,6,410260,3385805,488,0,7,-78.75
531701,410210.0,3386030.0,29,240,6,2,2585.0,9.2,487,37,6,410275,3385820,488,0,7,-78.71
531701,410210.0,3386030.0,29,240,6,2,2585.0,9.2,487,37,6,410345,3385890,487,0,7,-77.0
531701,410210.0,3386030.0,29,240,6,2,2585.0,9.2,487,37,6,410265,3385810,488,0,7,-74.83
531701,410210.0,3386030.0,29,240,6,2,2585.0,9.2,487,37,6,410340,3385885,487,0,7,-75.33
531701,410210.0,3386030.0,29,240,6,2,2585.0,9.2,487,37,6,410055,3385835,490,0,7,-77.5
531701,410210.0,3386030.0,29,240,6,2,2585.0,9.2,487,37,6,410010,3385800,490,0,6,-76.0
531701,410210.0,3386030.0,29,240,6,2,2585.0,9.2,487,37,6,410080,3385710,491,0,7,-78.5
531701,410210.0,3386030.0,29,240,6,2,2585.0,9.2,487,37,6,410095,3385715,490,0,7,-79.89
531701,410210.0,3386030.0,29,240,6,2,2585.0,9.2,487,37,6,410155,3385735,489,0,6,-85.18
531701,410210.0,3386030.0,29,240,6,2,2585.0,9.2,487,37,6,410105,3385685,490,0,7,-89.25
531701,410210.0,3386030.0,29,240,6,2,2585.0,9.2,487,37,6,410085,3385705,491,0,7,-79.33
531701,410210.0,3386030.0,29,240,6,2,2585.0,9.2,487,37,6,410120,3385750,489,0,6,-84.79
531701,410210.0,3386030.0,29,240,6,2,2585.0,9.2,487,37,6,410100,3385690,490,0,7,-83.67
531701,410210.0,3386030.0,29,240,6,2,2585.0,9.2,487,37,6,410115,3385695,490,0,7,-87.0
531701,410210.0,3386030.0,29,240,6,2,2585.0,9.2,487,37,6,410210,3385680,489,0,7,-86.0
531701,410210.0,3386030.0,29,240,6,2,2585.0,9.2,487,37,6,410145,3385725,489,0,7,-83.47
531701,410210.0,3386030.0,29,240,6,2,2585.0,9.2,487,37,6,410110,3385700,490,0,7,-76.75
531701,410210.0,3386030.0,29,240,6,2,2585.0,9.2,487,37,6,410150,3385740,489,0,6,-86.76
531701,410210.0,3386030.0,29,240,6,2,2585.0,9.2,487,37,6,410140,3385730,489,0,6,-83.59
531701,410210.0,3386030.0,29,240,6,2,2585.0,9.2,487,37,6,410000,3385790,490,0,7,-76.58
531701,410210.0,3386030.0,29,240,6,2,2585.0,9.2,487,37,6,410090,3385720,490,0,7,-78.34
531701,410210.0,3386030.0,29,240,6,2,2585.0,9.2,487,37,6,410215,3385675,489,0,7,-89.5
531701,410210.0,3386030.0,29,240,6,2,2585.0,9.2,487,37,6,410005,3385785,490,0,6,-80.5
531701,410210.0,3386030.0,29,240,6,2,2585.0,9.2,487,37,6,410125,3385745,489,0,7,-87.78
531701,410210.0,3386030.0,29,240,6,2,2585.0,9.2,487,37,6,410025,3385765,490,0,6,-84.0
531701,410210.0,3386030.0,29,240,6,2,2585.0,9.2,487,37,6,410135,3385755,489,0,6,-83.6
531701,410210.0,3386030.0,29,240,6,2,2585.0,9.2,487,37,6,410230,3385660,488,0,7,-91.0
531701,410210.0,3386030.0,29,240,6,2,2585.0,9.2,487,37,6,410205,3385665,489,0,7,-86.0
531701,410210.0,3386030.0,29,240,6,2,2585.0,9.2,487,37,6,407260,3386910,492,6,7,-102.0
531701,410210.0,3386030.0,29,240,6,2,2585.0,9.2,487,37,6,407325,3386935,493,0,6,-98.33
531701,410210.0,3386030.0,29,240,6,2,2585.0,9.2,487,37,6,407310,3386910,493,0,6,-100.0
531701,410210.0,3386030.0,29,240,6,2,2585.0,9.2,487,37,6,407235,3386985,491,0,5,-93.0
531701,410210.0,3386030.0,29,240,6,2,2585.0,9.2,487,37,6,410060,3385665,490,0,7,-94.0
531701,410210.0,3386030.0,29,240,6,2,2585.0,9.2,487,37,6,409950,3385715,488,0,7,-84.0
531701,410210.0,3386030.0,29,240,6,2,2585.0,9.2,487,37,6,409980,3385745,489,0,6,-79.56
531701,410210.0,3386030.0,29,240,6,2,2585.0,9.2,487,37,6,409970,3385735,489,0,6,-83.17
531701,410210.0,3386030.0,29,240,6,2,2585.0,9.2,487,37,6,409965,3385730,489,0,7,-81.93
531701,410210.0,3386030.0,29,240,6,2,2585.0,9.2,487,37,6,410075,3385680,490,0,7,-93.0
531701,410210.0,3386030.0,29,240,6,2,2585.0,9.2,487,37,6,409985,3385750,490,0,7,-80.8
531701,410210.0,3386030.0,29,240,6,2,2585.0,9.2,487,37,6,409990,3385755,490,0,6,-78.29
531701,410210.0,3386030.0,29,240,6,2,2585.0,9.2,487,37,6,410065,3385670,490,0,7,-103.0
531701,410210.0,3386030.0,29,240,6,2,2585.0,9.2,487,37,6,409955,3385720,488,0,7,-83.43
531701,410210.0,3386030.0,29,240,6,2,2585.0,9.2,487,37,6,409975,3385740,489,0,6,-79.23
531701,410210.0,3386030.0,29,240,6,2,2585.0,9.2,487,37,6,409960,3385725,489,0,7,-83.62
531701,410210.0,3386030.0,29,240,6,2,2585.0,9.2,487,37,6,409995,3385760,490,0,6,-87.1
531701,410210.0,3386030.0,29,240,6,2,2585.0,9.2,487,37,6,409935,3385700,487,0,7,-87.0
531701,410210.0,3386030.0,29,240,6,2,2585.0,9.2,487,37,6,410100,3385865,490,0,5,-67.67
531701,410210.0,3386030.0,29,240,6,2,2585.0,9.2,487,37,6,410290,3385575,488,0,7,-98.5
531701,410210.0,3386030.0,29,240,6,2,2585.0,9.2,487,37,6,410295,3385580,488,0,7,-102.0
531701,410210.0,3386030.0,29,240,6,2,2585.0,9.2,487,37,6,410305,3385680,488,0,7,-95.33
531701,410210.0,3386030.0,29,240,6,2,2585.0,9.2,487,37,6,410300,3385675,488,0,7,-93.0
531701,410210.0,3386030.0,29,240,6,2,2585.0,9.2,487,37,6,410285,3385660,488,0,7,-91.67
531701,410210.0,3386030.0,29,240,6,2,2585.0,9.2,487,37,6,410255,3385610,487,0,7,-89.83
531701,410210.0,3386030.0,29,240,6,2,2585.0,9.2,487,37,6,410325,3385700,487,0,7,-88.54
531701,410210.0,3386030.0,29,240,6,2,2585.0,9.2,487,37,6,410355,3385710,487,0,6,-90.75
531701,410210.0,3386030.0,29,240,6,2,2585.0,9.2,487,37,6,410370,3385725,487,0,6,-93.0
531701,410210.0,3386030.0,29,240,6,2,2585.0,9.2,487,37,6,410350,3385705,487,0,6,-87.43
531701,410210.0,3386030.0,29,240,6,2,2585.0,9.2,487,37,6,410345,3385720,487,0,6,-90.2
531701,410210.0,3386030.0,29,240,6,2,2585.0,9.2,487,37,6,410310,3385665,488,0,7,-98.5
531701,410210.0,3386030.0,29,240,6,2,2585.0,9.2,487,37,6,410335,3385690,487,0,7,-86.25
531701,410210.0,3386030.0,29,240,6,2,2585.0,9.2,487,37,6,410320,3385695,487,0,7,-87.93
531701,410210.0,3386030.0,29,240,6,2,2585.0,9.2,487,37,6,410330,3385685,487,0,7,-87.5
531701,410210.0,3386030.0,29,240,6,2,2585.0,9.2,487,37,6,410340,3385715,487,0,7,-85.64
531701,410210.0,3386030.0,29,240,6,2,2585.0,9.2,487,37,6,410250,3385605,487,0,7,-85.75
531701,410210.0,3386030.0,29,240,6,2,2585.0,9.2,487,37,6,410240,3385615,487,0,7,-89.33
531701,410210.0,3386030.0,29,240,6,2,2585.0,9.2,487,37,6,410315,3385670,488,0,7,-99.0
531701,410210.0,3386030.0,29,240,6,2,2585.0,9.2,487,37,6,410245,3385620,487,0,7,-88.0
531701,410210.0,3386030.0,29,240,6,2,2585.0,9.2,487,37,6,410270,3385840,488,0,7,-81.5
531701,410210.0,3386030.0,29,240,6,2,2585.0,9.2,487,37,6,410295,3385775,487,0,6,-86.67
531701,410210.0,3386030.0,29,240,6,2,2585.0,9.2,487,37,6,410260,3385830,488,0,7,-81.67
531701,410210.0,3386030.0,29,240,6,2,2585.0,9.2,487,37,6,410275,3385835,488,0,7,-79.0
531701,410210.0,3386030.0,29,240,6,2,2585.0,9.2,487,37,6,410245,3385805,488,0,7,-74.56
531701,410210.0,3386030.0,29,240,6,2,2585.0,9.2,487,37,6,410255,3385815,488,0,7,-77.64
531701,410210.0,3386030.0,29,240,6,2,2585.0,9.2,487,37,6,410265,3385825,488,0,7,-80.78
531701,410210.0,3386030.0,29,240,6,2,2585.0,9.2,487,37,6,410240,3385810,488,0,7,-69.67
531701,410210.0,3386030.0,29,240,6,2,2585.0,9.2,487,37,6,410250,3385820,488,0,7,-74.0
531701,410210.0,3386030.0,29,240,6,2,2585.0,9.2,487,37,6,410085,3385785,489,0,6,-90.5
531701,410210.0,3386030.0,29,240,6,2,2585.0,9.2,487,37,6,410040,3385750,490,0,6,-74.63
531701,410210.0,3386030.0,29,240,6,2,2585.0,9.2,487,37,6,410075,3385735,490,0,6,-75.05
531701,410210.0,3386030.0,29,240,6,2,2585.0,9.2,487,37,6,410070,3385740,490,0,6,-74.63
531701,410210.0,3386030.0,29,240,6,2,2585.0,9.2,487,37,6,410035,3385695,490,0,7,-80.0
531701,410210.0,3386030.0,29,240,6,2,2585.0,9.2,487,37,6,410065,3385725,490,0,7,-78.71
531701,410210.0,3386030.0,29,240,6,2,2585.0,9.2,487,37,6,410045,3385745,490,0,7,-76.02
531701,410210.0,3386030.0,29,240,6,2,2585.0,9.2,487,37,6,410060,3385730,490,0,7,-78.34
531701,410210.0,3386030.0,29,240,6,2,2585.0,9.2,487,37,6,410030,3385700,490,0,7,-83.0
531701,410210.0,3386030.0,29,240,6,2,2585.0,9.2,487,37,6,410010,3385720,490,0,6,-81.79
531701,410210.0,3386030.0,29,240,6,2,2585.0,9.2,487,37,6,410015,3385715,490,0,7,-87.44
531701,410210.0,3386030.0,29,240,6,2,2585.0,9.2,487,37,6,410005,3385705,490,0,6,-87.13
531701,410210.0,3386030.0,29,240,6,2,2585.0,9.2,487,37,6,410055,3385755,490,0,6,-77.0
531701,410210.0,3386030.0,29,240,6,2,2585.0,9.2,487,37,6,410275,3385815,488,0,7,-81.5
531701,410210.0,3386030.0,29,240,6,2,2585.0,9.2,487,37,6,410265,3385805,488,0,6,-76.0
531701,410210.0,3386030.0,29,240,6,2,2585.0,9.2,487,37,6,410340,3385890,487,0,7,-75.5
531701,410210.0,3386030.0,29,240,6,2,2585.0,9.2,487,37,6,410260,3385810,488,0,6,-76.24
531701,410210.0,3386030.0,29,240,6,2,2585.0,9.2,487,37,6,410270,3385820,488,0,7,-78.44
531701,410210.0,3386030.0,29,240,6,2,2585.0,9.2,487,37,6,410350,3385900,487,0,6,-84.5
531701,410210.0,3386030.0,29,240,6,2,2585.0,9.2,487,37,6,410040,3385880,491,14,5,-89.5
531701,410210.0,3386030.0,29,240,6,2,2585.0,9.2,487,37,6,410230,3385690,489,0,7,-90.33
531701,410210.0,3386030.0,29,240,6,2,2585.0,9.2,487,37,6,410095,3385665,490,0,7,-89.5
531701,410210.0,3386030.0,29,240,6,2,2585.0,9.2,487,37,6,410065,3385855,490,0,5,-83.33
531701,410210.0,3386030.0,29,240,6,2,2585.0,9.2,487,37,6,410050,3385870,490,14,5,-86.5
531701,410210.0,3386030.0,29,240,6,2,2585.0,9.2,487,37,6,409985,3385775,490,0,6,-83.0
531701,410210.0,3386030.0,29,240,6,2,2585.0,9.2,487,37,6,410185,3385735,489,0,6,-88.61
531701,410210.0,3386030.0,29,240,6,2,2585.0,9.2,487,37,6,410160,3385760,488,0,6,-85.0
531701,410210.0,3386030.0,29,240,6,2,2585.0,9.2,487,37,6,410220,3385700,489,0,7,-84.77
531701,410210.0,3386030.0,29,240,6,2,2585.0,9.2,487,37,6,410170,3385750,488,0,6,-86.84
531701,410210.0,3386030.0,29,240,6,2,2585.0,9.2,487,37,6,410175,3385745,488,0,6,-88.44
531701,410210.0,3386030.0,29,240,6,2,2585.0,9.2,487,37,6,410195,3385725,489,0,7,-85.06
531701,410210.0,3386030.0,29,240,6,2,2585.0,9.2,487,37,6,410085,3385675,490,0,7,-91.2
531701,410210.0,3386030.0,29,240,6,2,2585.0,9.2,487,37,6,410225,3385695,489,0,7,-88.8
531701,410210.0,3386030.0,29,240,6,2,2585.0,9.2,487,37,6,410200,3385720,489,0,7,-84.36
531701,410210.0,3386030.0,29,240,6,2,2585.0,9.2,487,37,6,410080,3385680,490,0,7,-90.33
531701,410210.0,3386030.0,29,240,6,2,2585.0,9.2,487,37,6,410165,3385755,488,0,6,-87.71
531701,410210.0,3386030.0,29,240,6,2,2585.0,9.2,487,37,6,410210,3385710,489,0,7,-86.25
531701,410210.0,3386030.0,29,240,6,2,2585.0,9.2,487,37,6,409990,3385770,490,0,6,-80.33
531701,410210.0,3386030.0,29,240,6,2,2585.0,9.2,487,37,6,410045,3385875,491,14,5,-101.33
531701,410210.0,3386030.0,29,240,6,2,2585.0,9.2,487,37,6,410180,3385740,489,0,6,-88.53
531701,410210.0,3386030.0,29,240,6,2,2585.0,9.2,487,37,6,410205,3385715,489,0,7,-85.04
531701,410210.0,3386030.0,29,240,6,2,2585.0,9.2,487,37,6,410215,3385705,489,0,7,-86.07
531701,410210.0,3386030.0,29,240,6,2,2585.0,9.2,487,37,6,410060,3385860,490,0,5,-84.25
531701,410210.0,3386030.0,29,240,6,2,2585.0,9.2,487,37,6,410055,3385865,490,0,5,-84.75
531701,410210.0,3386030.0,29,240,6,2,2585.0,9.2,487,37,6,410190,3385730,489,0,6,-89.13
531701,410210.0,3386030.0,29,240,6,2,2585.0,9.2,487,37,6,409995,3385765,490,0,6,-78.69
531701,410210.0,3386030.0,29,240,6,2,2585.0,9.2,487,37,6,410235,3385685,489,0,7,-97.33
531701,410210.0,3386030.0,29,240,6,2,2585.0,9.2,487,37,6,407265,3386950,492,0,5,-96.67
531701,410210.0,3386030.0,29,240,6,2,2585.0,9.2,487,37,6,407260,3386945,492,0,15,-101.0
531701,410210.0,3386030.0,29,240,6,2,2585.0,9.2,487,37,6,407270,3386955,492,0,5,-97.33
531701,410210.0,3386030.0,29,240,6,2,2585.0,9.2,487,37,6,407255,3386940,492,0,15,-99.0
531701,410210.0,3386030.0,29,240,6,2,2585.0,9.2,487,37,6,409970,3386035,490,0,6,-90.5
531701,410210.0,3386030.0,29,240,6,2,2585.0,9.2,487,37,6,410070,3385935,489,14,14,-91.33
531701,410210.0,3386030.0,29,240,6,2,2585.0,9.2,487,37,6,409995,3386020,490,0,6,-86.5
531701,410210.0,3386030.0,29,240,6,2,2585.0,9.2,487,37,6,409980,3386005,491,0,5,-85.5
531701,410210.0,3386030.0,29,240,6,2,2585.0,9.2,487,37,6,410065,3385930,490,14,14,-88.0
531701,410210.0,3386030.0,29,240,6,2,2585.0,9.2,487,37,6,410010,3385995,491,0,5,-79.0
531701,410210.0,3386030.0,29,240,6,2,2585.0,9.2,487,37,6,409975,3386040,489,0,6,-86.5
531701,410210.0,3386030.0,29,240,6,2,2585.0,9.2,487,37,6,409990,3386015,490,0,6,-83.5
531701,410210.0,3386030.0,29,240,6,2,2585.0,9.2,487,37,6,410000,3385985,491,0,6,-76.5
531701,410210.0,3386030.0,29,240,6,2,2585.0,9.2,487,37,6,409985,3386010,491,0,6,-82.0
531701,410210.0,3386030.0,29,240,6,2,2585.0,9.2,487,37,6,407255,3386960,492,0,15,-96.0
531701,410210.0,3386030.0,29,240,6,2,2585.0,9.2,487,37,6,407275,3386940,492,0,7,-104.5
531701,410210.0,3386030.0,29,240,6,2,2585.0,9.2,487,37,6,410280,3385820,488,0,7,-79.25
531701,410210.0,3386030.0,29,240,6,2,2585.0,9.2,487,37,6,410335,3385845,487,0,7,-82.5
531701,410210.0,3386030.0,29,240,6,2,2585.0,9.2,487,37,6,410240,3385780,488,0,6,-86.0
531701,410210.0,3386030.0,29,240,6,2,2585.0,9.2,487,37,6,410355,3385865,486,0,6,-90.5
531701,410210.0,3386030.0,29,240,6,2,2585.0,9.2,487,37,6,410305,3385835,487,0,7,-81.45
531701,410210.0,3386030.0,29,240,6,2,2585.0,9.2,487,37,6,410260,3385800,488,0,7,-78.4
531701,410210.0,3386030.0,29,240,6,2,2585.0,9.2,487,37,6,410310,3385830,487,0,7,-79.89
531701,410210.0,3386030.0,29,240,6,2,2585.0,9.2,487,37,6,410300,3385840,488,0,7,-81.74
531701,410210.0,3386030.0,29,240,6,2,2585.0,9.2,487,37,6,410250,3385770,488,0,6,-76.18
531701,410210.0,3386030.0,29,240,6,2,2585.0,9.2,487,37,6,410245,3385775,488,0,6,-81.7
531701,410210.0,3386030.0,29,240,6,2,2585.0,9.2,487,37,6,410255,3385765,488,0,6,-84.5
531701,410210.0,3386030.0,29,240,6,2,2585.0,9.2,487,37,6,410315,3385825,487,0,7,-83.0
531701,410210.0,3386030.0,29,240,6,2,2585.0,9.2,487,37,6,410265,3385795,488,0,6,-84.0
531701,410210.0,3386030.0,29,240,6,2,2585.0,9.2,487,37,6,409995,3385505,488,0,5,-84.5
531701,410210.0,3386030.0,29,240,6,2,2585.0,9.2,487,37,6,410245,3385985,487,0,7,-83.8
531701,410210.0,3386030.0,29,240,6,2,2585.0,9.2,487,37,6,410270,3385980,487,0,7,-94.67
531701,410210.0,3386030.0,29,240,6,2,2585.0,9.2,487,37,6,410200,3386005,487,0,7,-88.5
531701,410210.0,3386030.0,29,240,6,2,2585.0,9.2,487,37,6,410180,3386065,487,37,5,-102.0
531701,410210.0,3386030.0,29,240,6,2,2585.0,9.2,487,37,6,410215,3386020,487,0,7,-95.67
531701,410210.0,3386030.0,29,240,6,2,2585.0,9.2,487,37,6,410210,3386015,487,0,7,-88.4
531701,410210.0,3386030.0,29,240,6,2,2585.0,9.2,487,37,6,410220,3386025,487,0,6,-93.5
531701,410210.0,3386030.0,29,240,6,2,2585.0,9.2,487,37,6,410170,3386055,486,0,5,-97.67
531701,410210.0,3386030.0,29,240,6,2,2585.0,9.2,487,37,6,410280,3385830,488,0,7,-79.04
531701,410210.0,3386030.0,29,240,6,2,2585.0,9.2,487,37,6,410330,3385880,487,0,6,-81.0
531701,410210.0,3386030.0,29,240,6,2,2585.0,9.2,487,37,6,410285,3385825,488,0,7,-79.2
531701,410210.0,3386030.0,29,240,6,2,2585.0,9.2,487,37,6,410260,3385770,488,0,6,-95.5
531701,410210.0,3386030.0,29,240,6,2,2585.0,9.2,487,37,6,410250,3385800,488,0,7,-77.35
531701,410210.0,3386030.0,29,240,6,2,2585.0,9.2,487,37,6,410245,3385785,488,0,6,-83.11
531701,410210.0,3386030.0,29,240,6,2,2585.0,9.2,487,37,6,410290,3385840,488,0,7,-81.57
531701,410210.0,3386030.0,29,240,6,2,2585.0,9.2,487,37,6,410295,3385835,488,0,7,-79.0
531701,410210.0,3386030.0,29,240,6,2,2585.0,9.2,487,37,6,410255,3385795,488,0,6,-76.82
531701,410210.0,3386030.0,29,240,6,2,2585.0,9.2,487,37,6,410245,3385725,489,0,6,-83.96
531701,410210.0,3386030.0,29,240,6,2,2585.0,9.2,487,37,6,410285,3385685,488,0,7,-94.3
531701,410210.0,3386030.0,29,240,6,2,2585.0,9.2,487,37,6,410250,3385740,488,0,6,-86.13
531701,410210.0,3386030.0,29,240,6,2,2585.0,9.2,487,37,6,410280,3385690,488,0,7,-95.69
531701,410210.0,3386030.0,29,240,6,2,2585.0,9.2,487,37,6,410350,3385680,487,0,6,-85.89
531701,410210.0,3386030.0,29,240,6,2,2585.0,9.2,487,37,6,410290,3385700,488,0,7,-91.44
531701,410210.0,3386030.0,29,240,6,2,2585.0,9.2,487,37,6,410345,3385665,487,0,7,-87.8
531701,410210.0,3386030.0,29,240,6,2,2585.0,9.2,487,37,6,410265,3385745,488,0,6,-88.6
531701,410210.0,3386030.0,29,240,6,2,2585.0,9.2,487,37,6,410340,3385670,487,0,7,-92.33
531701,410210.0,3386030.0,29,240,6,2,2585.0,9.2,487,37,6,410295,3385695,488,0,7,-91.88
531701,410210.0,3386030.0,29,240,6,2,2585.0,9.2,487,37,6,410305,3385705,488,0,7,-92.09
531701,410210.0,3386030.0,29,240,6,2,2585.0,9.2,487,37,6,410315,3385715,487,0,7,-85.29
531701,410210.0,3386030.0,29,240,6,2,2585.0,9.2,487,37,6,410355,3385675,487,0,6,-89.0
531701,410210.0,3386030.0,29,240,6,2,2585.0,9.2,487,37,6,410310,3385720,487,0,7,-85.66
531701,410210.0,3386030.0,29,240,6,2,2585.0,9.2,487,37,6,410300,3385710,488,0,7,-90.04
531701,410210.0,3386030.0,29,240,6,2,2585.0,9.2,487,37,6,410260,3385750,488,0,6,-83.88
531701,410210.0,3386030.0,29,240,6,2,2585.0,9.2,487,37,6,410275,3385755,488,0,6,-90.31
531701,410210.0,3386030.0,29,240,6,2,2585.0,9.2,487,37,6,410240,3385730,489,0,6,-86.4
531701,410210.0,3386030.0,29,240,6,2,2585.0,9.2,487,37,6,410255,3385735,488,0,6,-86.0
531701,410210.0,3386030.0,29,240,6,2,2585.0,9.2,487,37,6,410055,3385780,489,0,6,-76.5
531701,410210.0,3386030.0,29,240,6,2,2585.0,9.2,487,37,6,410220,3385625,488,0,7,-91.33
531701,410210.0,3386030.0,29,240,6,2,2585.0,9.2,487,37,6,410235,3385640,488,0,7,-94.0
531701,410210.0,3386030.0,29,240,6,2,2585.0,9.2,487,37,6,410115,3385760,489,0,6,-84.5
531701,410210.0,3386030.0,29,240,6,2,2585.0,9.2,487,37,6,410000,3385805,490,0,6,-81.33
531701,410210.0,3386030.0,29,240,6,2,2585.0,9.2,487,37,6,410095,3385740,490,0,6,-75.63
531701,410210.0,3386030.0,29,240,6,2,2585.0,9.2,487,37,6,410150,3385715,489,0,7,-85.0
531701,410210.0,3386030.0,29,240,6,2,2585.0,9.2,487,37,6,410195,3385680,489,0,7,-90.17
531701,410210.0,3386030.0,29,240,6,2,2585.0,9.2,487,37,6,410120,3385685,490,0,7,-93.67
531701,410210.0,3386030.0,29,240,6,2,2585.0,9.2,487,37,6,410145,3385710,489,0,7,-85.25
531701,410210.0,3386030.0,29,240,6,2,2585.0,9.2,487,37,6,410155,3385720,489,0,7,-84.2
531701,410210.0,3386030.0,29,240,6,2,2585.0,9.2,487,37,6,410080,3385725,490,0,7,-77.63
531701,410210.0,3386030.0,29,240,6,2,2585.0,9.2,487,37,6,410125,3385690,490,0,7,-91.78
531701,410210.0,3386030.0,29,240,6,2,2585.0,9.2,487,37,6,410135,3385700,489,0,7,-79.5
531701,410210.0,3386030.0,29,240,6,2,2585.0,9.2,487,37,6,410185,3385670,489,0,7,-86.2
531701,410210.0,3386030.0,29,240,6,2,2585.0,9.2,487,37,6,410130,3385695,490,0,7,-79.5
531701,410210.0,3386030.0,29,240,6,2,2585.0,9.2,487,37,6,410085,3385730,490,0,6,-77.62
531701,410210.0,3386030.0,29,240,6,2,2585.0,9.2,487,37,6,410190,3385675,489,0,7,-94.2
531701,410210.0,3386030.0,29,240,6,2,2585.0,9.2,487,37,6,410140,3385705,489,0,7,-81.67
531701,410210.0,3386030.0,29,240,6,2,2585.0,9.2,487,37,6,410105,3385750,489,0,6,-79.88
531701,410210.0,3386030.0,29,240,6,2,2585.0,9.2,487,37,6,410100,3385745,489,0,7,-79.05
531701,410210.0,3386030.0,29,240,6,2,2585.0,9.2,487,37,6,410225,3385630,488,0,7,-85.8
531701,410210.0,3386030.0,29,240,6,2,2585.0,9.2,487,37,6,410110,3385755,489,0,6,-82.1
531701,410210.0,3386030.0,29,240,6,2,2585.0,9.2,487,37,6,410005,3385810,490,0,6,-81.25
531701,410210.0,3386030.0,29,240,6,2,2585.0,9.2,487,37,6,409965,3385850,491,0,7,-96.25
531701,410210.0,3386030.0,29,240,6,2,2585.0,9.2,487,37,6,410090,3385735,490,0,6,-78.67
531701,410210.0,3386030.0,29,240,6,2,2585.0,9.2,487,37,6,409970,3385990,492,0,5,-78.67
531701,410210.0,3386030.0,29,240,6,2,2585.0,9.2,487,37,6,409960,3386000,492,0,5,-79.33
531701,410210.0,3386030.0,29,240,6,2,2585.0,9.2,487,37,6,409975,3385985,492,0,5,-75.4
531701,410210.0,3386030.0,29,240,6,2,2585.0,9.2,487,37,6,409990,3385970,492,0,6,-78.5
531701,410210.0,3386030.0,29,240,6,2,2585.0,9.2,487,37,6,410000,3386040,489,0,6,-91.5
531701,410210.0,3386030.0,29,240,6,2,2585.0,9.2,487,37,6,409985,3385975,492,0,6,-75.0
531701,410210.0,3386030.0,29,240,6,2,2585.0,9.2,487,37,6,410175,3385985,487,0,7,-86.0
531701,410210.0,3386030.0,29,240,6,2,2585.0,9.2,487,37,6,410165,3385995,487,0,7,-86.0
531701,410210.0,3386030.0,29,240,6,2,2585.0,9.2,487,37,6,410185,3385975,487,0,7,-78.25
531701,410210.0,3386030.0,29,240,6,2,2585.0,9.2,487,37,6,410195,3385965,487,0,7,-83.5
531701,410210.0,3386030.0,29,240,6,2,2585.0,9.2,487,37,6,410180,3385980,487,0,7,-81.71
531701,410210.0,3386030.0,29,240,6,2,2585.0,9.2,487,37,6,410170,3385990,487,0,7,-81.67
531701,410210.0,3386030.0,29,240,6,2,2585.0,9.2,487,37,6,410065,3385915,490,14,5,-99.0
531701,410210.0,3386030.0,29,240,6,2,2585.0,9.2,487,37,6,409990,3385830,491,0,6,-90.2
531701,410210.0,3386030.0,29,240,6,2,2585.0,9.2,487,37,6,410190,3385710,489,0,7,-86.5
531701,410210.0,3386030.0,29,240,6,2,2585.0,9.2,487,37,6,409995,3385825,491,0,6,-87.86
531701,410210.0,3386030.0,29,240,6,2,2585.0,9.2,487,37,6,410165,3385695,489,0,7,-87.0
531701,410210.0,3386030.0,29,240,6,2,2585.0,9.2,487,37,6,410225,3385755,488,0,6,-90.36
531701,410210.0,3386030.0,29,240,6,2,2585.0,9.2,487,37,6,410140,3385680,489,0,7,-96.63
531701,410210.0,3386030.0,29,240,6,2,2585.0,9.2,487,37,6,410180,3385720,489,0,7,-86.96
531701,410210.0,3386030.0,29,240,6,2,2585.0,9.2,487,37,6,410200,3385740,489,0,6,-91.22
531701,410210.0,3386030.0,29,240,6,2,2585.0,9.2,487,37,6,410210,3385730,489,0,6,-90.77
531701,410210.0,3386030.0,29,240,6,2,2585.0,9.2,487,37,6,410215,3385725,489,0,7,-87.05
531701,410210.0,3386030.0,29,240,6,2,2585.0,9.2,487,37,6,410195,3385705,489,0,7,-85.67
531701,410210.0,3386030.0,29,240,6,2,2585.0,9.2,487,37,6,410175,3385685,489,0,7,-96.5
531701,410210.0,3386030.0,29,240,6,2,2585.0,9.2,487,37,6,410150,3385670,489,0,7,-94.5
531701,410210.0,3386030.0,29,240,6,2,2585.0,9.2,487,37,6,410205,3385735,489,0,6,-90.83
531701,410210.0,3386030.0,29,240,6,2,2585.0,9.2,487,37,6,410160,3385700,489,0,7,-85.11
531701,410210.0,3386030.0,29,240,6,2,2585.0,9.2,487,37,6,410235,3385745,488,0,6,-91.91
531701,410210.0,3386030.0,29,240,6,2,2585.0,9.2,487,37,6,410170,3385690,489,0,7,-98.33
531701,410210.0,3386030.0,29,240,6,2,2585.0,9.2,487,37,6,410155,3385665,489,0,7,-92.0
531701,410210.0,3386030.0,29,240,6,2,2585.0,9.2,487,37,6,410185,3385715,489,0,7,-87.35
531701,410210.0,3386030.0,29,240,6,2,2585.0,9.2,487,37,6,410055,3385885,490,14,5,-98.5
531701,410210.0,3386030.0,29,240,6,2,2585.0,9.2,487,37,6,410230,3385750,488,0,6,-91.14
531701,410210.0,3386030.0,29,240,6,2,2585.0,9.2,487,37,6,410220,3385760,488,0,6,-90.6
531701,410210.0,3386030.0,29,240,6,2,2585.0,9.2,487,37,6,410040,3385900,491,14,5,-89.0
531701,410210.0,3386030.0,29,240,6,2,2585.0,9.2,487,37,6,410250,3385610,487,0,7,-91.33
531701,410210.0,3386030.0,29,240,6,2,2585.0,9.2,487,37,6,410240,3385620,487,0,7,-83.5
531701,410210.0,3386030.0,29,240,6,2,2585.0,9.2,487,37,6,410345,3385715,487,0,6,-89.0
531701,410210.0,3386030.0,29,240,6,2,2585.0,9.2,487,37,6,410305,3385675,488,0,7,-100.6
531701,410210.0,3386030.0,29,240,6,2,2585.0,9.2,487,37,6,410300,3385680,488,0,7,-98.5
531701,410210.0,3386030.0,29,240,6,2,2585.0,9.2,487,37,6,410355,3385705,487,0,6,-86.0
531701,410210.0,3386030.0,29,240,6,2,2585.0,9.2,487,37,6,410280,3385660,488,0,7,-93.0
531701,410210.0,3386030.0,29,240,6,2,2585.0,9.2,487,37,6,410330,3385690,487,0,7,-87.23
531701,410210.0,3386030.0,29,240,6,2,2585.0,9.2,487,37,6,410335,3385685,487,0,7,-87.29
531701,410210.0,3386030.0,29,240,6,2,2585.0,9.2,487,37,6,410325,3385695,487,0,7,-87.52
531701,410210.0,3386030.0,29,240,6,2,2585.0,9.2,487,37,6,410320,3385700,487,0,7,-90.45
531701,410210.0,3386030.0,29,240,6,2,2585.0,9.2,487,37,6,410350,3385710,487,0,6,-88.4
531701,410210.0,3386030.0,29,240,6,2,2585.0,9.2,487,37,6,410340,3385720,487,0,6,-85.45
531701,410210.0,3386030.0,29,240,6,2,2585.0,9.2,487,37,6,410260,3385640,488,0,7,-82.0
531701,410210.0,3386030.0,29,240,6,2,2585.0,9.2,487,37,6,410205,3385140,486,0,6,-93.5
531701,410210.0,3386030.0,29,240,6,2,2585.0,9.2,487,37,6,410260,3385780,488,0,6,-80.5
531701,410210.0,3386030.0,29,240,6,2,2585.0,9.2,487,37,6,410285,3385835,488,0,7,-80.5
531701,410210.0,3386030.0,29,240,6,2,2585.0,9.2,487,37,6,410245,3385795,488,0,6,-83.17
531701,410210.0,3386030.0,29,240,6,2,2585.0,9.2,487,37,6,410250,3385790,488,0,6,-78.64
531701,410210.0,3386030.0,29,240,6,2,2585.0,9.2,487,37,6,410290,3385830,488,0,7,-78.9
531701,410210.0,3386030.0,29,240,6,2,2585.0,9.2,487,37,6,410255,3385785,488,0,6,-79.4
531701,410210.0,3386030.0,29,240,6,2,2585.0,9.2,487,37,6,410280,3385840,488,0,7,-77.17
531701,410210.0,3386030.0,29,240,6,2,2585.0,9.2,487,37,6,410295,3385825,488,0,7,-79.0
531701,410210.0,3386030.0,29,240,6,2,2585.0,9.2,487,37,6,410240,3385800,488,0,7,-71.4
531701,410210.0,3386030.0,29,240,6,2,2585.0,9.2,487,37,6,410120,3386100,488,26,12,-94.0
531701,410210.0,3386030.0,29,240,6,2,2585.0,9.2,487,37,6,410130,3386090,488,26,12,-106.5
531701,410210.0,3386030.0,29,240,6,2,2585.0,9.2,487,37,6,410040,3386020,489,26,5,-77.33
531701,410210.0,3386030.0,29,240,6,2,2585.0,9.2,487,37,6,409990,3385950,493,0,6,-80.0
531701,410210.0,3386030.0,29,240,6,2,2585.0,9.2,487,37,6,409985,3385955,493,0,6,-79.67
531701,410210.0,3386030.0,29,240,6,2,2585.0,9.2,487,37,6,410045,3385930,490,14,14,-98.5
531701,410210.0,3386030.0,29,240,6,2,2585.0,9.2,487,37,6,410055,3385940,490,14,14,-87.0
531701,410210.0,3386030.0,29,240,6,2,2585.0,9.2,487,37,6,410040,3385925,490,14,14,-92.83
531701,410210.0,3386030.0,29,240,6,2,2585.0,9.2,487,37,6,409990,3386035,489,0,6,-90.0
531701,410210.0,3386030.0,29,240,6,2,2585.0,9.2,487,37,6,409980,3386025,490,0,5,-86.2
531701,410210.0,3386030.0,29,240,6,2,2585.0,9.2,487,37,6,410165,3386130,488,0,5,-105.0
531701,410210.0,3386030.0,29,240,6,2,2585.0,9.2,487,37,6,409975,3386020,490,0,5,-84.25
531701,410210.0,3386030.0,29,240,6,2,2585.0,9.2,487,37,6,409985,3386030,490,0,6,-88.67
531701,410210.0,3386030.0,29,240,6,2,2585.0,9.2,487,37,6,410175,3386140,488,37,12,-106.0
531701,410210.0,3386030.0,29,240,6,2,2585.0,9.2,487,37,6,410295,3385845,488,0,7,-76.67
531701,410210.0,3386030.0,29,240,6,2,2585.0,9.2,487,37,6,410290,3385850,488,0,7,-77.33
531701,410210.0,3386030.0,29,240,6,2,2585.0,9.2,487,37,6,410290,3385820,488,0,7,-84.5
531701,410210.0,3386030.0,29,240,6,2,2585.0,9.2,487,37,6,410260,3385790,488,0,6,-88.0
531701,410210.0,3386030.0,29,240,6,2,2585.0,9.2,487,37,6,410240,3385770,488,0,6,-84.0
531701,410210.0,3386030.0,29,240,6,2,2585.0,9.2,487,37,6,410310,3385840,487,0,7,-83.33
531701,410210.0,3386030.0,29,240,6,2,2585.0,9.2,487,37,6,410325,3385845,487,0,7,-84.0
531701,410210.0,3386030.0,29,240,6,2,2585.0,9.2,487,37,6,410315,3385835,487,0,7,-81.7
531701,410210.0,3386030.0,29,240,6,2,2585.0,9.2,487,37,6,410250,3385780,488,0,6,-78.11
531701,410210.0,3386030.0,29,240,6,2,2585.0,9.2,487,37,6,410245,3385765,488,0,6,-81.88
531701,410210.0,3386030.0,29,240,6,2,2585.0,9.2,487,37,6,410335,3385855,487,0,7,-83.0
531701,410210.0,3386030.0,29,240,6,2,2585.0,9.2,487,37,6,410305,3385825,487,0,7,-79.67
531701,410210.0,3386030.0,29,240,6,2,2585.0,9.2,487,37,6,410300,3385830,488,0,7,-79.55
531701,410210.0,3386030.0,29,240,6,2,2585.0,9.2,487,37,6,410350,3385880,487,0,6,-84.5
531701,410210.0,3386030.0,29,240,6,2,2585.0,9.2,487,37,6,410130,3386015,487,26,7,-88.67
531701,410210.0,3386030.0,29,240,6,2,2585.0,9.2,487,37,6,410185,3385990,487,0,7,-80.45
531701,410210.0,3386030.0,29,240,6,2,2585.0,9.2,487,37,6,410190,3385995,487,0,7,-82.1
531701,410210.0,3386030.0,29,240,6,2,2585.0,9.2,487,37,6,410175,3385980,487,0,7,-88.67
531701,410210.0,3386030.0,29,240,6,2,2585.0,9.2,487,37,6,410195,3386000,487,0,7,-82.11
531701,410210.0,3386030.0,29,240,6,2,2585.0,9.2,487,37,6,410180,3385985,487,0,7,-82.33
531701,410210.0,3386030.0,29,240,6,2,2585.0,9.2,487,37,6,410170,3385975,487,0,7,-79.5
531701,410210.0,3386030.0,29,240,6,2,2585.0,9.2,487,37,6,410105,3385545,488,0,12,-89.5
531701,410210.0,3386030.0,29,240,6,2,2585.0,9.2,487,37,6,410325,3385725,487,0,6,-83.6
531701,410210.0,3386030.0,29,240,6,2,2585.0,9.2,487,37,6,410250,3385660,488,0,6,-85.13
531701,410210.0,3386030.0,29,240,6,2,2585.0,9.2,487,37,6,410375,3385695,487,0,6,-89.7
531701,410210.0,3386030.0,29,240,6,2,2585.0,9.2,487,37,6,410270,3385680,488,0,7,-87.91
531701,410210.0,3386030.0,29,240,6,2,2585.0,9.2,487,37,6,410370,3385700,487,0,6,-87.16
531701,410210.0,3386030.0,29,240,6,2,2585.0,9.2,487,37,6,410330,3385740,487,0,6,-90.33
531701,410210.0,3386030.0,29,240,6,2,2585.0,9.2,487,37,6,410345,3385745,487,0,6,-92.0
531701,410210.0,3386030.0,29,240,6,2,2585.0,9.2,487,37,6,410360,3385690,487,0,6,-88.27
531701,410210.0,3386030.0,29,240,6,2,2585.0,9.2,487,37,6,410335,3385735,487,0,6,-85.5
531701,410210.0,3386030.0,29,240,6,2,2585.0,9.2,487,37,6,410365,3385685,487,0,6,-88.57
531701,410210.0,3386030.0,29,240,6,2,2585.0,9.2,487,37,6,410255,3385655,488,0,6,-85.19
531701,410210.0,3386030.0,29,240,6,2,2585.0,9.2,487,37,6,410265,3385665,488,0,6,-84.96
531701,410210.0,3386030.0,29,240,6,2,2585.0,9.2,487,37,6,410260,3385670,488,0,7,-87.44
531701,410210.0,3386030.0,29,240,6,2,2585.0,9.2,487,37,6,410320,3385730,487,0,6,-85.5
531701,410210.0,3386030.0,29,240,6,2,2585.0,9.2,487,37,6,410245,3385645,488,0,7,-91.2
531701,410210.0,3386030.0,29,240,6,2,2585.0,9.2,487,37,6,410275,3385675,488,0,7,-89.21
531701,410210.0,3386030.0,29,240,6,2,2585.0,9.2,487,37,6,410310,3385845,487,0,7,-91.67
531701,410210.0,3386030.0,29,240,6,2,2585.0,9.2,487,37,6,410365,3385800,487,0,6,-85.0
531701,410210.0,3386030.0,29,240,6,2,2585.0,9.2,487,37,6,410335,3385830,487,0,7,-82.4
531701,410210.0,3386030.0,29,240,6,2,2585.0,9.2,487,37,6,410345,3385820,487,0,6,-84.9
531701,410210.0,3386030.0,29,240,6,2,2585.0,9.2,487,37,6,410355,3385810,487,0,6,-85.14
531701,410210.0,3386030.0,29,240,6,2,2585.0,9.2,487,37,6,410330,3385825,487,0,7,-80.92
531701,410210.0,3386030.0,29,240,6,2,2585.0,9.2,487,37,6,410360,3385795,487,0,6,-79.5
531701,410210.0,3386030.0,29,240,6,2,2585.0,9.2,487,37,6,410350,3385805,487,0,6,-82.5
531701,410210.0,3386030.0,29,240,6,2,2585.0,9.2,487,37,6,410325,3385840,487,0,7,-85.62
531701,410210.0,3386030.0,29,240,6,2,2585.0,9.2,487,37,6,410305,3385860,488,0,7,-77.75
531701,410210.0,3386030.0,29,240,6,2,2585.0,9.2,487,37,6,410320,3385835,487,0,7,-82.48
531701,410210.0,3386030.0,29,240,6,2,2585.0,9.2,487,37,6,410315,3385850,487,0,7,-84.0
531701,410210.0,3386030.0,29,240,6,2,2585.0,9.2,487,37,6,409955,3385995,492,0,5,-83.0
531701,410210.0,3386030.0,29,240,6,2,2585.0,9.2,487,37,6,410055,3386015,489,26,5,-79.0
531701,410210.0,3386030.0,29,240,6,2,2585.0,9.2,487,37,6,409985,3385945,493,0,6,-80.8
531701,410210.0,3386030.0,29,240,6,2,2585.0,9.2,487,37,6,410245,3385655,488,0,7,-88.67
531701,410210.0,3386030.0,29,240,6,2,2585.0,9.2,487,37,6,410335,3385725,487,0,6,-85.27
531701,410210.0,3386030.0,29,240,6,2,2585.0,9.2,487,37,6,410240,3385660,488,0,7,-88.5
531701,410210.0,3386030.0,29,240,6,2,2585.0,9.2,487,37,6,410250,3385650,488,0,7,-83.67
531701,410210.0,3386030.0,29,240,6,2,2585.0,9.2,487,37,6,410270,3385670,488,0,7,-88.9
531701,410210.0,3386030.0,29,240,6,2,2585.0,9.2,487,37,6,410370,3385690,487,0,6,-89.13
531701,410210.0,3386030.0,29,240,6,2,2585.0,9.2,487,37,6,410275,3385665,488,0,7,-95.2
531701,410210.0,3386030.0,29,240,6,2,2585.0,9.2,487,37,6,410330,3385730,487,0,6,-86.2
531701,410210.0,3386030.0,29,240,6,2,2585.0,9.2,487,37,6,410325,3385735,487,0,6,-93.33
531701,410210.0,3386030.0,29,240,6,2,2585.0,9.2,487,37,6,410375,3385685,487,0,6,-80.67
531701,410210.0,3386030.0,29,240,6,2,2585.0,9.2,487,37,6,410395,3385705,487,0,6,-93.33
531701,410210.0,3386030.0,29,240,6,2,2585.0,9.2,487,37,6,410320,3385740,487,0,6,-91.5
531701,410210.0,3386030.0,29,240,6,2,2585.0,9.2,487,37,6,410260,3385680,488,0,6,-87.5
531701,410210.0,3386030.0,29,240,6,2,2585.0,9.2,487,37,6,410365,3385695,487,0,6,-86.0
531701,410210.0,3386030.0,29,240,6,2,2585.0,9.2,487,37,6,410265,3385675,488,0,6,-86.56
531701,410210.0,3386030.0,29,240,6,2,2585.0,9.2,487,37,6,410360,3385700,487,0,6,-85.65
531701,410210.0,3386030.0,29,240,6,2,2585.0,9.2,487,37,6,410255,3385645,488,0,7,-85.37
531701,410210.0,3386030.0,29,240,6,2,2585.0,9.2,487,37,6,407400,3386860,493,0,10,-98.5
531701,410210.0,3386030.0,29,240,6,2,2585.0,9.2,487,37,6,409990,3385485,488,0,5,-84.5
531701,410210.0,3386030.0,29,240,6,2,2585.0,9.2,487,37,6,409985,3385500,488,0,5,-84.0
531701,410210.0,3386030.0,29,240,6,2,2585.0,9.2,487,37,6,409890,3385710,486,0,7,-88.0
531701,410210.0,3386030.0,29,240,6,2,2585.0,9.2,487,37,6,410200,3386040,487,37,6,-122.17
531701,410210.0,3386030.0,29,240,6,2,2585.0,9.2,487,37,6,409860,3385740,488,0,6,-88.5
531701,410210.0,3386030.0,29,240,6,2,2585.0,9.2,487,37,6,410185,3386055,487,37,5,-119.33
531701,410210.0,3386030.0,29,240,6,2,2585.0,9.2,487,37,6,410105,3385975,488,0,7,-81.0
531701,410210.0,3386030.0,29,240,6,2,2585.0,9.2,487,37,6,410230,3386010,487,37,7,-91.0
531701,410210.0,3386030.0,29,240,6,2,2585.0,9.2,487,37,6,410175,3386065,487,37,5,-93.0
531701,410210.0,3386030.0,29,240,6,2,2585.0,9.2,487,37,6,410160,3386080,487,0,5,-95.0
531701,410210.0,3386030.0,29,240,6,2,2585.0,9.2,487,37,6,410050,3385695,490,0,7,-77.67
531701,410210.0,3386030.0,29,240,6,2,2585.0,9.2,487,37,6,410070,3385715,491,0,7,-80.71
531701,410210.0,3386030.0,29,240,6,2,2585.0,9.2,487,37,6,410075,3385720,490,0,7,-79.66
531701,410210.0,3386030.0,29,240,6,2,2585.0,9.2,487,37,6,410030,3385755,490,0,6,-77.71
531701,410210.0,3386030.0,29,240,6,2,2585.0,9.2,487,37,6,410005,3385730,490,0,6,-81.0
531701,410210.0,3386030.0,29,240,6,2,2585.0,9.2,487,37,6,410010,3385735,490,0,6,-79.97
531701,410210.0,3386030.0,29,240,6,2,2585.0,9.2,487,37,6,410055,3385700,491,0,7,-84.17
531701,410210.0,3386030.0,29,240,6,2,2585.0,9.2,487,37,6,410015,3385740,490,0,6,-79.83
531701,410210.0,3386030.0,29,240,6,2,2585.0,9.2,487,37,6,410025,3385750,490,0,6,-79.39
531701,410210.0,3386030.0,29,240,6,2,2585.0,9.2,487,37,6,410000,3385725,490,0,6,-80.48
531701,410210.0,3386030.0,29,240,6,2,2585.0,9.2,487,37,6,410020,3385745,490,0,6,-82.44
531701,410210.0,3386030.0,29,240,6,2,2585.0,9.2,487,37,6,410060,3385705,491,0,7,-79.83
531701,410210.0,3386030.0,29,240,6,2,2585.0,9.2,487,37,6,410035,3385760,490,0,6,-76.33
531701,410210.0,3386030.0,29,240,6,2,2585.0,9.2,487,37,6,410240,3386015,487,37,7,-92.0
531701,410210.0,3386030.0,29,240,6,2,2585.0,9.2,487,37,6,410250,3385995,487,0,7,-96.0
531701,410210.0,3386030.0,29,240,6,2,2585.0,9.2,487,37,6,410240,3385985,487,0,7,-87.5
531701,410210.0,3386030.0,29,240,6,2,2585.0,9.2,487,37,6,407215,3386995,491,0,5,-96.5
531701,410210.0,3386030.0,29,240,6,2,2585.0,9.2,487,37,6,407235,3386975,491,0,5,-99.83
531701,410210.0,3386030.0,29,240,6,2,2585.0,9.2,487,37,6,407325,3386945,493,0,6,-97.0
531701,410210.0,3386030.0,29,240,6,2,2585.0,9.2,487,37,6,407395,3386855,492,0,10,-89.5
531701,410210.0,3386030.0,29,240,6,2,2585.0,9.2,487,37,6,407390,3386860,492,0,10,-96.5
531701,410210.0,3386030.0,29,240,6,2,2585.0,9.2,487,37,6,410020,3386000,490,0,14,-79.5
531701,410210.0,3386030.0,29,240,6,2,2585.0,9.2,487,37,6,409990,3386030,490,0,6,-90.0
531701,410210.0,3386030.0,29,240,6,2,2585.0,9.2,487,37,6,409980,3386040,489,0,6,-88.75
531701,410210.0,3386030.0,29,240,6,2,2585.0,9.2,487,37,6,409975,3386005,491,0,5,-83.5
531701,410210.0,3386030.0,29,240,6,2,2585.0,9.2,487,37,6,410170,3386130,488,0,5,-117.0
531701,410210.0,3386030.0,29,240,6,2,2585.0,9.2,487,37,6,410250,3386065,487,37,12,-105.0
531701,410210.0,3386030.0,29,240,6,2,2585.0,9.2,487,37,6,410255,3386070,487,37,12,-104.0
531701,410210.0,3386030.0,29,240,6,2,2585.0,9.2,487,37,6,410265,3386060,487,37,5,-103.33
531701,410210.0,3386030.0,29,240,6,2,2585.0,9.2,487,37,6,410285,3385580,488,0,7,-104.0
531701,410210.0,3386030.0,29,240,6,2,2585.0,9.2,487,37,6,410280,3385575,488,0,7,-95.0
531701,410210.0,3386030.0,29,240,6,2,2585.0,9.2,487,37,6,410095,3385765,489,0,6,-74.0
531701,410210.0,3386030.0,29,240,6,2,2585.0,9.2,487,37,6,410115,3385785,488,0,6,-88.5
531701,410210.0,3386030.0,29,240,6,2,2585.0,9.2,487,37,6,410065,3385755,490,0,6,-76.6
531701,410210.0,3386030.0,29,240,6,2,2585.0,9.2,487,37,6,410010,3385690,489,0,6,-88.5
531701,410210.0,3386030.0,29,240,6,2,2585.0,9.2,487,37,6,410075,3385745,490,0,7,-72.21
531701,410210.0,3386030.0,29,240,6,2,2585.0,9.2,487,37,6,410040,3385740,490,0,6,-74.46
531701,410210.0,3386030.0,29,240,6,2,2585.0,9.2,487,37,6,410030,3385710,490,0,7,-84.25
531701,410210.0,3386030.0,29,240,6,2,2585.0,9.2,487,37,6,410045,3385735,490,0,6,-77.13
531701,410210.0,3386030.0,29,240,6,2,2585.0,9.2,487,37,6,410050,3385730,490,0,7,-78.94
531701,410210.0,3386030.0,29,240,6,2,2585.0,9.2,487,37,6,410005,3385695,489,0,6,-94.8
531701,410210.0,3386030.0,29,240,6,2,2585.0,9.2,487,37,6,410055,3385725,490,0,7,-76.97
531701,410210.0,3386030.0,29,240,6,2,2585.0,9.2,487,37,6,410035,3385705,490,0,7,-81.75
531701,410210.0,3386030.0,29,240,6,2,2585.0,9.2,487,37,6,410070,3385750,490,0,6,-76.04
531701,410210.0,3386030.0,29,240,6,2,2585.0,9.2,487,37,6,410020,3385720,490,0,7,-81.12
531701,410210.0,3386030.0,29,240,6,2,2585.0,9.2,487,37,6,410000,3385700,489,0,6,-85.67
531701,410210.0,3386030.0,29,240,6,2,2585.0,9.2,487,37,6,410060,3385760,490,0,6,-77.0
531701,410210.0,3386030.0,29,240,6,2,2585.0,9.2,487,37,6,410025,3385715,490,0,7,-82.67
531701,410210.0,3386030.0,29,240,6,2,2585.0,9.2,487,37,6,410055,3385910,490,14,5,-100.0
531701,410210.0,3386030.0,29,240,6,2,2585.0,9.2,487,37,6,410205,3385760,488,0,6,-90.8
531701,410210.0,3386030.0,29,240,6,2,2585.0,9.2,487,37,6,409975,3385830,491,0,7,-97.5
531701,410210.0,3386030.0,29,240,6,2,2585.0,9.2,487,37,6,410045,3385920,490,14,5,-92.29
531701,410210.0,3386030.0,29,240,6,2,2585.0,9.2,487,37,6,410175,3385710,489,0,7,-86.83
531701,410210.0,3386030.0,29,240,6,2,2585.0,9.2,487,37,6,410040,3385915,491,14,5,-95.69
531701,410210.0,3386030.0,29,240,6,2,2585.0,9.2,487,37,6,410230,3385725,489,0,6,-85.85
531701,410210.0,3386030.0,29,240,6,2,2585.0,9.2,487,37,6,410060,3385895,490,14,5,-92.17
531701,410210.0,3386030.0,29,240,6,2,2585.0,9.2,487,37,6,410180,3385695,489,0,7,-84.17
531701,410210.0,3386030.0,29,240,6,2,2585.0,9.2,487,37,6,409995,3385810,490,0,6,-84.58
531701,410210.0,3386030.0,29,240,6,2,2585.0,9.2,487,37,6,410130,3385665,490,0,7,-89.0
531701,410210.0,3386030.0,29,240,6,2,2585.0,9.2,487,37,6,410170,3385705,489,0,7,-89.33
531701,410210.0,3386030.0,29,240,6,2,2585.0,9.2,487,37,6,410225,3385740,489,0,6,-91.64
531701,410210.0,3386030.0,29,240,6,2,2585.0,9.2,487,37,6,410135,3385670,489,0,7,-93.6
531701,410210.0,3386030.0,29,240,6,2,2585.0,9.2,487,37,6,410210,3385745,488,0,6,-91.97
531701,410210.0,3386030.0,29,240,6,2,2585.0,9.2,487,37,6,410165,3385720,489,0,7,-85.55
531701,410210.0,3386030.0,29,240,6,2,2585.0,9.2,487,37,6,410190,3385685,489,0,7,-92.42
531701,410210.0,3386030.0,29,240,6,2,2585.0,9.2,487,37,6,410220,3385735,489,0,6,-92.93
531701,410210.0,3386030.0,29,240,6,2,2585.0,9.2,487,37,6,410185,3385700,489,0,7,-87.86
531701,410210.0,3386030.0,29,240,6,2,2585.0,9.2,487,37,6,410200,3385755,488,0,6,-89.32
531701,410210.0,3386030.0,29,240,6,2,2585.0,9.2,487,37,6,410120,3385675,490,0,7,-93.0
531701,410210.0,3386030.0,29,240,6,2,2585.0,9.2,487,37,6,410160,3385715,489,0,7,-86.27
531701,410210.0,3386030.0,29,240,6,2,2585.0,9.2,487,37,6,410125,3385680,490,0,7,-95.44
531701,410210.0,3386030.0,29,240,6,2,2585.0,9.2,487,37,6,409965,3385840,491,0,7,-91.5
531701,410210.0,3386030.0,29,240,6,2,2585.0,9.2,487,37,6,410235,3385730,489,0,6,-90.63
531701,410210.0,3386030.0,29,240,6,2,2585.0,9.2,487,37,6,410215,3385750,488,0,6,-90.67
531701,410210.0,3386030.0,29,240,6,2,2585.0,9.2,487,37,6,410285,3385705,488,0,7,-93.22
531701,410210.0,3386030.0,29,240,6,2,2585.0,9.2,487,37,6,410330,3385680,487,0,7,-86.5
531701,410210.0,3386030.0,29,240,6,2,2585.0,9.2,487,37,6,410320,3385670,487,0,7,-101.5
531701,410210.0,3386030.0,29,240,6,2,2585.0,9.2,487,37,6,410300,3385690,488,0,7,-93.19
531701,410210.0,3386030.0,29,240,6,2,2585.0,9.2,487,37,6,410255,3385755,488,0,6,-84.95
531701,410210.0,3386030.0,29,240,6,2,2585.0,9.2,487,37,6,410305,3385685,488,0,7,-92.46
531701,410210.0,3386030.0,29,240,6,2,2585.0,9.2,487,37,6,410315,3385695,487,0,7,-88.3
531701,410210.0,3386030.0,29,240,6,2,2585.0,9.2,487,37,6,410245,3385745,488,0,6,-84.83
531701,410210.0,3386030.0,29,240,6,2,2585.0,9.2,487,37,6,410355,3385655,488,0,6,-84.0
531701,410210.0,3386030.0,29,240,6,2,2585.0,9.2,487,37,6,410280,3385710,488,0,7,-89.88
531701,410210.0,3386030.0,29,240,6,2,2585.0,9.2,487,37,6,410295,3385715,488,0,7,-87.4
531701,410210.0,3386030.0,29,240,6,2,2585.0,9.2,487,37,6,410260,3385730,488,0,6,-89.11
531701,410210.0,3386030.0,29,240,6,2,2585.0,9.2,487,37,6,410250,3385760,488,0,6,-86.58
531701,410210.0,3386030.0,29,240,6,2,2585.0,9.2,487,37,6,410270,3385740,488,0,6,-88.29
531701,410210.0,3386030.0,29,240,6,2,2585.0,9.2,487,37,6,410265,3385725,488,0,6,-91.27
531701,410210.0,3386030.0,29,240,6,2,2585.0,9.2,487,37,6,410335,3385675,487,0,7,-87.73
531701,410210.0,3386030.0,29,240,6,2,2585.0,9.2,487,37,6,410290,3385720,488,0,7,-89.82
531701,410210.0,3386030.0,29,240,6,2,2585.0,9.2,487,37,6,410310,3385700,487,0,7,-91.41
531701,410210.0,3386030.0,29,240,6,2,2585.0,9.2,487,37,6,410240,3385750,488,0,6,-88.94
531701,410210.0,3386030.0,29,240,6,2,2585.0,9.2,487,37,6,410275,3385735,488,0,6,-91.64
531701,410210.0,3386030.0,29,240,6,2,2585.0,9.2,487,37,6,410325,3385665,487,0,7,-86.0
531701,410210.0,3386030.0,29,240,6,2,2585.0,9.2,487,37,6,409990,3385480,488,0,5,-100.25
531701,410210.0,3386030.0,29,240,6,2,2585.0,9.2,487,37,6,410015,3385995,490,0,14,-76.5
531701,410210.0,3386030.0,29,240,6,2,2585.0,9.2,487,37,6,409985,3386005,491,0,6,-88.33
531701,410210.0,3386030.0,29,240,6,2,2585.0,9.2,487,37,6,410065,3385925,490,14,14,-92.75
531701,410210.0,3386030.0,29,240,6,2,2585.0,9.2,487,37,6,409990,3386020,490,0,6,-91.33
531701,410210.0,3386030.0,29,240,6,2,2585.0,9.2,487,37,6,410060,3385930,490,14,14,-95.67
531701,410210.0,3386030.0,29,240,6,2,2585.0,9.2,487,37,6,409980,3386010,491,0,5,-82.0
531701,410210.0,3386030.0,29,240,6,2,2585.0,9.2,487,37,6,409975,3386035,490,0,6,-93.0
531701,410210.0,3386030.0,29,240,6,2,2585.0,9.2,487,37,6,407430,3386875,493,0,5,-124.0
531701,410210.0,3386030.0,29,240,6,2,2585.0,9.2,487,37,6,409925,3385870,492,18,14,-96.0
531701,410210.0,3386030.0,29,240,6,2,2585.0,9.2,487,37,6,410020,3385765,490,0,6,-83.0
531701,410210.0,3386030.0,29,240,6,2,2585.0,9.2,487,37,6,410220,3385645,488,0,7,-82.75
531701,410210.0,3386030.0,29,240,6,2,2585.0,9.2,487,37,6,410210,3385675,489,0,7,-86.8
531701,410210.0,3386030.0,29,240,6,2,2585.0,9.2,487,37,6,410235,3385660,488,0,7,-87.6
531701,410210.0,3386030.0,29,240,6,2,2585.0,9.2,487,37,6,410105,3385690,490,0,7,-94.0
531701,410210.0,3386030.0,29,240,6,2,2585.0,9.2,487,37,6,410125,3385750,489,0,6,-87.91
531701,410210.0,3386030.0,29,240,6,2,2585.0,9.2,487,37,6,410080,3385705,491,0,7,-83.0
531701,410210.0,3386030.0,29,240,6,2,2585.0,9.2,487,37,6,410090,3385715,490,0,7,-77.19
531701,410210.0,3386030.0,29,240,6,2,2585.0,9.2,487,37,6,410145,3385730,489,0,6,-83.61
531701,410210.0,3386030.0,29,240,6,2,2585.0,9.2,487,37,6,410095,3385720,490,0,7,-79.25
531701,410210.0,3386030.0,29,240,6,2,2585.0,9.2,487,37,6,410110,3385695,490,0,7,-80.67
531701,410210.0,3386030.0,29,240,6,2,2585.0,9.2,487,37,6,410120,3385745,489,0,7,-86.64
531701,410210.0,3386030.0,29,240,6,2,2585.0,9.2,487,37,6,410100,3385685,490,0,7,-92.0
531701,410210.0,3386030.0,29,240,6,2,2585.0,9.2,487,37,6,410150,3385735,489,0,6,-84.27
531701,410210.0,3386030.0,29,240,6,2,2585.0,9.2,487,37,6,410140,3385725,489,0,7,-82.63
531701,410210.0,3386030.0,29,240,6,2,2585.0,9.2,487,37,6,410215,3385680,489,0,7,-84.67
531701,410210.0,3386030.0,29,240,6,2,2585.0,9.2,487,37,6,410115,3385700,490,0,7,-89.0
531701,410210.0,3386030.0,29,240,6,2,2585.0,9.2,487,37,6,410085,3385710,490,0,7,-74.5
531701,410210.0,3386030.0,29,240,6,2,2585.0,9.2,487,37,6,410155,3385740,489,0,6,-86.51
531701,410210.0,3386030.0,29,240,6,2,2585.0,9.2,487,37,6,410000,3385785,490,0,6,-77.5
531701,410210.0,3386030.0,29,240,6,2,2585.0,9.2,487,37,6,410010,3385795,490,0,6,-80.5
531701,410210.0,3386030.0,29,240,6,2,2585.0,9.2,487,37,6,410130,3385755,489,0,6,-85.08
531701,410210.0,3386030.0,29,240,6,2,2585.0,9.2,487,37,6,410005,3385790,490,0,7,-77.5
531701,410210.0,3386030.0,29,240,6,2,2585.0,9.2,487,37,6,410205,3385670,489,0,7,-89.8
531701,410210.0,3386030.0,29,240,6,2,2585.0,9.2,487,37,6,410200,3385665,489,0,7,-93.5
531701,410210.0,3386030.0,29,240,6,2,2585.0,9.2,487,37,6,410230,3385655,488,0,7,-91.67
531701,410210.0,3386030.0,29,240,6,2,2585.0,9.2,487,37,6,410240,3386020,487,37,7,-90.0
531701,410210.0,3386030.0,29,240,6,2,2585.0,9.2,487,37,6,410260,3386025,487,37,6,-95.5
531701,410210.0,3386030.0,29,240,6,2,2585.0,9.2,487,37,6,410090,3385940,489,0,5,-73.33
531701,410210.0,3386030.0,29,240,6,2,2585.0,9.2,487,37,6,410140,3385990,487,0,7,-83.5
531701,410210.0,3386030.0,29,240,6,2,2585.0,9.2,487,37,6,410200,3386050,487,37,5,-114.33
531701,410210.0,3386030.0,29,240,6,2,2585.0,9.2,487,37,6,409895,3385735,487,0,6,-87.0
531701,410210.0,3386030.0,29,240,6,2,2585.0,9.2,487,37,6,410130,3385980,487,0,7,-82.0
531701,410210.0,3386030.0,29,240,6,2,2585.0,9.2,487,37,6,409900,3385750,487,0,7,-85.29
531701,410210.0,3386030.0,29,240,6,2,2585.0,9.2,487,37,6,410105,3385945,488,0,5,-73.0
531701,410210.0,3386030.0,29,240,6,2,2585.0,9.2,487,37,6,410135,3385975,487,0,7,-83.0
531701,410210.0,3386030.0,29,240,6,2,2585.0,9.2,487,37,6,409885,3385725,487,0,7,-88.0
531701,410210.0,3386030.0,29,240,6,2,2585.0,9.2,487,37,6,409905,3385745,487,0,6,-87.67
531701,410210.0,3386030.0,29,240,6,2,2585.0,9.2,487,37,6,410145,3385985,487,0,7,-77.0
531701,410210.0,3386030.0,29,240,6,2,2585.0,9.2,487,37,6,410030,3385770,490,0,6,-79.0
531701,410210.0,3386030.0,29,240,6,2,2585.0,9.2,487,37,6,409930,3385870,492,18,14,-88.5
531701,410210.0,3386030.0,29,240,6,2,2585.0,9.2,487,37,6,410035,3385765,490,0,6,-81.0
531701,410210.0,3386030.0,29,240,6,2,2585.0,9.2,487,37,6,410115,3385685,490,0,7,-102.4
531701,410210.0,3386030.0,29,240,6,2,2585.0,9.2,487,37,6,410085,3385715,490,0,7,-79.63
531701,410210.0,3386030.0,29,240,6,2,2585.0,9.2,487,37,6,410095,3385705,490,0,7,-81.5
531701,410210.0,3386030.0,29,240,6,2,2585.0,9.2,487,37,6,410000,3385800,490,0,6,-78.84
531701,410210.0,3386030.0,29,240,6,2,2585.0,9.2,487,37,6,410005,3385795,490,0,6,-81.5
531701,410210.0,3386030.0,29,240,6,2,2585.0,9.2,487,37,6,410110,3385690,490,0,7,-92.5
531701,410210.0,3386030.0,29,240,6,2,2585.0,9.2,487,37,6,410145,3385735,489,0,6,-85.44
531701,410210.0,3386030.0,29,240,6,2,2585.0,9.2,487,37,6,410155,3385725,489,0,7,-83.94
531701,410210.0,3386030.0,29,240,6,2,2585.0,9.2,487,37,6,410125,3385755,489,0,6,-85.31
531701,410210.0,3386030.0,29,240,6,2,2585.0,9.2,487,37,6,410150,3385730,489,0,6,-83.4
531701,410210.0,3386030.0,29,240,6,2,2585.0,9.2,487,37,6,410140,3385740,489,0,6,-87.57
531701,410210.0,3386030.0,29,240,6,2,2585.0,9.2,487,37,6,410130,3385750,489,0,6,-87.33
531701,410210.0,3386030.0,29,240,6,2,2585.0,9.2,487,37,6,410135,3385745,489,0,6,-90.03
531701,410210.0,3386030.0,29,240,6,2,2585.0,9.2,487,37,6,410100,3385700,490,0,7,-78.57
531701,410210.0,3386030.0,29,240,6,2,2585.0,9.2,487,37,6,410210,3385670,489,0,7,-93.33
531701,410210.0,3386030.0,29,240,6,2,2585.0,9.2,487,37,6,410120,3385760,489,0,6,-86.0
531701,410210.0,3386030.0,29,240,6,2,2585.0,9.2,487,37,6,410080,3385720,490,0,7,-78.16
531701,410210.0,3386030.0,29,240,6,2,2585.0,9.2,487,37,6,410105,3385695,490,0,7,-77.4
531701,410210.0,3386030.0,29,240,6,2,2585.0,9.2,487,37,6,409950,3385850,491,18,7,-94.5
531701,410210.0,3386030.0,29,240,6,2,2585.0,9.2,487,37,6,410220,3385660,488,0,7,-90.57
531701,410210.0,3386030.0,29,240,6,2,2585.0,9.2,487,37,6,410090,3385710,490,0,7,-75.83
531701,410210.0,3386030.0,29,240,6,2,2585.0,9.2,487,37,6,410205,3385675,489,0,7,-90.75
531701,410210.0,3386030.0,29,240,6,2,2585.0,9.2,487,37,6,410010,3385790,490,0,7,-80.0
531701,410210.0,3386030.0,29,240,6,2,2585.0,9.2,487,37,6,410225,3385655,488,0,7,-88.5
531701,410210.0,3386030.0,29,240,6,2,2585.0,9.2,487,37,6,409955,3385845,491,18,7,-92.0
531701,410210.0,3386030.0,29,240,6,2,2585.0,9.2,487,37,6,410015,3385785,490,0,6,-77.5
531701,410210.0,3386030.0,29,240,6,2,2585.0,9.2,487,37,6,410265,3385585,488,0,7,-91.33
531701,410210.0,3386030.0,29,240,6,2,2585.0,9.2,487,37,6,410275,3385595,488,0,7,-99.75
531701,410210.0,3386030.0,29,240,6,2,2585.0,9.2,487,37,6,410260,3385590,488,0,7,-92.67
531701,410210.0,3386030.0,29,240,6,2,2585.0,9.2,487,37,6,410250,3386060,487,37,5,-104.11
531701,410210.0,3386030.0,29,240,6,2,2585.0,9.2,487,37,6,410260,3386070,487,37,12,-108.5
531701,410210.0,3386030.0,29,240,6,2,2585.0,9.2,487,37,6,410165,3386055,486,0,5,-95.5
531701,410210.0,3386030.0,29,240,6,2,2585.0,9.2,487,37,6,410185,3386075,487,37,12,-98.0
531701,410210.0,3386030.0,29,240,6,2,2585.0,9.2,487,37,6,410160,3386060,486,0,5,-94.67
531701,410210.0,3386030.0,29,240,6,2,2585.0,9.2,487,37,6,410110,3385990,488,0,5,-83.0
531701,410210.0,3386030.0,29,240,6,2,2585.0,9.2,487,37,6,410170,3386050,486,0,5,-92.5
531701,410210.0,3386030.0,29,240,6,2,2585.0,9.2,487,37,6,410200,3386020,487,0,7,-92.0
531701,410210.0,3386030.0,29,240,6,2,2585.0,9.2,487,37,6,409915,3385705,487,0,7,-87.33
531701,410210.0,3386030.0,29,240,6,2,2585.0,9.2,487,37,6,409910,3385710,487,0,7,-88.0
531701,410210.0,3386030.0,29,240,6,2,2585.0,9.2,487,37,6,410210,3386010,487,0,7,-87.83
531701,410210.0,3386030.0,29,240,6,2,2585.0,9.2,487,37,6,410215,3386005,487,0,7,-89.0
531701,410210.0,3386030.0,29,240,6,2,2585.0,9.2,487,37,6,410205,3386015,487,0,7,-88.67
531701,410210.0,3386030.0,29,240,6,2,2585.0,9.2,487,37,6,410100,3386000,488,0,5,-95.0
531701,410210.0,3386030.0,29,240,6,2,2585.0,9.2,487,37,6,410100,3385810,489,0,7,-68.86
531701,410210.0,3386030.0,29,240,6,2,2585.0,9.2,487,37,6,410105,3385805,489,0,5,-78.5
531701,410210.0,3386030.0,29,240,6,2,2585.0,9.2,487,37,6,410075,3385695,491,0,7,-76.75
531701,410210.0,3386030.0,29,240,6,2,2585.0,9.2,487,37,6,410060,3385690,490,0,7,-86.33
531701,410210.0,3386030.0,29,240,6,2,2585.0,9.2,487,37,6,410010,3385760,490,0,6,-75.04
531701,410210.0,3386030.0,29,240,6,2,2585.0,9.2,487,37,6,410035,3385735,490,0,6,-79.32
531701,410210.0,3386030.0,29,240,6,2,2585.0,9.2,487,37,6,410050,3385720,490,0,7,-78.27
531701,410210.0,3386030.0,29,240,6,2,2585.0,9.2,487,37,6,410070,3385700,491,0,7,-82.0
531701,410210.0,3386030.0,29,240,6,2,2585.0,9.2,487,37,6,410005,3385745,490,0,6,-79.28
531701,410210.0,3386030.0,29,240,6,2,2585.0,9.2,487,37,6,410015,3385755,490,0,6,-75.54
531701,410210.0,3386030.0,29,240,6,2,2585.0,9.2,487,37,6,410065,3385685,490,0,7,-89.0
531701,410210.0,3386030.0,29,240,6,2,2585.0,9.2,487,37,6,410020,3385730,490,0,6,-79.84
531701,410210.0,3386030.0,29,240,6,2,2585.0,9.2,487,37,6,410000,3385750,490,0,7,-80.17
531701,410210.0,3386030.0,29,240,6,2,2585.0,9.2,487,37,6,410025,3385725,490,0,7,-79.54
531701,410210.0,3386030.0,29,240,6,2,2585.0,9.2,487,37,6,410045,3385705,490,0,7,-85.0
531701,410210.0,3386030.0,29,240,6,2,2585.0,9.2,487,37,6,410030,3385740,490,0,6,-77.23
531701,410210.0,3386030.0,29,240,6,2,2585.0,9.2,487,37,6,410040,3385710,490,0,7,-79.5
531701,410210.0,3386030.0,29,240,6,2,2585.0,9.2,487,37,6,410055,3385715,490,0,7,-76.0
531701,410210.0,3386030.0,29,240,6,2,2585.0,9.2,487,37,6,410120,3385965,488,0,7,-82.0
531701,410210.0,3386030.0,29,240,6,2,2585.0,9.2,487,37,6,410110,3385955,488,0,7,-79.0
531701,410210.0,3386030.0,29,240,6,2,2585.0,9.2,487,37,6,410090,3385935,489,0,5,-69.0
531701,410210.0,3386030.0,29,240,6,2,2585.0,9.2,487,37,6,409890,3385735,487,0,6,-82.33
531701,410210.0,3386030.0,29,240,6,2,2585.0,9.2,487,37,6,409900,3385745,487,0,6,-84.4
531701,410210.0,3386030.0,29,240,6,2,2585.0,9.2,487,37,6,409905,3385750,487,0,7,-84.0
531701,410210.0,3386030.0,29,240,6,2,2585.0,9.2,487,37,6,410130,3385975,487,0,7,-83.67
531701,410210.0,3386030.0,29,240,6,2,2585.0,9.2,487,37,6,410165,3386010,486,0,7,-92.5
531701,410210.0,3386030.0,29,240,6,2,2585.0,9.2,487,37,6,410200,3386045,487,37,5,-114.8
531701,410210.0,3386030.0,29,240,6,2,2585.0,9.2,487,37,6,410300,3385825,487,0,7,-80.0
531701,410210.0,3386030.0,29,240,6,2,2585.0,9.2,487,37,6,410320,3385845,487,0,7,-86.0
531701,410210.0,3386030.0,29,240,6,2,2585.0,9.2,487,37,6,410340,3385865,487,0,7,-85.0
531701,410210.0,3386030.0,29,240,6,2,2585.0,9.2,487,37,6,410255,3385780,488,0,6,-80.0
531701,410210.0,3386030.0,29,240,6,2,2585.0,9.2,487,37,6,410310,3385835,487,0,7,-79.1
531701,410210.0,3386030.0,29,240,6,2,2585.0,9.2,487,37,6,410250,3385775,488,0,6,-77.67
531701,410210.0,3386030.0,29,240,6,2,2585.0,9.2,487,37,6,410305,3385830,487,0,7,-80.89
531701,410210.0,3386030.0,29,240,6,2,2585.0,9.2,487,37,6,410315,3385840,487,0,7,-81.67
531701,410210.0,3386030.0,29,240,6,2,2585.0,9.2,487,37,6,410365,3385890,486,0,6,-95.0
531701,410210.0,3386030.0,29,240,6,2,2585.0,9.2,487,37,6,410245,3385770,488,0,6,-76.0
531701,410210.0,3386030.0,29,240,6,2,2585.0,9.2,487,37,6,410350,3385875,487,0,6,-94.5
531701,410210.0,3386030.0,29,240,6,2,2585.0,9.2,487,37,6,410785,3385700,485,0,5,-86.5
531701,410210.0,3386030.0,29,240,6,2,2585.0,9.2,487,37,6,410280,3385705,488,0,7,-88.18
531701,410210.0,3386030.0,29,240,6,2,2585.0,9.2,487,37,6,410250,3385755,488,0,6,-84.19
531701,410210.0,3386030.0,29,240,6,2,2585.0,9.2,487,37,6,410245,3385750,488,0,6,-86.07
531701,410210.0,3386030.0,29,240,6,2,2585.0,9.2,487,37,6,410330,3385675,487,0,7,-86.63
531701,410210.0,3386030.0,29,240,6,2,2585.0,9.2,487,37,6,410315,3385700,487,0,7,-90.72
531701,410210.0,3386030.0,29,240,6,2,2585.0,9.2,487,37,6,410345,3385650,488,0,7,-85.0
531701,410210.0,3386030.0,29,240,6,2,2585.0,9.2,487,37,6,410305,3385690,488,0,7,-90.68
531701,410210.0,3386030.0,29,240,6,2,2585.0,9.2,487,37,6,410340,3385645,488,0,6,-92.0
531701,410210.0,3386030.0,29,240,6,2,2585.0,9.2,487,37,6,410335,3385680,487,0,7,-88.5
531701,410210.0,3386030.0,29,240,6,2,2585.0,9.2,487,37,6,410325,3385670,487,0,7,-87.75
531701,410210.0,3386030.0,29,240,6,2,2585.0,9.2,487,37,6,410265,3385730,488,0,6,-90.67
531701,410210.0,3386030.0,29,240,6,2,2585.0,9.2,487,37,6,410295,3385720,488,0,7,-88.28
531701,410210.0,3386030.0,29,240,6,2,2585.0,9.2,487,37,6,410290,3385715,488,0,7,-90.32
531701,410210.0,3386030.0,29,240,6,2,2585.0,9.2,487,37,6,410310,3385695,487,0,7,-90.39
531701,410210.0,3386030.0,29,240,6,2,2585.0,9.2,487,37,6,410300,3385685,488,0,7,-96.58
531701,410210.0,3386030.0,29,240,6,2,2585.0,9.2,487,37,6,410270,3385735,488,0,6,-91.4
531701,410210.0,3386030.0,29,240,6,2,2585.0,9.2,487,37,6,410355,3385660,488,0,6,-91.0
531701,410210.0,3386030.0,29,240,6,2,2585.0,9.2,487,37,6,410260,3385725,488,0,6,-88.17
531701,410210.0,3386030.0,29,240,6,2,2585.0,9.2,487,37,6,410240,3385745,488,0,6,-88.4
531701,410210.0,3386030.0,29,240,6,2,2585.0,9.2,487,37,6,410285,3385710,488,0,7,-91.07
531701,410210.0,3386030.0,29,240,6,2,2585.0,9.2,487,37,6,410275,3385740,488,0,6,-89.57
531701,410210.0,3386030.0,29,240,6,2,2585.0,9.2,487,37,6,410255,3385760,488,0,6,-82.68
531701,410210.0,3386030.0,29,240,6,2,2585.0,9.2,487,37,6,407260,3386955,492,0,5,-98.33
531701,410210.0,3386030.0,29,240,6,2,2585.0,9.2,487,37,6,407275,3386950,492,0,5,-95.83
531701,410210.0,3386030.0,29,240,6,2,2585.0,9.2,487,37,6,407265,3386960,492,0,15,-96.71
531701,410210.0,3386030.0,29,240,6,2,2585.0,9.2,487,37,6,407270,3386945,492,0,5,-97.2
531701,410210.0,3386030.0,29,240,6,2,2585.0,9.2,487,37,6,410090,3385865,490,0,5,-66.0
531701,410210.0,3386030.0,29,240,6,2,2585.0,9.2,487,37,6,410095,3385870,490,0,5,-61.0
531701,410210.0,3386030.0,29,240,6,2,2585.0,9.2,487,37,6,409970,3385745,489,0,6,-82.09
531701,410210.0,3386030.0,29,240,6,2,2585.0,9.2,487,37,6,409990,3385725,489,0,6,-82.2
531701,410210.0,3386030.0,29,240,6,2,2585.0,9.2,487,37,6,409980,3385735,489,0,6,-81.0
531701,410210.0,3386030.0,29,240,6,2,2585.0,9.2,487,37,6,409960,3385755,489,0,6,-80.33
531701,410210.0,3386030.0,29,240,6,2,2585.0,9.2,487,37,6,409985,3385740,489,0,6,-81.83
531701,410210.0,3386030.0,29,240,6,2,2585.0,9.2,487,37,6,409995,3385730,489,0,6,-80.41
531701,410210.0,3386030.0,29,240,6,2,2585.0,9.2,487,37,6,409975,3385750,489,0,7,-81.63
531701,410210.0,3386030.0,29,240,6,2,2585.0,9.2,487,37,6,410045,3385680,490,0,7,-99.0
531701,410210.0,3386030.0,29,240,6,2,2585.0,9.2,487,37,6,409965,3385760,489,0,6,-87.0
531701,410210.0,3386030.0,29,240,6,2,2585.0,9.2,487,37,6,410195,3385770,488,0,6,-82.75
531701,410210.0,3386030.0,29,240,6,2,2585.0,9.2,487,37,6,410190,3385765,488,0,6,-82.67
531701,410210.0,3386030.0,29,240,6,2,2585.0,9.2,487,37,6,410230,3385805,488,0,7,-73.0
531701,410210.0,3386030.0,29,240,6,2,2585.0,9.2,487,37,6,410245,3386055,487,37,5,-105.0
531701,410210.0,3386030.0,29,240,6,2,2585.0,9.2,487,37,6,409985,3385995,491,0,6,-79.25
531701,410210.0,3386030.0,29,240,6,2,2585.0,9.2,487,37,6,410005,3386015,490,0,6,-74.5
531701,410210.0,3386030.0,29,240,6,2,2585.0,9.2,487,37,6,409980,3386000,491,0,5,-79.4
531701,410210.0,3386030.0,29,240,6,2,2585.0,9.2,487,37,6,410320,3385580,488,0,7,-96.5
531701,410210.0,3386030.0,29,240,6,2,2585.0,9.2,487,37,6,407265,3386890,493,0,7,-97.0
531701,410210.0,3386030.0,29,240,6,2,2585.0,9.2,487,37,6,410260,3386075,487,37,12,-113.33
531701,410210.0,3386030.0,29,240,6,2,2585.0,9.2,487,37,6,410240,3386055,487,37,5,-105.4
531701,410210.0,3386030.0,29,240,6,2,2585.0,9.2,487,37,6,410245,3386060,487,37,5,-104.43
531701,410210.0,3386030.0,29,240,6,2,2585.0,9.2,487,37,6,410255,3386050,487,37,5,-107.5
531701,410210.0,3386030.0,29,240,6,2,2585.0,9.2,487,37,6,410170,3385735,489,0,6,-89.95
531701,410210.0,3386030.0,29,240,6,2,2585.0,9.2,487,37,6,409995,3385800,490,0,6,-83.13
531701,410210.0,3386030.0,29,240,6,2,2585.0,9.2,487,37,6,410195,3385760,488,0,6,-87.57
531701,410210.0,3386030.0,29,240,6,2,2585.0,9.2,487,37,6,410190,3385755,488,0,6,-86.47
531701,410210.0,3386030.0,29,240,6,2,2585.0,9.2,487,37,6,410165,3385730,489,0,6,-88.5
531701,410210.0,3386030.0,29,240,6,2,2585.0,9.2,487,37,6,410115,3385680,490,0,7,-94.25
531701,410210.0,3386030.0,29,240,6,2,2585.0,9.2,487,37,6,410185,3385750,488,0,6,-87.04
531701,410210.0,3386030.0,29,240,6,2,2585.0,9.2,487,37,6,410215,3385700,489,0,7,-87.1
531701,410210.0,3386030.0,29,240,6,2,2585.0,9.2,487,37,6,410160,3385725,489,0,7,-84.28
531701,410210.0,3386030.0,29,240,6,2,2585.0,9.2,487,37,6,410200,3385685,489,0,7,-88.4
531701,410210.0,3386030.0,29,240,6,2,2585.0,9.2,487,37,6,410030,3385915,491,14,5,-110.5
531701,410210.0,3386030.0,29,240,6,2,2585.0,9.2,487,37,6,410225,3385710,489,0,7,-87.38
531701,410210.0,3386030.0,29,240,6,2,2585.0,9.2,487,37,6,410235,3385720,489,0,7,-82.0
531701,410210.0,3386030.0,29,240,6,2,2585.0,9.2,487,37,6,410210,3385695,489,0,6,-85.17
531701,410210.0,3386030.0,29,240,6,2,2585.0,9.2,487,37,6,410175,3385740,489,0,6,-87.92
531701,410210.0,3386030.0,29,240,6,2,2585.0,9.2,487,37,6,410060,3385865,490,0,5,-81.75
531701,410210.0,3386030.0,29,240,6,2,2585.0,9.2,487,37,6,410065,3385870,490,14,5,-79.18
531701,410210.0,3386030.0,29,240,6,2,2585.0,9.2,487,37,6,410205,3385690,489,0,7,-90.6
531701,410210.0,3386030.0,29,240,6,2,2585.0,9.2,487,37,6,410230,3385715,489,0,7,-83.74
531701,410210.0,3386030.0,29,240,6,2,2585.0,9.2,487,37,6,410110,3385675,490,0,7,-91.0
531701,410210.0,3386030.0,29,240,6,2,2585.0,9.2,487,37,6,410180,3385745,488,0,6,-89.2
531701,410210.0,3386030.0,29,240,6,2,2585.0,9.2,487,37,6,410035,3385920,491,14,5,-97.05
531701,410210.0,3386030.0,29,240,6,2,2585.0,9.2,487,37,6,410220,3385705,489,0,7,-86.15
531701,410210.0,3386030.0,29,240,6,2,2585.0,9.2,487,37,6,410100,3385665,490,0,7,-93.5
531701,410210.0,3386030.0,29,240,6,2,2585.0,9.2,487,37,6,410070,3385875,490,14,5,-84.17
531701,410210.0,3386030.0,29,240,6,2,2585.0,9.2,487,37,6,410075,3385880,490,14,5,-72.33
531701,410210.0,3386030.0,29,240,6,2,2585.0,9.2,487,37,6,410050,3385855,490,0,5,-90.67
531701,410210.0,3386030.0,29,240,6,2,2585.0,9.2,487,37,6,410055,3385860,490,0,5,-90.0
531701,410210.0,3386030.0,29,240,6,2,2585.0,9.2,487,37,6,410230,3385810,488,0,7,-82.67
531701,410210.0,3386030.0,29,240,6,2,2585.0,9.2,487,37,6,409920,3385720,487,0,7,-88.67
531701,410210.0,3386030.0,29,240,6,2,2585.0,9.2,487,37,6,410090,3385870,490,0,5,-68.5
531701,410210.0,3386030.0,29,240,6,2,2585.0,9.2,487,37,6,410235,3385805,488,0,7,-76.3
531701,410210.0,3386030.0,29,240,6,2,2585.0,9.2,487,37,6,410195,3385765,488,0,6,-87.0
531701,410210.0,3386030.0,29,240,6,2,2585.0,9.2,487,37,6,409990,3385730,489,0,6,-81.81
531701,410210.0,3386030.0,29,240,6,2,2585.0,9.2,487,37,6,409980,3385740,489,0,6,-81.14
531701,410210.0,3386030.0,29,240,6,2,2585.0,9.2,487,37,6,409985,3385735,489,0,6,-78.61
531701,410210.0,3386030.0,29,240,6,2,2585.0,9.2,487,37,6,409995,3385725,489,0,6,-81.09
531701,410210.0,3386030.0,29,240,6,2,2585.0,9.2,487,37,6,409970,3385750,489,0,7,-80.16
531701,410210.0,3386030.0,29,240,6,2,2585.0,9.2,487,37,6,409975,3385745,489,0,6,-81.0
531701,410210.0,3386030.0,29,240,6,2,2585.0,9.2,487,37,6,410175,3385785,488,0,6,-92.0
531701,410210.0,3386030.0,29,240,6,2,2585.0,9.2,487,37,6,410190,3385770,488,0,6,-77.5
531701,410210.0,3386030.0,29,240,6,2,2585.0,9.2,487,37,6,409965,3385755,489,0,6,-84.75
531701,410210.0,3386030.0,29,240,6,2,2585.0,9.2,487,37,6,410080,3385880,490,14,5,-66.33
531701,410210.0,3386030.0,29,240,6,2,2585.0,9.2,487,37,6,410260,3385595,488,0,7,-93.67
531701,410210.0,3386030.0,29,240,6,2,2585.0,9.2,487,37,6,410100,3385815,489,0,7,-62.0
531701,410210.0,3386030.0,29,240,6,2,2585.0,9.2,487,37,6,410000,3385755,490,0,6,-79.05
531701,410210.0,3386030.0,29,240,6,2,2585.0,9.2,487,37,6,410020,3385735,490,0,6,-81.11
531701,410210.0,3386030.0,29,240,6,2,2585.0,9.2,487,37,6,410055,3385710,490,0,7,-83.33
531701,410210.0,3386030.0,29,240,6,2,2585.0,9.2,487,37,6,410005,3385760,490,0,6,-75.35
531701,410210.0,3386030.0,29,240,6,2,2585.0,9.2,487,37,6,410015,3385750,490,0,6,-77.37
531701,410210.0,3386030.0,29,240,6,2,2585.0,9.2,487,37,6,410075,3385690,491,0,7,-89.0
531701,410210.0,3386030.0,29,240,6,2,2585.0,9.2,487,37,6,410010,3385745,490,0,6,-79.02
531701,410210.0,3386030.0,29,240,6,2,2585.0,9.2,487,37,6,410065,3385700,491,0,7,-77.33
531701,410210.0,3386030.0,29,240,6,2,2585.0,9.2,487,37,6,410025,3385740,490,0,6,-80.88
531701,410210.0,3386030.0,29,240,6,2,2585.0,9.2,487,37,6,410030,3385725,490,0,7,-79.67
531701,410210.0,3386030.0,29,240,6,2,2585.0,9.2,487,37,6,410040,3385715,490,0,7,-80.5
531701,410210.0,3386030.0,29,240,6,2,2585.0,9.2,487,37,6,410035,3385730,490,0,7,-79.43
531701,410210.0,3386030.0,29,240,6,2,2585.0,9.2,487,37,6,410045,3385720,490,0,7,-78.23
531701,410210.0,3386030.0,29,240,6,2,2585.0,9.2,487,37,6,410050,3385705,490,0,7,-81.7
531701,410210.0,3386030.0,29,240,6,2,2585.0,9.2,487,37,6,410070,3385685,490,0,7,-92.0
531701,410210.0,3386030.0,29,240,6,2,2585.0,9.2,487,37,6,410060,3385695,491,0,7,-75.33
531701,410210.0,3386030.0,29,240,6,2,2585.0,9.2,487,37,6,409970,3385995,492,0,5,-86.0
531701,410210.0,3386030.0,29,240,6,2,2585.0,9.2,487,37,6,409960,3385985,493,0,5,-77.0
531701,410210.0,3386030.0,29,240,6,2,2585.0,9.2,487,37,6,410000,3386025,490,0,6,-89.0
531701,410210.0,3386030.0,29,240,6,2,2585.0,9.2,487,37,6,409980,3385965,493,0,5,-76.0
531701,410210.0,3386030.0,29,240,6,2,2585.0,9.2,487,37,6,409975,3386000,491,0,5,-81.83
531701,410210.0,3386030.0,29,240,6,2,2585.0,9.2,487,37,6,410035,3386020,489,26,5,-74.0
531701,410210.0,3386030.0,29,240,6,2,2585.0,9.2,487,37,6,409985,3385970,492,0,6,-72.5
531701,410210.0,3386030.0,29,240,6,2,2585.0,9.2,487,37,6,410005,3386030,490,0,6,-94.5
531701,410210.0,3386030.0,29,240,6,2,2585.0,9.2,487,37,6,409980,3385500,488,0,14,-83.0
531701,410210.0,3386030.0,29,240,6,2,2585.0,9.2,487,37,6,410180,3386110,488,37,12,-94.0
531701,410210.0,3386030.0,29,240,6,2,2585.0,9.2,487,37,6,410175,3386095,487,37,12,-99.33
531701,410210.0,3386030.0,29,240,6,2,2585.0,9.2,487,37,6,410170,3386100,487,0,5,-103.5
531701,410210.0,3386030.0,29,240,6,2,2585.0,9.2,487,37,6,410050,3385980,490,0,14,-71.0
531701,410210.0,3386030.0,29,240,6,2,2585.0,9.2,487,37,6,409975,3386055,489,0,5,-96.0
531701,410210.0,3386030.0,29,240,6,2,2585.0,9.2,487,37,6,409995,3386075,490,0,6,-92.0
531701,410210.0,3386030.0,29,240,6,2,2585.0,9.2,487,37,6,410185,3386105,488,37,12,-98.67
531701,410210.0,3386030.0,29,240,6,2,2585.0,9.2,487,37,6,410355,3385800,487,0,6,-88.25
531701,410210.0,3386030.0,29,240,6,2,2585.0,9.2,487,37,6,410360,3385805,487,0,6,-89.33
531701,410210.0,3386030.0,29,240,6,2,2585.0,9.2,487,37,6,410370,3385815,486,0,6,-86.0
531701,410210.0,3386030.0,29,240,6,2,2585.0,9.2,487,37,6,410410,3385695,487,0,7,-95.5
531701,410210.0,3386030.0,29,240,6,2,2585.0,9.2,487,37,6,410265,3385760,488,0,6,-83.0
531701,410210.0,3386030.0,29,240,6,2,2585.0,9.2,487,37,6,410355,3385670,487,0,6,-88.86
531701,410210.0,3386030.0,29,240,6,2,2585.0,9.2,487,37,6,410250,3385725,489,0,6,-85.24
531701,410210.0,3386030.0,29,240,6,2,2585.0,9.2,487,37,6,410285,3385700,488,0,7,-94.13
531701,410210.0,3386030.0,29,240,6,2,2585.0,9.2,487,37,6,410305,3385720,487,0,7,-86.23
531701,410210.0,3386030.0,29,240,6,2,2585.0,9.2,487,37,6,410280,3385695,488,0,7,-91.04
531701,410210.0,3386030.0,29,240,6,2,2585.0,9.2,487,37,6,410300,3385715,488,0,7,-87.81
531701,410210.0,3386030.0,29,240,6,2,2585.0,9.2,487,37,6,410240,3385735,489,0,6,-87.13
531701,410210.0,3386030.0,29,240,6,2,2585.0,9.2,487,37,6,410255,3385730,488,0,6,-88.93
531701,410210.0,3386030.0,29,240,6,2,2585.0,9.2,487,37,6,410340,3385675,487,0,7,-88.8
531701,410210.0,3386030.0,29,240,6,2,2585.0,9.2,487,37,6,410260,3385755,488,0,6,-86.36
531701,410210.0,3386030.0,29,240,6,2,2585.0,9.2,487,37,6,410295,3385690,488,0,7,-93.93
531701,410210.0,3386030.0,29,240,6,2,2585.0,9.2,487,37,6,410245,3385740,488,0,6,-83.93
531701,410210.0,3386030.0,29,240,6,2,2585.0,9.2,487,37,6,410290,3385685,488,0,7,-92.52
531701,410210.0,3386030.0,29,240,6,2,2585.0,9.2,487,37,6,410310,3385705,487,0,7,-92.1
531701,410210.0,3386030.0,29,240,6,2,2585.0,9.2,487,37,6,410325,3385660,487,0,7,-90.5
531701,410210.0,3386030.0,29,240,6,2,2585.0,9.2,487,37,6,410345,3385680,487,0,7,-88.6
531701,410210.0,3386030.0,29,240,6,2,2585.0,9.2,487,37,6,410350,3385665,487,0,6,-90.2
531701,410210.0,3386030.0,29,240,6,2,2585.0,9.2,487,37,6,410315,3385710,487,0,7,-90.2
531701,410210.0,3386030.0,29,240,6,2,2585.0,9.2,487,37,6,410270,3385745,488,0,6,-92.73
531701,410210.0,3386030.0,29,240,6,2,2585.0,9.2,487,37,6,410275,3385750,488,0,6,-90.15
531701,410210.0,3386030.0,29,240,6,2,2585.0,9.2,487,37,6,407210,3386990,491,0,5,-97.0
531701,410210.0,3386030.0,29,240,6,2,2585.0,9.2,487,37,6,407220,3386980,491,0,5,-95.0
531701,410210.0,3386030.0,29,240,6,2,2585.0,9.2,487,37,6,407230,3386970,491,0,15,-104.5
531701,410210.0,3386030.0,29,240,6,2,2585.0,9.2,487,37,6,407225,3386975,491,0,5,-96.5
531701,410210.0,3386030.0,29,240,6,2,2585.0,9.2,487,37,6,407385,3386850,492,39,5,-93.5
531701,410210.0,3386030.0,29,240,6,2,2585.0,9.2,487,37,6,407240,3386975,492,0,5,-100.0
531701,410210.0,3386030.0,29,240,6,2,2585.0,9.2,487,37,6,407255,3386970,492,0,15,-94.25
531701,410210.0,3386030.0,29,240,6,2,2585.0,9.2,487,37,6,407310,3386945,493,0,6,-89.25
531701,410210.0,3386030.0,29,240,6,2,2585.0,9.2,487,37,6,407295,3386930,493,0,6,-93.0
531701,410210.0,3386030.0,29,240,6,2,2585.0,9.2,487,37,6,407250,3386965,492,0,15,-99.43
531701,410210.0,3386030.0,29,240,6,2,2585.0,9.2,487,37,6,407350,3386905,493,0,5,-92.0
531701,410210.0,3386030.0,29,240,6,2,2585.0,9.2,487,37,6,407285,3386940,493,0,5,-96.67
531701,410210.0,3386030.0,29,240,6,2,2585.0,9.2,487,37,6,409905,3385725,487,0,7,-88.5
531701,410210.0,3386030.0,29,240,6,2,2585.0,9.2,487,37,6,410165,3386025,486,0,7,-110.33
531701,410210.0,3386030.0,29,240,6,2,2585.0,9.2,487,37,6,410120,3385990,488,0,5,-87.5
531701,410210.0,3386030.0,29,240,6,2,2585.0,9.2,487,37,6,409915,3385735,487,0,6,-92.8
531701,410210.0,3386030.0,29,240,6,2,2585.0,9.2,487,37,6,409900,3385730,487,0,7,-86.5
531701,410210.0,3386030.0,29,240,6,2,2585.0,9.2,487,37,6,410150,3385980,487,0,7,-83.0
531701,410210.0,3386030.0,29,240,6,2,2585.0,9.2,487,37,6,410175,3386035,486,37,6,-94.5
531701,410210.0,3386030.0,29,240,6,2,2585.0,9.2,487,37,6,409910,3385740,487,0,6,-84.5
531701,410210.0,3386030.0,29,240,6,2,2585.0,9.2,487,37,6,410265,3385820,488,0,7,-79.89
531701,410210.0,3386030.0,29,240,6,2,2585.0,9.2,487,37,6,410260,3385815,488,0,6,-77.88
531701,410210.0,3386030.0,29,240,6,2,2585.0,9.2,487,37,6,410255,3385830,488,0,6,-79.5
531701,410210.0,3386030.0,29,240,6,2,2585.0,9.2,487,37,6,410115,3385670,490,0,7,-89.2
531701,410210.0,3386030.0,29,240,6,2,2585.0,9.2,487,37,6,410230,3385705,489,0,7,-90.3
531701,410210.0,3386030.0,29,240,6,2,2585.0,9.2,487,37,6,410210,3385685,489,0,7,-89.5
531701,410210.0,3386030.0,29,240,6,2,2585.0,9.2,487,37,6,410000,3385895,492,0,6,-90.0
531701,410210.0,3386030.0,29,240,6,2,2585.0,9.2,487,37,6,410180,3385755,488,0,6,-87.32
531701,410210.0,3386030.0,29,240,6,2,2585.0,9.2,487,37,6,410105,3385680,490,0,7,-93.0
531701,410210.0,3386030.0,29,240,6,2,2585.0,9.2,487,37,6,410175,3385730,489,0,6,-89.23
531701,410210.0,3386030.0,29,240,6,2,2585.0,9.2,487,37,6,410160,3385735,489,0,6,-85.65
531701,410210.0,3386030.0,29,240,6,2,2585.0,9.2,487,37,6,410200,3385695,489,0,7,-90.2
531701,410210.0,3386030.0,29,240,6,2,2585.0,9.2,487,37,6,410225,3385720,489,0,7,-84.25
531701,410210.0,3386030.0,29,240,6,2,2585.0,9.2,487,37,6,410205,3385700,489,0,6,-91.4
531701,410210.0,3386030.0,29,240,6,2,2585.0,9.2,487,37,6,410035,3385910,491,14,5,-98.02
531701,410210.0,3386030.0,29,240,6,2,2585.0,9.2,487,37,6,410165,3385740,489,0,6,-87.23
531701,410210.0,3386030.0,29,240,6,2,2585.0,9.2,487,37,6,409995,3385790,490,0,6,-79.86
531701,410210.0,3386030.0,29,240,6,2,2585.0,9.2,487,37,6,410100,3385675,490,0,7,-90.0
531701,410210.0,3386030.0,29,240,6,2,2585.0,9.2,487,37,6,410235,3385710,489,0,7,-85.5
531701,410210.0,3386030.0,29,240,6,2,2585.0,9.2,487,37,6,410075,3385870,490,14,5,-65.5
531701,410210.0,3386030.0,29,240,6,2,2585.0,9.2,487,37,6,410070,3385865,490,0,5,-79.67
531701,410210.0,3386030.0,29,240,6,2,2585.0,9.2,487,37,6,410060,3385875,490,14,5,-90.83
531701,410210.0,3386030.0,29,240,6,2,2585.0,9.2,487,37,6,410220,3385715,489,0,7,-85.99
531701,410210.0,3386030.0,29,240,6,2,2585.0,9.2,487,37,6,410170,3385725,489,0,7,-85.6
531701,410210.0,3386030.0,29,240,6,2,2585.0,9.2,487,37,6,410215,3385690,489,0,6,-89.27
531701,410210.0,3386030.0,29,240,6,2,2585.0,9.2,487,37,6,410190,3385745,488,0,6,-89.81
531701,410210.0,3386030.0,29,240,6,2,2585.0,9.2,487,37,6,410195,3385750,488,0,6,-87.31
531701,410210.0,3386030.0,29,240,6,2,2585.0,9.2,487,37,6,410185,3385760,488,0,6,-88.08
531701,410210.0,3386030.0,29,240,6,2,2585.0,9.2,487,37,6,410255,3385720,489,0,7,-84.94
531701,410210.0,3386030.0,29,240,6,2,2585.0,9.2,487,37,6,410375,3385680,487,0,6,-91.0
531701,410210.0,3386030.0,29,240,6,2,2585.0,9.2,487,37,6,410360,3385665,488,0,6,-88.8
531701,410210.0,3386030.0,29,240,6,2,2585.0,9.2,487,37,6,410280,3385745,488,0,6,-89.35
531701,410210.0,3386030.0,29,240,6,2,2585.0,9.2,487,37,6,410265,3385690,488,0,7,-90.86
531701,410210.0,3386030.0,29,240,6,2,2585.0,9.2,487,37,6,410300,3385725,488,0,6,-87.76
531701,410210.0,3386030.0,29,240,6,2,2585.0,9.2,487,37,6,410270,3385695,488,0,7,-86.65
531701,410210.0,3386030.0,29,240,6,2,2585.0,9.2,487,37,6,410295,3385760,488,0,6,-86.0
531701,410210.0,3386030.0,29,240,6,2,2585.0,9.2,487,37,6,410315,3385740,487,0,6,-91.53
531701,410210.0,3386030.0,29,240,6,2,2585.0,9.2,487,37,6,410365,3385670,487,0,6,-91.57
531701,410210.0,3386030.0,29,240,6,2,2585.0,9.2,487,37,6,410305,3385730,487,0,6,-88.83
531701,410210.0,3386030.0,29,240,6,2,2585.0,9.2,487,37,6,410250,3385715,489,0,7,-85.59
531701,410210.0,3386030.0,29,240,6,2,2585.0,9.2,487,37,6,410370,3385675,487,0,6,-91.33
531701,410210.0,3386030.0,29,240,6,2,2585.0,9.2,487,37,6,410240,3385705,489,0,7,-86.75
531701,410210.0,3386030.0,29,240,6,2,2585.0,9.2,487,37,6,410245,3385710,489,0,7,-83.17
531701,410210.0,3386030.0,29,240,6,2,2585.0,9.2,487,37,6,410310,3385735,487,0,6,-91.4
531701,410210.0,3386030.0,29,240,6,2,2585.0,9.2,487,37,6,410285,3385750,488,0,6,-90.65
531701,410210.0,3386030.0,29,240,6,2,2585.0,9.2,487,37,6,410275,3385700,488,0,7,-91.36
531701,410210.0,3386030.0,29,240,6,2,2585.0,9.2,487,37,6,410260,3385685,488,0,6,-92.1
531701,410210.0,3386030.0,29,240,6,2,2585.0,9.2,487,37,6,410290,3385755,488,0,6,-90.0
531701,410210.0,3386030.0,29,240,6,2,2585.0,9.2,487,37,6,409945,3385805,490,0,7,-94.5
531701,410210.0,3386030.0,29,240,6,2,2585.0,9.2,487,37,6,410050,3385880,490,14,5,-93.0
531701,410210.0,3386030.0,29,240,6,2,2585.0,9.2,487,37,6,410060,3385850,490,0,5,-79.33
531701,410210.0,3386030.0,29,240,6,2,2585.0,9.2,487,37,6,410065,3385845,490,0,5,-73.0
531701,410210.0,3386030.0,29,240,6,2,2585.0,9.2,487,37,6,410000,3385910,492,0,6,-95.0
531701,410210.0,3386030.0,29,240,6,2,2585.0,9.2,487,37,6,410225,3385685,489,0,6,-93.67
531701,410210.0,3386030.0,29,240,6,2,2585.0,9.2,487,37,6,410200,3385710,489,0,6,-86.86
531701,410210.0,3386030.0,29,240,6,2,2585.0,9.2,487,37,6,410055,3385875,490,14,5,-92.83
531701,410210.0,3386030.0,29,240,6,2,2585.0,9.2,487,37,6,410080,3385670,490,0,7,-87.0
531701,410210.0,3386030.0,29,240,6,2,2585.0,9.2,487,37,6,409995,3385775,490,0,6,-79.63
531701,410210.0,3386030.0,29,240,6,2,2585.0,9.2,487,37,6,410215,3385715,489,0,7,-84.5
531701,410210.0,3386030.0,29,240,6,2,2585.0,9.2,487,37,6,410160,3385750,488,0,6,-86.04
531701,410210.0,3386030.0,29,240,6,2,2585.0,9.2,487,37,6,410195,3385735,489,0,6,-88.67
531701,410210.0,3386030.0,29,240,6,2,2585.0,9.2,487,37,6,410190,3385740,489,0,6,-88.74
531701,410210.0,3386030.0,29,240,6,2,2585.0,9.2,487,37,6,410220,3385690,489,0,6,-91.0
531701,410210.0,3386030.0,29,240,6,2,2585.0,9.2,487,37,6,410230,3385700,489,0,7,-86.88
531701,410210.0,3386030.0,29,240,6,2,2585.0,9.2,487,37,6,410235,3385695,489,0,7,-87.33
531701,410210.0,3386030.0,29,240,6,2,2585.0,9.2,487,37,6,409985,3385765,490,0,6,-79.5
531701,410210.0,3386030.0,29,240,6,2,2585.0,9.2,487,37,6,410210,3385720,489,0,7,-84.19
531701,410210.0,3386030.0,29,240,6,2,2585.0,9.2,487,37,6,410070,3385860,490,0,5,-80.5
531701,410210.0,3386030.0,29,240,6,2,2585.0,9.2,487,37,6,410165,3385745,488,0,6,-85.27
531701,410210.0,3386030.0,29,240,6,2,2585.0,9.2,487,37,6,410185,3385725,489,0,6,-87.45
531701,410210.0,3386030.0,29,240,6,2,2585.0,9.2,487,37,6,410205,3385705,489,0,6,-86.33
531701,410210.0,3386030.0,29,240,6,2,2585.0,9.2,487,37,6,410180,3385730,489,0,6,-89.19
531701,410210.0,3386030.0,29,240,6,2,2585.0,9.2,487,37,6,409955,3385815,490,0,7,-98.0
531701,410210.0,3386030.0,29,240,6,2,2585.0,9.2,487,37,6,410175,3385755,488,0,6,-85.87
531701,410210.0,3386030.0,29,240,6,2,2585.0,9.2,487,37,6,410095,3385675,490,0,7,-92.33
531701,410210.0,3386030.0,29,240,6,2,2585.0,9.2,487,37,6,410330,3385665,487,0,7,-89.6
531701,410210.0,3386030.0,29,240,6,2,2585.0,9.2,487,37,6,410290,3385705,488,0,7,-93.18
531701,410210.0,3386030.0,29,240,6,2,2585.0,9.2,487,37,6,410275,3385730,488,0,6,-89.52
531701,410210.0,3386030.0,29,240,6,2,2585.0,9.2,487,37,6,410270,3385725,488,0,6,-92.45
531701,410210.0,3386030.0,29,240,6,2,2585.0,9.2,487,37,6,410300,3385695,488,0,7,-92.96
531701,410210.0,3386030.0,29,240,6,2,2585.0,9.2,487,37,6,410240,3385755,488,0,6,-87.79
531701,410210.0,3386030.0,29,240,6,2,2585.0,9.2,487,37,6,410315,3385690,487,0,7,-90.03
531701,410210.0,3386030.0,29,240,6,2,2585.0,9.2,487,37,6,410245,3385760,488,0,6,-86.9
531701,410210.0,3386030.0,29,240,6,2,2585.0,9.2,487,37,6,410295,3385710,488,0,7,-87.89
531701,410210.0,3386030.0,29,240,6,2,2585.0,9.2,487,37,6,410325,3385680,487,0,7,-93.63
531701,410210.0,3386030.0,29,240,6,2,2585.0,9.2,487,37,6,410285,3385720,488,0,7,-90.08
531701,410210.0,3386030.0,29,240,6,2,2585.0,9.2,487,37,6,410265,3385740,488,0,6,-89.39
531701,410210.0,3386030.0,29,240,6,2,2585.0,9.2,487,37,6,410335,3385670,487,0,7,-87.63
531701,410210.0,3386030.0,29,240,6,2,2585.0,9.2,487,37,6,410280,3385715,488,0,7,-91.26
531701,410210.0,3386030.0,29,240,6,2,2585.0,9.2,487,37,6,410320,3385675,487,0,7,-93.2
531701,410210.0,3386030.0,29,240,6,2,2585.0,9.2,487,37,6,410305,3385700,488,0,7,-92.47
531701,410210.0,3386030.0,29,240,6,2,2585.0,9.2,487,37,6,410310,3385685,488,0,7,-94.0
531701,410210.0,3386030.0,29,240,6,2,2585.0,9.2,487,37,6,410255,3385750,488,0,6,-84.32
531701,410210.0,3386030.0,29,240,6,2,2585.0,9.2,487,37,6,410345,3385660,488,0,7,-88.5
531701,410210.0,3386030.0,29,240,6,2,2585.0,9.2,487,37,6,410260,3385735,488,0,6,-90.76
531701,410210.0,3386030.0,29,240,6,2,2585.0,9.2,487,37,6,410250,3385745,488,0,6,-86.27
531701,410210.0,3386030.0,29,240,6,2,2585.0,9.2,487,37,6,410350,3385645,488,0,6,-92.0
531701,410210.0,3386030.0,29,240,6,2,2585.0,9.2,487,37,6,410245,3386005,487,0,7,-94.5
531701,410210.0,3386030.0,29,240,6,2,2585.0,9.2,487,37,6,410250,3386020,487,37,7,-92.5
531701,410210.0,3386030.0,29,240,6,2,2585.0,9.2,487,37,6,410360,3385810,487,0,6,-90.0
531701,410210.0,3386030.0,29,240,6,2,2585.0,9.2,487,37,6,410105,3386025,488,26,5,-106.0
531701,410210.0,3386030.0,29,240,6,2,2585.0,9.2,487,37,6,410215,3385975,487,0,7,-78.5
531701,410210.0,3386030.0,29,240,6,2,2585.0,9.2,487,37,6,410220,3385990,487,0,7,-85.33
531701,410210.0,3386030.0,29,240,6,2,2585.0,9.2,487,37,6,410210,3385980,487,0,7,-83.25
531701,410210.0,3386030.0,29,240,6,2,2585.0,9.2,487,37,6,410205,3385965,487,0,7,-83.0
531701,410210.0,3386030.0,29,240,6,2,2585.0,9.2,487,37,6,410225,3385985,487,0,7,-80.75
531701,410210.0,3386030.0,29,240,6,2,2585.0,9.2,487,37,6,410090,3386020,488,26,5,-96.75
531701,410210.0,3386030.0,29,240,6,2,2585.0,9.2,487,37,6,410075,3385875,490,14,5,-69.0
531701,410210.0,3386030.0,29,240,6,2,2585.0,9.2,487,37,6,410195,3385755,488,0,6,-88.43
531701,410210.0,3386030.0,29,240,6,2,2585.0,9.2,487,37,6,410115,3385675,490,0,7,-96.0
531701,410210.0,3386030.0,29,240,6,2,2585.0,9.2,487,37,6,410175,3385735,489,0,6,-89.0
531701,410210.0,3386030.0,29,240,6,2,2585.0,9.2,487,37,6,410035,3385915,491,14,5,-98.68
531701,410210.0,3386030.0,29,240,6,2,2585.0,9.2,487,37,6,410180,3385750,488,0,6,-87.21
531701,410210.0,3386030.0,29,240,6,2,2585.0,9.2,487,37,6,410160,3385730,489,0,6,-85.61
531701,410210.0,3386030.0,29,240,6,2,2585.0,9.2,487,37,6,410170,3385740,489,0,6,-88.05
531701,410210.0,3386030.0,29,240,6,2,2585.0,9.2,487,37,6,410230,3385720,489,0,7,-84.3
531701,410210.0,3386030.0,29,240,6,2,2585.0,9.2,487,37,6,410200,3385690,489,0,7,-94.33
531701,410210.0,3386030.0,29,240,6,2,2585.0,9.2,487,37,6,409995,3385795,490,0,6,-77.88
531701,410210.0,3386030.0,29,240,6,2,2585.0,9.2,487,37,6,410210,3385700,489,0,6,-93.25
531701,410210.0,3386030.0,29,240,6,2,2585.0,9.2,487,37,6,410220,3385710,489,0,7,-86.64
531701,410210.0,3386030.0,29,240,6,2,2585.0,9.2,487,37,6,410165,3385725,489,0,7,-83.43
531701,410210.0,3386030.0,29,240,6,2,2585.0,9.2,487,37,6,410205,3385685,489,0,7,-87.14
531701,410210.0,3386030.0,29,240,6,2,2585.0,9.2,487,37,6,410225,3385705,489,0,7,-86.52
531701,410210.0,3386030.0,29,240,6,2,2585.0,9.2,487,37,6,410190,3385760,488,0,6,-85.71
531701,410210.0,3386030.0,29,240,6,2,2585.0,9.2,487,37,6,410070,3385880,490,14,5,-72.5
531701,410210.0,3386030.0,29,240,6,2,2585.0,9.2,487,37,6,410065,3385865,490,0,5,-82.43
531701,410210.0,3386030.0,29,240,6,2,2585.0,9.2,487,37,6,410235,3385715,489,0,7,-84.51
531701,410210.0,3386030.0,29,240,6,2,2585.0,9.2,487,37,6,410185,3385745,488,0,6,-88.45
531701,410210.0,3386030.0,29,240,6,2,2585.0,9.2,487,37,6,410215,3385695,489,0,6,-89.17
531701,410210.0,3386030.0,29,240,6,2,2585.0,9.2,487,37,6,410110,3385680,490,0,7,-94.8
531701,410210.0,3386030.0,29,240,6,2,2585.0,9.2,487,37,6,410060,3385870,490,14,5,-82.29
531701,410210.0,3386030.0,29,240,6,2,2585.0,9.2,487,37,6,410100,3385670,490,0,7,-93.0
531701,410210.0,3386030.0,29,240,6,2,2585.0,9.2,487,37,6,410050,3385860,490,0,5,-89.0
531701,410210.0,3386030.0,29,240,6,2,2585.0,9.2,487,37,6,410010,3385480,488,0,6,-99.5
531701,410210.0,3386030.0,29,240,6,2,2585.0,9.2,487,37,6,410275,3385645,488,0,7,-97.5
531701,410210.0,3386030.0,29,240,6,2,2585.0,9.2,487,37,6,410265,3385655,488,0,7,-87.11
531701,410210.0,3386030.0,29,240,6,2,2585.0,9.2,487,37,6,410370,3385710,487,0,6,-91.67
531701,410210.0,3386030.0,29,240,6,2,2585.0,9.2,487,37,6,410380,3385700,487,0,6,-90.88
531701,410210.0,3386030.0,29,240,6,2,2585.0,9.2,487,37,6,410350,3385730,487,0,6,-86.5
531701,410210.0,3386030.0,29,240,6,2,2585.0,9.2,487,37,6,410240,3385680,489,0,7,-86.0
531701,410210.0,3386030.0,29,240,6,2,2585.0,9.2,487,37,6,410330,3385750,487,0,6,-90.8
531701,410210.0,3386030.0,29,240,6,2,2585.0,9.2,487,37,6,410250,3385670,488,0,7,-89.33
531701,410210.0,3386030.0,29,240,6,2,2585.0,9.2,487,37,6,410360,3385720,487,0,6,-89.25
531701,410210.0,3386030.0,29,240,6,2,2585.0,9.2,487,37,6,410255,3385665,488,0,7,-85.06
531701,410210.0,3386030.0,29,240,6,2,2585.0,9.2,487,37,6,410325,3385755,487,0,6,-89.0
531701,410210.0,3386030.0,29,240,6,2,2585.0,9.2,487,37,6,410260,3385660,488,0,7,-86.65
531701,410210.0,3386030.0,29,240,6,2,2585.0,9.2,487,37,6,410245,3385675,488,0,7,-86.27
531701,410210.0,3386030.0,29,240,6,2,2585.0,9.2,487,37,6,410385,3385695,487,0,7,-91.2
531701,410210.0,3386030.0,29,240,6,2,2585.0,9.2,487,37,6,410365,3385715,487,0,6,-96.25
531701,410210.0,3386030.0,29,240,6,2,2585.0,9.2,487,37,6,410390,3385690,487,0,6,-90.14
531701,410210.0,3386030.0,29,240,6,2,2585.0,9.2,487,37,6,410335,3385745,487,0,6,-92.38
531701,410210.0,3386030.0,29,240,6,2,2585.0,9.2,487,37,6,410375,3385705,487,0,6,-85.0
531701,410210.0,3386030.0,29,240,6,2,2585.0,9.2,487,37,6,410320,3385760,487,0,6,-93.25
531701,410210.0,3386030.0,29,240,6,2,2585.0,9.2,487,37,6,410355,3385725,487,0,6,-88.5
531701,410210.0,3386030.0,29,240,6,2,2585.0,9.2,487,37,6,410120,3386055,487,26,5,-114.0
531701,410210.0,3386030.0,29,240,6,2,2585.0,9.2,487,37,6,410080,3386015,489,26,5,-82.0
531701,410210.0,3386030.0,29,240,6,2,2585.0,9.2,487,37,6,410180,3385955,487,0,7,-86.5
531701,410210.0,3386030.0,29,240,6,2,2585.0,9.2,487,37,6,410200,3385975,487,0,7,-77.75
531701,410210.0,3386030.0,29,240,6,2,2585.0,9.2,487,37,6,410205,3385980,487,0,7,-84.19
531701,410210.0,3386030.0,29,240,6,2,2585.0,9.2,487,37,6,410230,3385985,487,0,7,-82.0
531701,410210.0,3386030.0,29,240,6,2,2585.0,9.2,487,37,6,410225,3386000,487,0,7,-84.75
531701,410210.0,3386030.0,29,240,6,2,2585.0,9.2,487,37,6,410235,3385990,487,0,7,-75.67
531701,410210.0,3386030.0,29,240,6,2,2585.0,9.2,487,37,6,410220,3385995,487,0,7,-85.67
531701,410210.0,3386030.0,29,240,6,2,2585.0,9.2,487,37,6,410095,3385945,489,0,5,-72.0
531701,410210.0,3386030.0,29,240,6,2,2585.0,9.2,487,37,6,409910,3385730,487,0,7,-86.4
531701,410210.0,3386030.0,29,240,6,2,2585.0,9.2,487,37,6,410130,3385990,487,0,7,-89.0
531701,410210.0,3386030.0,29,240,6,2,2585.0,9.2,487,37,6,409915,3385725,487,0,7,-86.83
531701,410210.0,3386030.0,29,240,6,2,2585.0,9.2,487,37,6,410195,3386005,487,0,7,-84.6
531701,410210.0,3386030.0,29,240,6,2,2585.0,9.2,487,37,6,409890,3385750,487,0,7,-81.0
531701,410210.0,3386030.0,29,240,6,2,2585.0,9.2,487,37,6,410040,3386045,489,26,6,-101.5
531701,410210.0,3386030.0,29,240,6,2,2585.0,9.2,487,37,6,410020,3386025,490,0,5,-81.5
531701,410210.0,3386030.0,29,240,6,2,2585.0,9.2,487,37,6,410005,3386010,490,0,6,-80.0
531701,410210.0,3386030.0,29,240,6,2,2585.0,9.2,487,37,6,410010,3386015,490,0,5,-81.5
531701,410210.0,3386030.0,29,240,6,2,2585.0,9.2,487,37,6,410160,3386165,488,0,5,-94.5
531701,410210.0,3386030.0,29,240,6,2,2585.0,9.2,487,37,6,409980,3385985,492,0,5,-75.25
531701,410210.0,3386030.0,29,240,6,2,2585.0,9.2,487,37,6,409975,3385980,492,0,5,-73.6
531701,410210.0,3386030.0,29,240,6,2,2585.0,9.2,487,37,6,409985,3385990,492,0,6,-77.67
531701,410210.0,3386030.0,29,240,6,2,2585.0,9.2,487,37,6,410265,3385660,488,0,7,-87.77
531701,410210.0,3386030.0,29,240,6,2,2585.0,9.2,487,37,6,410260,3385655,488,0,7,-87.44
531701,410210.0,3386030.0,29,240,6,2,2585.0,9.2,487,37,6,410245,3385680,489,0,7,-86.5
531701,410210.0,3386030.0,29,240,6,2,2585.0,9.2,487,37,6,410385,3385700,487,0,7,-84.5
531701,410210.0,3386030.0,29,240,6,2,2585.0,9.2,487,37,6,410335,3385750,487,0,6,-88.83
531701,410210.0,3386030.0,29,240,6,2,2585.0,9.2,487,37,6,410255,3385670,488,0,7,-85.62
531701,410210.0,3386030.0,29,240,6,2,2585.0,9.2,487,37,6,410390,3385685,487,0,6,-92.5
531701,410210.0,3386030.0,29,240,6,2,2585.0,9.2,487,37,6,410350,3385725,487,0,6,-92.0
531701,410210.0,3386030.0,29,240,6,2,2585.0,9.2,487,37,6,410330,3385745,487,0,6,-90.6
531701,410210.0,3386030.0,29,240,6,2,2585.0,9.2,487,37,6,410395,3385690,487,0,6,-97.17
531701,410210.0,3386030.0,29,240,6,2,2585.0,9.2,487,37,6,410365,3385720,487,0,6,-92.6
531701,410210.0,3386030.0,29,240,6,2,2585.0,9.2,487,37,6,410340,3385735,487,0,6,-92.33
531701,410210.0,3386030.0,29,240,6,2,2585.0,9.2,487,37,6,410370,3385705,487,0,6,-87.67
531701,410210.0,3386030.0,29,240,6,2,2585.0,9.2,487,37,6,410380,3385695,487,0,6,-91.39
531701,410210.0,3386030.0,29,240,6,2,2585.0,9.2,487,37,6,410320,3385755,487,0,6,-92.0
531701,410210.0,3386030.0,29,240,6,2,2585.0,9.2,487,37,6,410240,3385675,488,0,7,-90.5
531701,410210.0,3386030.0,29,240,6,2,2585.0,9.2,487,37,6,410250,3385665,488,0,7,-87.33
531701,410210.0,3386030.0,29,240,6,2,2585.0,9.2,487,37,6,410260,3386065,487,37,12,-105.5
531701,410210.0,3386030.0,29,240,6,2,2585.0,9.2,487,37,6,410250,3386055,487,37,5,-110.67
531701,410210.0,3386030.0,29,240,6,2,2585.0,9.2,487,37,6,410255,3386060,487,37,5,-106.0
531701,410210.0,3386030.0,29,240,6,2,2585.0,9.2,487,37,6,410120,3385955,488,0,7,-76.0
531701,410210.0,3386030.0,29,240,6,2,2585.0,9.2,487,37,6,410090,3385985,488,0,5,-83.0
531701,410210.0,3386030.0,29,240,6,2,2585.0,9.2,487,37,6,410225,3386020,487,37,7,-90.33
531701,410210.0,3386030.0,29,240,6,2,2585.0,9.2,487,37,6,410230,3386005,487,0,7,-83.0
531701,410210.0,3386030.0,29,240,6,2,2585.0,9.2,487,37,6,410235,3386010,487,37,7,-88.0
531701,410210.0,3386030.0,29,240,6,2,2585.0,9.2,487,37,6,410210,3386025,487,0,7,-88.25
531701,410210.0,3386030.0,29,240,6,2,2585.0,9.2,487,37,6,410175,3386070,487,37,12,-96.0
531701,410210.0,3386030.0,29,240,6,2,2585.0,9.2,487,37,6,410105,3385980,488,0,7,-81.5
531701,410210.0,3386030.0,29,240,6,2,2585.0,9.2,487,37,6,410220,3386015,487,37,7,-96.67
531701,410210.0,3386030.0,29,240,6,2,2585.0,9.2,487,37,6,410080,3385995,489,0,14,-90.5
531701,410210.0,3386030.0,29,240,6,2,2585.0,9.2,487,37,6,410185,3386060,487,37,5,-120.33
531701,410210.0,3386030.0,29,240,6,2,2585.0,9.2,487,37,6,410205,3386040,487,37,6,-108.0
531701,410210.0,3386030.0,29,240,6,2,2585.0,9.2,487,37,6,410085,3385895,490,0,5,-72.67
531701,410210.0,3386030.0,29,240,6,2,2585.0,9.2,487,37,6,410230,3385790,488,0,6,-79.2
531701,410210.0,3386030.0,29,240,6,2,2585.0,9.2,487,37,6,410215,3385765,488,0,6,-94.67
531701,410210.0,3386030.0,29,240,6,2,2585.0,9.2,487,37,6,410210,3385770,488,0,6,-88.67
531701,410210.0,3386030.0,29,240,6,2,2585.0,9.2,487,37,6,410095,3385885,490,0,5,-66.0
531701,410210.0,3386030.0,29,240,6,2,2585.0,9.2,487,37,6,409925,3385735,488,0,6,-88.33
531701,410210.0,3386030.0,29,240,6,2,2585.0,9.2,487,37,6,409985,3385715,489,0,7,-86.33
531701,410210.0,3386030.0,29,240,6,2,2585.0,9.2,487,37,6,409945,3385755,489,0,6,-83.5
531701,410210.0,3386030.0,29,240,6,2,2585.0,9.2,487,37,6,409950,3385750,489,0,7,-84.69
531701,410210.0,3386030.0,29,240,6,2,2585.0,9.2,487,37,6,409955,3385745,489,0,6,-83.74
531701,410210.0,3386030.0,29,240,6,2,2585.0,9.2,487,37,6,409930,3385730,488,0,7,-83.14
531701,410210.0,3386030.0,29,240,6,2,2585.0,9.2,487,37,6,409935,3385725,488,0,7,-85.9
531701,410210.0,3386030.0,29,240,6,2,2585.0,9.2,487,37,6,409980,3385720,489,0,7,-81.06
531701,410210.0,3386030.0,29,240,6,2,2585.0,9.2,487,37,6,410205,3385775,488,0,6,-86.9
531701,410210.0,3386030.0,29,240,6,2,2585.0,9.2,487,37,6,409990,3385710,489,0,7,-90.0
531701,410210.0,3386030.0,29,240,6,2,2585.0,9.2,487,37,6,410225,3385795,488,0,6,-80.5
531701,410210.0,3386030.0,29,240,6,2,2585.0,9.2,487,37,6,410220,3385800,488,0,7,-80.5
531701,410210.0,3386030.0,29,240,6,2,2585.0,9.2,487,37,6,410105,3385535,488,0,12,-94.5
531701,410210.0,3386030.0,29,240,6,2,2585.0,9.2,487,37,6,410175,3385675,489,0,7,-88.25
531701,410210.0,3386030.0,29,240,6,2,2585.0,9.2,487,37,6,410090,3385760,489,0,6,-78.0
531701,410210.0,3386030.0,29,240,6,2,2585.0,9.2,487,37,6,410120,3385710,490,0,7,-86.17
531701,410210.0,3386030.0,29,240,6,2,2585.0,9.2,487,37,6,410095,3385755,489,0,6,-79.3
531701,410210.0,3386030.0,29,240,6,2,2585.0,9.2,487,37,6,410190,3385660,489,0,7,-86.0
531701,410210.0,3386030.0,29,240,6,2,2585.0,9.2,487,37,6,410135,3385715,489,0,7,-84.14
531701,410210.0,3386030.0,29,240,6,2,2585.0,9.2,487,37,6,410230,3385620,488,0,7,-90.4
531701,410210.0,3386030.0,29,240,6,2,2585.0,9.2,487,37,6,410195,3385655,489,0,7,-90.5
531701,410210.0,3386030.0,29,240,6,2,2585.0,9.2,487,37,6,410130,3385720,489,0,7,-83.02
531701,410210.0,3386030.0,29,240,6,2,2585.0,9.2,487,37,6,410085,3385745,490,0,7,-75.67
531701,410210.0,3386030.0,29,240,6,2,2585.0,9.2,487,37,6,410155,3385695,489,0,7,-88.67
531701,410210.0,3386030.0,29,240,6,2,2585.0,9.2,487,37,6,410150,3385700,489,0,7,-88.63
531701,410210.0,3386030.0,29,240,6,2,2585.0,9.2,487,37,6,410105,3385725,490,0,7,-78.97
531701,410210.0,3386030.0,29,240,6,2,2585.0,9.2,487,37,6,410215,3385635,488,0,7,-88.83
531701,410210.0,3386030.0,29,240,6,2,2585.0,9.2,487,37,6,410080,3385750,490,0,6,-74.24
531701,410210.0,3386030.0,29,240,6,2,2585.0,9.2,487,37,6,410005,3385825,491,0,6,-89.0
531701,410210.0,3386030.0,29,240,6,2,2585.0,9.2,487,37,6,410140,3385690,489,0,7,-94.33
531701,410210.0,3386030.0,29,240,6,2,2585.0,9.2,487,37,6,410235,3385615,487,0,7,-89.86
531701,410210.0,3386030.0,29,240,6,2,2585.0,9.2,487,37,6,410110,3385740,489,0,6,-84.53
531701,410210.0,3386030.0,29,240,6,2,2585.0,9.2,487,37,6,410115,3385735,489,0,6,-87.4
531701,410210.0,3386030.0,29,240,6,2,2585.0,9.2,487,37,6,410100,3385730,490,0,6,-78.61
531701,410210.0,3386030.0,29,240,6,2,2585.0,9.2,487,37,6,410125,3385705,490,0,7,-80.0
531701,410210.0,3386030.0,29,240,6,2,2585.0,9.2,487,37,6,410145,3385685,489,0,7,-98.33
531701,410210.0,3386030.0,29,240,6,2,2585.0,9.2,487,37,6,410170,3385680,489,0,7,-94.33
531701,410210.0,3386030.0,29,240,6,2,2585.0,9.2,487,37,6,410000,3385830,491,0,6,-86.0
531701,410210.0,3386030.0,29,240,6,2,2585.0,9.2,487,37,6,410010,3385840,491,0,6,-93.0
531701,410210.0,3386030.0,29,240,6,2,2585.0,9.2,487,37,6,410210,3385640,488,0,7,-86.8
531701,410210.0,3386030.0,29,240,6,2,2585.0,9.2,487,37,6,410030,3385935,491,14,14,-99.5
531701,410210.0,3386030.0,29,240,6,2,2585.0,9.2,487,37,6,410050,3385995,490,0,14,-81.0
531701,410210.0,3386030.0,29,240,6,2,2585.0,9.2,487,37,6,409980,3386045,489,0,6,-94.5
531701,410210.0,3386030.0,29,240,6,2,2585.0,9.2,487,37,6,410185,3386090,487,37,12,-98.67
531701,410210.0,3386030.0,29,240,6,2,2585.0,9.2,487,37,6,410045,3385990,490,0,14,-77.5
531701,410210.0,3386030.0,29,240,6,2,2585.0,9.2,487,37,6,410005,3385495,488,0,6,-93.0
531701,410210.0,3386030.0,29,240,6,2,2585.0,9.2,487,37,6,410025,3385705,490,0,7,-85.67
531701,410210.0,3386030.0,29,240,6,2,2585.0,9.2,487,37,6,410060,3385750,490,0,6,-75.73
531701,410210.0,3386030.0,29,240,6,2,2585.0,9.2,487,37,6,410020,3385710,490,0,7,-82.5
531701,410210.0,3386030.0,29,240,6,2,2585.0,9.2,487,37,6,410010,3385700,490,0,6,-95.0
531701,410210.0,3386030.0,29,240,6,2,2585.0,9.2,487,37,6,410040,3385730,490,0,7,-78.31
531701,410210.0,3386030.0,29,240,6,2,2585.0,9.2,487,37,6,410050,3385740,490,0,6,-76.14
531701,410210.0,3386030.0,29,240,6,2,2585.0,9.2,487,37,6,410065,3385745,490,0,7,-75.33
531701,410210.0,3386030.0,29,240,6,2,2585.0,9.2,487,37,6,410030,3385720,490,0,7,-81.76
531701,410210.0,3386030.0,29,240,6,2,2585.0,9.2,487,37,6,410045,3385725,490,0,7,-78.07
531701,410210.0,3386030.0,29,240,6,2,2585.0,9.2,487,37,6,410190,3385880,489,0,7,-67.5
531701,410210.0,3386030.0,29,240,6,2,2585.0,9.2,487,37,6,410055,3385735,490,0,6,-80.7
531701,410210.0,3386030.0,29,240,6,2,2585.0,9.2,487,37,6,410035,3385715,490,0,7,-84.0
531701,410210.0,3386030.0,29,240,6,2,2585.0,9.2,487,37,6,410075,3385755,490,0,6,-73.0
531701,410210.0,3386030.0,29,240,6,2,2585.0,9.2,487,37,6,410155,3386110,487,0,5,-98.5
531701,410210.0,3386030.0,29,240,6,2,2585.0,9.2,487,37,6,409985,3385960,493,0,6,-81.0
531701,410210.0,3386030.0,29,240,6,2,2585.0,9.2,487,37,6,410240,3385760,488,0,6,-91.75
531701,410210.0,3386030.0,29,240,6,2,2585.0,9.2,487,37,6,410315,3385685,487,0,7,-92.9
531701,410210.0,3386030.0,29,240,6,2,2585.0,9.2,487,37,6,410265,3385735,488,0,6,-90.31
531701,410210.0,3386030.0,29,240,6,2,2585.0,9.2,487,37,6,410325,3385675,487,0,7,-96.2
531701,410210.0,3386030.0,29,240,6,2,2585.0,9.2,487,37,6,410275,3385725,488,0,6,-92.07
531701,410210.0,3386030.0,29,240,6,2,2585.0,9.2,487,37,6,410285,3385715,488,0,7,-91.31
531701,410210.0,3386030.0,29,240,6,2,2585.0,9.2,487,37,6,410260,3385740,488,0,6,-88.04
531701,410210.0,3386030.0,29,240,6,2,2585.0,9.2,487,37,6,410330,3385670,487,0,7,-93.6
531701,410210.0,3386030.0,29,240,6,2,2585.0,9.2,487,37,6,410245,3385755,488,0,6,-87.88
531701,410210.0,3386030.0,29,240,6,2,2585.0,9.2,487,37,6,410305,3385695,488,0,7,-92.13
531701,410210.0,3386030.0,29,240,6,2,2585.0,9.2,487,37,6,410300,3385700,488,0,7,-93.2
531701,410210.0,3386030.0,29,240,6,2,2585.0,9.2,487,37,6,410310,3385690,487,0,7,-90.87
531701,410210.0,3386030.0,29,240,6,2,2585.0,9.2,487,37,6,410250,3385750,488,0,6,-85.92
531701,410210.0,3386030.0,29,240,6,2,2585.0,9.2,487,37,6,410290,3385710,488,0,7,-91.44
531701,410210.0,3386030.0,29,240,6,2,2585.0,9.2,487,37,6,410280,3385720,488,0,7,-91.23
531701,410210.0,3386030.0,29,240,6,2,2585.0,9.2,487,37,6,410270,3385730,488,0,6,-88.41
531701,410210.0,3386030.0,29,240,6,2,2585.0,9.2,487,37,6,410340,3385660,488,0,7,-94.67
531701,410210.0,3386030.0,29,240,6,2,2585.0,9.2,487,37,6,410295,3385705,488,0,7,-93.0
531701,410210.0,3386030.0,29,240,6,2,2585.0,9.2,487,37,6,410255,3385745,488,0,6,-86.35
531701,410210.0,3386030.0,29,240,6,2,2585.0,9.2,487,37,6,410335,3385665,487,0,7,-90.5
531701,410210.0,3386030.0,29,240,6,2,2585.0,9.2,487,37,6,410320,3385680,487,0,7,-93.33
531701,410210.0,3386030.0,29,240,6,2,2585.0,9.2,487,37,6,410130,3385520,488,0,12,-95.5
531701,410210.0,3386030.0,29,240,6,2,2585.0,9.2,487,37,6,410240,3385795,488,0,6,-75.0
531701,410210.0,3386030.0,29,240,6,2,2585.0,9.2,487,37,6,410270,3385765,488,0,6,-93.5
531701,410210.0,3386030.0,29,240,6,2,2585.0,9.2,487,37,6,410275,3385770,488,0,6,-90.0
531701,410210.0,3386030.0,29,240,6,2,2585.0,9.2,487,37,6,410290,3385825,488,0,7,-79.42
531701,410210.0,3386030.0,29,240,6,2,2585.0,9.2,487,37,6,410250,3385785,488,0,6,-78.86
531701,410210.0,3386030.0,29,240,6,2,2585.0,9.2,487,37,6,410285,3385840,488,0,7,-82.67
531701,410210.0,3386030.0,29,240,6,2,2585.0,9.2,487,37,6,410255,3385790,488,0,6,-78.33
531701,410210.0,3386030.0,29,240,6,2,2585.0,9.2,487,37,6,410280,3385835,488,0,7,-79.62
531701,410210.0,3386030.0,29,240,6,2,2585.0,9.2,487,37,6,410295,3385830,488,0,7,-78.52
531701,410210.0,3386030.0,29,240,6,2,2585.0,9.2,487,37,6,410245,3385800,488,0,7,-82.25
531701,410210.0,3386030.0,29,240,6,2,2585.0,9.2,487,37,6,410130,3385995,487,0,7,-86.5
531701,410210.0,3386030.0,29,240,6,2,2585.0,9.2,487,37,6,410120,3385985,488,0,7,-89.8
531701,410210.0,3386030.0,29,240,6,2,2585.0,9.2,487,37,6,409910,3385735,487,0,6,-89.0
531701,410210.0,3386030.0,29,240,6,2,2585.0,9.2,487,37,6,409900,3385725,487,0,7,-83.5
531701,410210.0,3386030.0,29,240,6,2,2585.0,9.2,487,37,6,410175,3386040,486,37,6,-97.67
531701,410210.0,3386030.0,29,240,6,2,2585.0,9.2,487,37,6,410150,3385975,487,0,7,-84.33
531701,410210.0,3386030.0,29,240,6,2,2585.0,9.2,487,37,6,410125,3385990,487,0,5,-88.0
531701,410210.0,3386030.0,29,240,6,2,2585.0,9.2,487,37,6,409905,3385730,487,0,7,-86.33
531701,410210.0,3386030.0,29,240,6,2,2585.0,9.2,487,37,6,410095,3385920,489,0,5,-71.5
531701,410210.0,3386030.0,29,240,6,2,2585.0,9.2,487,37,6,410235,3385780,488,0,6,-89.0
531701,410210.0,3386030.0,29,240,6,2,2585.0,9.2,487,37,6,409995,3385700,489,0,6,-76.0
531701,410210.0,3386030.0,29,240,6,2,2585.0,9.2,487,37,6,409970,3385715,489,0,7,-82.0
531701,410210.0,3386030.0,29,240,6,2,2585.0,9.2,487,37,6,409945,3385730,488,0,7,-83.76
531701,410210.0,3386030.0,29,240,6,2,2585.0,9.2,487,37,6,409955,3385740,489,0,6,-83.8
531701,410210.0,3386030.0,29,240,6,2,2585.0,9.2,487,37,6,409950,3385735,488,0,6,-83.7
531701,410210.0,3386030.0,29,240,6,2,2585.0,9.2,487,37,6,409975,3385720,489,0,7,-83.13
531701,410210.0,3386030.0,29,240,6,2,2585.0,9.2,487,37,6,409940,3385725,488,0,7,-86.25
531701,410210.0,3386030.0,29,240,6,2,2585.0,9.2,487,37,6,409935,3385760,488,0,6,-78.5
531701,410210.0,3386030.0,29,240,6,2,2585.0,9.2,487,37,6,409925,3385750,488,0,7,-86.69
531701,410210.0,3386030.0,29,240,6,2,2585.0,9.2,487,37,6,410220,3385765,488,0,6,-90.4
531701,410210.0,3386030.0,29,240,6,2,2585.0,9.2,487,37,6,410230,3385775,488,0,6,-87.33
531701,410210.0,3386030.0,29,240,6,2,2585.0,9.2,487,37,6,409920,3385745,488,0,6,-88.5
531701,410210.0,3386030.0,29,240,6,2,2585.0,9.2,487,37,6,410130,3385765,489,0,6,-92.5
531701,410210.0,3386030.0,29,240,6,2,2585.0,9.2,487,37,6,410025,3385760,490,0,6,-77.67
531701,410210.0,3386030.0,29,240,6,2,2585.0,9.2,487,37,6,410030,3385745,490,0,6,-79.07
531701,410210.0,3386030.0,29,240,6,2,2585.0,9.2,487,37,6,410065,3385720,490,0,7,-78.64
531701,410210.0,3386030.0,29,240,6,2,2585.0,9.2,487,37,6,410075,3385710,491,0,7,-81.5
531701,410210.0,3386030.0,29,240,6,2,2585.0,9.2,487,37,6,410000,3385735,490,0,6,-81.45
531701,410210.0,3386030.0,29,240,6,2,2585.0,9.2,487,37,6,410010,3385725,490,0,6,-81.32
531701,410210.0,3386030.0,29,240,6,2,2585.0,9.2,487,37,6,410005,3385740,490,0,6,-79.76
531701,410210.0,3386030.0,29,240,6,2,2585.0,9.2,487,37,6,410020,3385755,490,0,6,-77.85
531701,410210.0,3386030.0,29,240,6,2,2585.0,9.2,487,37,6,410015,3385730,490,0,6,-81.02
531701,410210.0,3386030.0,29,240,6,2,2585.0,9.2,487,37,6,410035,3385750,490,0,6,-75.77
531701,410210.0,3386030.0,29,240,6,2,2585.0,9.2,487,37,6,410070,3385705,491,0,7,-76.0
531701,410210.0,3386030.0,29,240,6,2,2585.0,9.2,487,37,6,410060,3385715,490,0,7,-76.0
531701,410210.0,3386030.0,29,240,6,2,2585.0,9.2,487,37,6,410045,3385700,490,0,7,-72.0
531701,410210.0,3386030.0,29,240,6,2,2585.0,9.2,487,37,6,410040,3385890,491,14,5,-80.0
531701,410210.0,3386030.0,29,240,6,2,2585.0,9.2,487,37,6,410020,3385870,491,14,5,-100.5
531701,410210.0,3386030.0,29,240,6,2,2585.0,9.2,487,37,6,410200,3385730,489,0,6,-89.65
531701,410210.0,3386030.0,29,240,6,2,2585.0,9.2,487,37,6,410170,3385700,489,0,7,-83.5
531701,410210.0,3386030.0,29,240,6,2,2585.0,9.2,487,37,6,410060,3385910,490,14,5,-98.5
531701,410210.0,3386030.0,29,240,6,2,2585.0,9.2,487,37,6,410180,3385710,489,0,7,-91.5
531701,410210.0,3386030.0,29,240,6,2,2585.0,9.2,487,37,6,410185,3385705,489,0,7,-88.0
531701,410210.0,3386030.0,29,240,6,2,2585.0,9.2,487,37,6,410055,3385895,490,14,5,-98.81
531701,410210.0,3386030.0,29,240,6,2,2585.0,9.2,487,37,6,410175,3385695,489,0,7,-83.14
531701,410210.0,3386030.0,29,240,6,2,2585.0,9.2,487,37,6,410220,3385750,488,0,6,-91.27
531701,410210.0,3386030.0,29,240,6,2,2585.0,9.2,487,37,6,410150,3385680,489,0,7,-94.5
531701,410210.0,3386030.0,29,240,6,2,2585.0,9.2,487,37,6,410145,3385665,489,0,7,-91.33
531701,410210.0,3386030.0,29,240,6,2,2585.0,9.2,487,37,6,410205,3385725,489,0,7,-85.63
531701,410210.0,3386030.0,29,240,6,2,2585.0,9.2,487,37,6,410190,3385720,489,0,6,-86.41
531701,410210.0,3386030.0,29,240,6,2,2585.0,9.2,487,37,6,410165,3385685,489,0,7,-97.5
531701,410210.0,3386030.0,29,240,6,2,2585.0,9.2,487,37,6,410195,3385715,489,0,6,-85.5
531701,410210.0,3386030.0,29,240,6,2,2585.0,9.2,487,37,6,410160,3385690,489,0,7,-98.25
531701,410210.0,3386030.0,29,240,6,2,2585.0,9.2,487,37,6,410210,3385740,489,0,6,-91.21
531701,410210.0,3386030.0,29,240,6,2,2585.0,9.2,487,37,6,410225,3385745,488,0,6,-92.9
531701,410210.0,3386030.0,29,240,6,2,2585.0,9.2,487,37,6,410215,3385735,489,0,6,-91.47
531701,410210.0,3386030.0,29,240,6,2,2585.0,9.2,487,37,6,409995,3385835,491,0,6,-85.25
531701,410210.0,3386030.0,29,240,6,2,2585.0,9.2,487,37,6,410155,3385675,489,0,7,-98.33
531701,410210.0,3386030.0,29,240,6,2,2585.0,9.2,487,37,6,410000,3385850,491,0,6,-88.0
531701,410210.0,3386030.0,29,240,6,2,2585.0,9.2,487,37,6,410235,3385755,488,0,6,-91.29
531701,410210.0,3386030.0,29,240,6,2,2585.0,9.2,487,37,6,410230,3385760,488,0,6,-89.5
531701,410210.0,3386030.0,29,240,6,2,2585.0,9.2,487,37,6,410070,3385920,489,14,5,-88.4
531701,410210.0,3386030.0,29,240,6,2,2585.0,9.2,487,37,6,410095,3385905,489,0,5,-66.67
531701,410210.0,3386030.0,29,240,6,2,2585.0,9.2,487,37,6,410225,3385775,488,0,6,-89.0
531701,410210.0,3386030.0,29,240,6,2,2585.0,9.2,487,37,6,409955,3385725,488,0,7,-83.95
531701,410210.0,3386030.0,29,240,6,2,2585.0,9.2,487,37,6,409940,3385740,488,0,6,-86.33
531701,410210.0,3386030.0,29,240,6,2,2585.0,9.2,487,37,6,410215,3385785,488,0,6,-85.73
531701,410210.0,3386030.0,29,240,6,2,2585.0,9.2,487,37,6,409930,3385750,488,0,7,-85.07
531701,410210.0,3386030.0,29,240,6,2,2585.0,9.2,487,37,6,409925,3385755,488,0,6,-81.5
531701,410210.0,3386030.0,29,240,6,2,2585.0,9.2,487,37,6,409950,3385730,488,0,7,-82.18
531701,410210.0,3386030.0,29,240,6,2,2585.0,9.2,487,37,6,409945,3385735,488,0,6,-84.8
531701,410210.0,3386030.0,29,240,6,2,2585.0,9.2,487,37,6,409935,3385745,488,0,6,-87.79
531701,410210.0,3386030.0,29,240,6,2,2585.0,9.2,487,37,6,410235,3385765,488,0,6,-87.75
531701,410210.0,3386030.0,29,240,6,2,2585.0,9.2,487,37,6,410220,3385780,488,0,6,-89.0
531701,410210.0,3386030.0,29,240,6,2,2585.0,9.2,487,37,6,409965,3385715,489,0,7,-79.67
531701,410210.0,3386030.0,29,240,6,2,2585.0,9.2,487,37,6,409960,3385720,489,0,7,-83.91
531701,410210.0,3386030.0,29,240,6,2,2585.0,9.2,487,37,6,410145,3385760,488,0,6,-87.5
531701,410210.0,3386030.0,29,240,6,2,2585.0,9.2,487,37,6,409905,3386000,494,0,5,-86.0
531701,410210.0,3386030.0,29,240,6,2,2585.0,9.2,487,37,6,410090,3385685,490,0,7,-92.14
531701,410210.0,3386030.0,29,240,6,2,2585.0,9.2,487,37,6,410200,3385655,489,0,7,-85.86
531701,410210.0,3386030.0,29,240,6,2,2585.0,9.2,487,37,6,410080,3385695,491,0,7,-90.0
531701,410210.0,3386030.0,29,240,6,2,2585.0,9.2,487,37,6,410000,3385775,490,0,6,-77.86
531701,410210.0,3386030.0,29,240,6,2,2585.0,9.2,487,37,6,410110,3385705,490,0,7,-83.2
531701,410210.0,3386030.0,29,240,6,2,2585.0,9.2,487,37,6,410225,3385680,489,0,6,-89.13
531701,410210.0,3386030.0,29,240,6,2,2585.0,9.2,487,37,6,410155,3385750,488,0,6,-85.24
531701,410210.0,3386030.0,29,240,6,2,2585.0,9.2,487,37,6,410005,3385780,490,0,6,-76.67
531701,410210.0,3386030.0,29,240,6,2,2585.0,9.2,487,37,6,410115,3385710,490,0,7,-81.33
531701,410210.0,3386030.0,29,240,6,2,2585.0,9.2,487,37,6,410100,3385715,490,0,7,-81.91
531701,410210.0,3386030.0,29,240,6,2,2585.0,9.2,487,37,6,410130,3385725,489,0,7,-82.16
531701,410210.0,3386030.0,29,240,6,2,2585.0,9.2,487,37,6,410205,3385660,489,0,7,-91.0
531701,410210.0,3386030.0,29,240,6,2,2585.0,9.2,487,37,6,410120,3385735,489,0,6,-85.8
531701,410210.0,3386030.0,29,240,6,2,2585.0,9.2,487,37,6,410125,3385740,489,0,6,-89.07
531701,410210.0,3386030.0,29,240,6,2,2585.0,9.2,487,37,6,410085,3385700,491,0,7,-80.33
531701,410210.0,3386030.0,29,240,6,2,2585.0,9.2,487,37,6,410210,3385645,488,0,7,-87.92
531701,410210.0,3386030.0,29,240,6,2,2585.0,9.2,487,37,6,410010,3385765,490,0,6,-80.0
531701,410210.0,3386030.0,29,240,6,2,2585.0,9.2,487,37,6,410135,3385730,489,0,6,-84.38
531701,410210.0,3386030.0,29,240,6,2,2585.0,9.2,487,37,6,410105,3385720,490,0,7,-79.64
531701,410210.0,3386030.0,29,240,6,2,2585.0,9.2,487,37,6,410220,3385675,489,0,7,-92.6
531701,410210.0,3386030.0,29,240,6,2,2585.0,9.2,487,37,6,410150,3385745,489,0,6,-86.55
531701,410210.0,3386030.0,29,240,6,2,2585.0,9.2,487,37,6,409950,3385865,492,18,7,-106.5
531701,410210.0,3386030.0,29,240,6,2,2585.0,9.2,487,37,6,410215,3385650,488,0,7,-91.5
531701,410210.0,3386030.0,29,240,6,2,2585.0,9.2,487,37,6,410095,3385690,490,0,7,-86.6
531701,410210.0,3386030.0,29,240,6,2,2585.0,9.2,487,37,6,410065,3385840,490,0,5,-74.5
531701,410210.0,3386030.0,29,240,6,2,2585.0,9.2,487,37,6,410015,3385770,490,0,6,-79.33
531701,410210.0,3386030.0,29,240,6,2,2585.0,9.2,487,37,6,410140,3385755,489,0,6,-86.71
531701,410210.0,3386030.0,29,240,6,2,2585.0,9.2,487,37,6,410225,3385780,488,0,6,-85.5
531701,410210.0,3386030.0,29,240,6,2,2585.0,9.2,487,37,6,410215,3385790,488,0,6,-85.2
531701,410210.0,3386030.0,29,240,6,2,2585.0,9.2,487,37,6,410235,3385770,488,0,6,-88.67
531701,410210.0,3386030.0,29,240,6,2,2585.0,9.2,487,37,6,409920,3385755,488,0,6,-87.0
531701,410210.0,3386030.0,29,240,6,2,2585.0,9.2,487,37,6,409950,3385725,488,0,7,-82.85
531701,410210.0,3386030.0,29,240,6,2,2585.0,9.2,487,37,6,409940,3385735,488,0,6,-84.77
531701,410210.0,3386030.0,29,240,6,2,2585.0,9.2,487,37,6,409955,3385730,489,0,7,-83.21
531701,410210.0,3386030.0,29,240,6,2,2585.0,9.2,487,37,6,409930,3385745,488,0,6,-85.0
531701,410210.0,3386030.0,29,240,6,2,2585.0,9.2,487,37,6,409965,3385720,489,0,7,-84.0
531701,410210.0,3386030.0,29,240,6,2,2585.0,9.2,487,37,6,409960,3385715,488,0,7,-86.5
531701,410210.0,3386030.0,29,240,6,2,2585.0,9.2,487,37,6,409945,3385740,488,0,6,-85.67
531701,410210.0,3386030.0,29,240,6,2,2585.0,9.2,487,37,6,410210,3385785,488,0,6,-86.0
531701,410210.0,3386030.0,29,240,6,2,2585.0,9.2,487,37,6,409935,3385750,488,0,7,-86.11
531701,410210.0,3386030.0,29,240,6,2,2585.0,9.2,487,37,6,410245,3385975,487,0,7,-84.33
531701,410210.0,3386030.0,29,240,6,2,2585.0,9.2,487,37,6,410240,3385980,487,0,7,-88.0
531701,410210.0,3386030.0,29,240,6,2,2585.0,9.2,487,37,6,410275,3385985,487,0,7,-84.0
531701,410210.0,3386030.0,29,240,6,2,2585.0,9.2,487,37,6,410195,3386010,487,0,7,-90.8
531701,410210.0,3386030.0,29,240,6,2,2585.0,9.2,487,37,6,410175,3386030,486,37,6,-88.0
531701,410210.0,3386030.0,29,240,6,2,2585.0,9.2,487,37,6,409910,3385725,487,0,7,-88.5
531701,410210.0,3386030.0,29,240,6,2,2585.0,9.2,487,37,6,410190,3386005,487,0,7,-75.5
531701,410210.0,3386030.0,29,240,6,2,2585.0,9.2,487,37,6,409890,3385745,487,0,6,-85.0
531701,410210.0,3386030.0,29,240,6,2,2585.0,9.2,487,37,6,409895,3385750,487,0,7,-86.44
531701,410210.0,3386030.0,29,240,6,2,2585.0,9.2,487,37,6,410140,3385975,487,0,7,-80.75
531701,410210.0,3386030.0,29,240,6,2,2585.0,9.2,487,37,6,409915,3385730,487,0,7,-87.27
531701,410210.0,3386030.0,29,240,6,2,2585.0,9.2,487,37,6,410130,3385985,487,0,7,-82.5
531701,410210.0,3386030.0,29,240,6,2,2585.0,9.2,487,37,6,409900,3385735,487,0,6,-87.0
531701,410210.0,3386030.0,29,240,6,2,2585.0,9.2,487,37,6,410080,3385840,489,0,5,-64.0
531701,410210.0,3386030.0,29,240,6,2,2585.0,9.2,487,37,6,410085,3385835,489,0,7,-70.0
531701,410210.0,3386030.0,29,240,6,2,2585.0,9.2,487,37,6,410005,3385755,490,0,6,-75.91
531701,410210.0,3386030.0,29,240,6,2,2585.0,9.2,487,37,6,410055,3385705,491,0,7,-81.0
531701,410210.0,3386030.0,29,240,6,2,2585.0,9.2,487,37,6,410025,3385735,490,0,6,-77.05
531701,410210.0,3386030.0,29,240,6,2,2585.0,9.2,487,37,6,410000,3385760,490,0,6,-77.27
531701,410210.0,3386030.0,29,240,6,2,2585.0,9.2,487,37,6,410035,3385725,490,0,7,-78.68
531701,410210.0,3386030.0,29,240,6,2,2585.0,9.2,487,37,6,410040,3385720,490,0,7,-78.36
531701,410210.0,3386030.0,29,240,6,2,2585.0,9.2,487,37,6,410030,3385730,490,0,7,-79.3
531701,410210.0,3386030.0,29,240,6,2,2585.0,9.2,487,37,6,410010,3385750,490,0,6,-75.91
531701,410210.0,3386030.0,29,240,6,2,2585.0,9.2,487,37,6,410075,3385685,490,0,7,-99.33
531701,410210.0,3386030.0,29,240,6,2,2585.0,9.2,487,37,6,410020,3385740,490,0,6,-81.36
531701,410210.0,3386030.0,29,240,6,2,2585.0,9.2,487,37,6,410070,3385690,491,0,7,-87.5
531701,410210.0,3386030.0,29,240,6,2,2585.0,9.2,487,37,6,410015,3385745,490,0,6,-78.15
531701,410210.0,3386030.0,29,240,6,2,2585.0,9.2,487,37,6,410060,3385700,491,0,7,-83.8
531701,410210.0,3386030.0,29,240,6,2,2585.0,9.2,487,37,6,410050,3385710,490,0,7,-80.0
531701,410210.0,3386030.0,29,240,6,2,2585.0,9.2,487,37,6,410065,3385695,491,0,7,-91.0
531701,410210.0,3386030.0,29,240,6,2,2585.0,9.2,487,37,6,410045,3385715,490,0,7,-82.5
531701,410210.0,3386030.0,29,240,6,2,2585.0,9.2,487,37,6,409985,3385985,492,0,6,-76.0
531701,410210.0,3386030.0,29,240,6,2,2585.0,9.2,487,37,6,410030,3386040,489,26,6,-108.5
531701,410210.0,3386030.0,29,240,6,2,2585.0,9.2,487,37,6,409980,3385990,492,0,5,-81.0
531701,410210.0,3386030.0,29,240,6,2,2585.0,9.2,487,37,6,410005,3385460,488,0,6,-101.5
531701,410210.0,3386030.0,29,240,6,2,2585.0,9.2,487,37,6,410420,3385685,487,0,6,-98.33
531701,410210.0,3386030.0,29,240,6,2,2585.0,9.2,487,37,6,410400,3385705,487,0,6,-95.5
531701,410210.0,3386030.0,29,240,6,2,2585.0,9.2,487,37,6,407275,3386955,492,0,5,-97.5
531701,410210.0,3386030.0,29,240,6,2,2585.0,9.2,487,37,6,407255,3386935,492,0,5,-108.5
531701,410210.0,3386030.0,29,240,6,2,2585.0,9.2,487,37,6,407265,3386945,492,0,5,-98.5
531701,410210.0,3386030.0,29,240,6,2,2585.0,9.2,487,37,6,407270,3386960,492,0,15,-95.25
531701,410210.0,3386030.0,29,240,6,2,2585.0,9.2,487,37,6,410255,3385770,488,0,6,-77.0
531701,410210.0,3386030.0,29,240,6,2,2585.0,9.2,487,37,6,410315,3385830,487,0,7,-83.41
531701,410210.0,3386030.0,29,240,6,2,2585.0,9.2,487,37,6,410300,3385835,488,0,7,-79.39
531701,410210.0,3386030.0,29,240,6,2,2585.0,9.2,487,37,6,410310,3385825,487,0,7,-82.67
531701,410210.0,3386030.0,29,240,6,2,2585.0,9.2,487,37,6,410305,3385840,487,0,7,-83.5
531701,410210.0,3386030.0,29,240,6,2,2585.0,9.2,487,37,6,410250,3385765,488,0,6,-78.94
531701,410210.0,3386030.0,29,240,6,2,2585.0,9.2,487,37,6,410245,3385780,488,0,6,-78.8
531701,410210.0,3386030.0,29,240,6,2,2585.0,9.2,487,37,6,410355,3385870,486,0,6,-83.0
531701,410210.0,3386030.0,29,240,6,2,2585.0,9.2,487,37,6,410240,3385775,488,0,6,-86.0
531701,410210.0,3386030.0,29,240,6,2,2585.0,9.2,487,37,6,410330,3385845,487,0,7,-88.0
531701,410210.0,3386030.0,29,240,6,2,2585.0,9.2,487,37,6,410260,3385795,488,0,6,-78.0
531701,410210.0,3386030.0,29,240,6,2,2585.0,9.2,487,37,6,407265,3386965,492,0,15,-94.6
531701,410210.0,3386030.0,29,240,6,2,2585.0,9.2,487,37,6,407305,3386925,493,0,6,-98.25
531701,410210.0,3386030.0,29,240,6,2,2585.0,9.2,487,37,6,407285,3386945,492,0,5,-95.5
531701,410210.0,3386030.0,29,240,6,2,2585.0,9.2,487,37,6,407300,3386930,493,0,6,-92.0
531701,410210.0,3386030.0,29,240,6,2,2585.0,9.2,487,37,6,407315,3386935,493,0,6,-93.82
531701,410210.0,3386030.0,29,240,6,2,2585.0,9.2,487,37,6,407310,3386940,493,0,6,-89.75
531701,410210.0,3386030.0,29,240,6,2,2585.0,9.2,487,37,6,407280,3386950,492,0,5,-88.5
531701,410210.0,3386030.0,29,240,6,2,2585.0,9.2,487,37,6,407260,3386970,492,0,15,-90.0
531701,410210.0,3386030.0,29,240,6,2,2585.0,9.2,487,37,6,409980,3385480,488,0,5,-83.5
531701,410210.0,3386030.0,29,240,6,2,2585.0,9.2,487,37,6,410250,3385730,489,0,6,-85.33
531701,410210.0,3386030.0,29,240,6,2,2585.0,9.2,487,37,6,410295,3385685,488,0,7,-93.67
531701,410210.0,3386030.0,29,240,6,2,2585.0,9.2,487,37,6,410290,3385690,488,0,7,-94.39
531701,410210.0,3386030.0,29,240,6,2,2585.0,9.2,487,37,6,410265,3385755,488,0,6,-87.64
531701,410210.0,3386030.0,29,240,6,2,2585.0,9.2,487,37,6,410325,3385655,488,0,7,-80.0
531701,410210.0,3386030.0,29,240,6,2,2585.0,9.2,487,37,6,410315,3385705,487,0,7,-91.73
531701,410210.0,3386030.0,29,240,6,2,2585.0,9.2,487,37,6,410285,3385695,488,0,7,-95.48
531701,410210.0,3386030.0,29,240,6,2,2585.0,9.2,487,37,6,410340,3385680,487,0,7,-86.64
531701,410210.0,3386030.0,29,240,6,2,2585.0,9.2,487,37,6,410280,3385700,488,0,7,-92.23
531701,410210.0,3386030.0,29,240,6,2,2585.0,9.2,487,37,6,410240,3385740,489,0,6,-87.12
531701,410210.0,3386030.0,29,240,6,2,2585.0,9.2,487,37,6,410345,3385675,487,0,7,-86.5
531701,410210.0,3386030.0,29,240,6,2,2585.0,9.2,487,37,6,410350,3385670,487,0,6,-89.1
531701,410210.0,3386030.0,29,240,6,2,2585.0,9.2,487,37,6,410310,3385710,487,0,7,-87.56
531701,410210.0,3386030.0,29,240,6,2,2585.0,9.2,487,37,6,410300,3385720,488,0,7,-86.6
531701,410210.0,3386030.0,29,240,6,2,2585.0,9.2,487,37,6,410255,3385725,488,0,6,-85.44
531701,410210.0,3386030.0,29,240,6,2,2585.0,9.2,487,37,6,410305,3385715,488,0,7,-86.25
531701,410210.0,3386030.0,29,240,6,2,2585.0,9.2,487,37,6,410275,3385745,488,0,6,-90.08
531701,410210.0,3386030.0,29,240,6,2,2585.0,9.2,487,37,6,410260,3385760,488,0,6,-88.0
531701,410210.0,3386030.0,29,240,6,2,2585.0,9.2,487,37,6,410245,3385735,489,0,6,-83.0
531701,410210.0,3386030.0,29,240,6,2,2585.0,9.2,487,37,6,410355,3385665,488,0,6,-92.25
531701,410210.0,3386030.0,29,240,6,2,2585.0,9.2,487,37,6,410270,3385750,488,0,6,-90.62
531701,410210.0,3386030.0,29,240,6,2,2585.0,9.2,487,37,6,410335,3385645,488,0,7,-91.5
531701,410210.0,3386030.0,29,240,6,2,2585.0,9.2,487,37,6,410270,3385590,488,0,7,-95.0
531701,410210.0,3386030.0,29,240,6,2,2585.0,9.2,487,37,6,410275,3385585,488,0,7,-99.67
531701,410210.0,3386030.0,29,240,6,2,2585.0,9.2,487,37,6,410260,3385600,487,0,7,-91.5
531701,410210.0,3386030.0,29,240,6,2,2585.0,9.2,487,37,6,410315,3385845,487,0,7,-87.5
531701,410210.0,3386030.0,29,240,6,2,2585.0,9.2,487,37,6,410355,3385805,487,0,6,-83.17
531701,410210.0,3386030.0,29,240,6,2,2585.0,9.2,487,37,6,410325,3385835,487,0,7,-83.25
531701,410210.0,3386030.0,29,240,6,2,2585.0,9.2,487,37,6,410360,3385800,487,0,6,-83.0
531701,410210.0,3386030.0,29,240,6,2,2585.0,9.2,487,37,6,410345,3385815,487,0,6,-84.71
531701,410210.0,3386030.0,29,240,6,2,2585.0,9.2,487,37,6,410365,3385795,487,0,6,-78.5
531701,410210.0,3386030.0,29,240,6,2,2585.0,9.2,487,37,6,410320,3385840,487,0,7,-85.69
531701,410210.0,3386030.0,29,240,6,2,2585.0,9.2,487,37,6,410340,3385820,487,0,7,-83.84
531701,410210.0,3386030.0,29,240,6,2,2585.0,9.2,487,37,6,410330,3385830,487,0,7,-83.89
531701,410210.0,3386030.0,29,240,6,2,2585.0,9.2,487,37,6,410300,3385860,488,0,7,-83.0
531701,410210.0,3386030.0,29,240,6,2,2585.0,9.2,487,37,6,410350,3385810,487,0,6,-84.41
531701,410210.0,3386030.0,29,240,6,2,2585.0,9.2,487,37,6,410335,3385825,487,0,7,-82.45
531701,410210.0,3386030.0,29,240,6,2,2585.0,9.2,487,37,6,407400,3386850,492,0,5,-90.5
531701,410210.0,3386030.0,29,240,6,2,2585.0,9.2,487,37,6,410250,3386095,488,37,12,-112.67
531701,410210.0,3386030.0,29,240,6,2,2585.0,9.2,487,37,6,410180,3386075,487,37,12,-101.5
531701,410210.0,3386030.0,29,240,6,2,2585.0,9.2,487,37,6,410215,3386010,487,37,7,-82.33
531701,410210.0,3386030.0,29,240,6,2,2585.0,9.2,487,37,6,409870,3385745,487,0,6,-95.0
531701,410210.0,3386030.0,29,240,6,2,2585.0,9.2,487,37,6,410200,3386015,487,0,7,-89.33
531701,410210.0,3386030.0,29,240,6,2,2585.0,9.2,487,37,6,410205,3386020,487,0,7,-99.4
531701,410210.0,3386030.0,29,240,6,2,2585.0,9.2,487,37,6,410210,3386005,487,0,7,-88.73
531701,410210.0,3386030.0,29,240,6,2,2585.0,9.2,487,37,6,407255,3386900,492,0,7,-105.67
531701,410210.0,3386030.0,29,240,6,2,2585.0,9.2,487,37,6,410280,3385980,487,0,7,-93.0
531701,410210.0,3386030.0,29,240,6,2,2585.0,9.2,487,37,6,410070,3385680,490,0,7,-92.0
531701,410210.0,3386030.0,29,240,6,2,2585.0,9.2,487,37,6,410075,3385675,490,0,7,-89.0
531701,410210.0,3386030.0,29,240,6,2,2585.0,9.2,487,37,6,409960,3385730,489,0,7,-82.89
531701,410210.0,3386030.0,29,240,6,2,2585.0,9.2,487,37,6,409965,3385725,489,0,7,-84.12
531701,410210.0,3386030.0,29,240,6,2,2585.0,9.2,487,37,6,409975,3385735,489,0,6,-83.4
531701,410210.0,3386030.0,29,240,6,2,2585.0,9.2,487,37,6,409985,3385745,490,0,6,-79.56
531701,410210.0,3386030.0,29,240,6,2,2585.0,9.2,487,37,6,409995,3385755,490,0,6,-78.5
531701,410210.0,3386030.0,29,240,6,2,2585.0,9.2,487,37,6,409970,3385740,489,0,6,-82.3
531701,410210.0,3386030.0,29,240,6,2,2585.0,9.2,487,37,6,409990,3385760,490,0,6,-75.33
531701,410210.0,3386030.0,29,240,6,2,2585.0,9.2,487,37,6,409980,3385750,490,0,7,-82.71
531701,410210.0,3386030.0,29,240,6,2,2585.0,9.2,487,37,6,410060,3385670,490,0,7,-93.5
531701,410210.0,3386030.0,29,240,6,2,2585.0,9.2,487,37,6,409950,3385720,488,0,7,-85.0
531701,410210.0,3386030.0,29,240,6,2,2585.0,9.2,487,37,6,409945,3385705,488,0,7,-86.67
531701,410210.0,3386030.0,29,240,6,2,2585.0,9.2,487,37,6,410195,3385795,488,0,6,-88.0
531701,410210.0,3386030.0,29,240,6,2,2585.0,9.2,487,37,6,409930,3385715,487,0,7,-87.0
531701,410210.0,3386030.0,29,240,6,2,2585.0,9.2,487,37,6,410050,3385675,490,0,7,-91.67
531701,410210.0,3386030.0,29,240,6,2,2585.0,9.2,487,37,6,409975,3385760,489,0,6,-80.33
531701,410210.0,3386030.0,29,240,6,2,2585.0,9.2,487,37,6,409980,3385725,489,0,7,-82.68
531701,410210.0,3386030.0,29,240,6,2,2585.0,9.2,487,37,6,409995,3385740,490,0,6,-81.48
531701,410210.0,3386030.0,29,240,6,2,2585.0,9.2,487,37,6,409970,3385755,489,0,6,-84.29
531701,410210.0,3386030.0,29,240,6,2,2585.0,9.2,487,37,6,410055,3385680,490,0,7,-91.0
531701,410210.0,3386030.0,29,240,6,2,2585.0,9.2,487,37,6,409985,3385730,489,0,6,-80.87
531701,410210.0,3386030.0,29,240,6,2,2585.0,9.2,487,37,6,410080,3385865,490,0,5,-67.0
531701,410210.0,3386030.0,29,240,6,2,2585.0,9.2,487,37,6,409965,3385750,489,0,7,-82.32
531701,410210.0,3386030.0,29,240,6,2,2585.0,9.2,487,37,6,409960,3385745,489,0,6,-82.24
531701,410210.0,3386030.0,29,240,6,2,2585.0,9.2,487,37,6,409990,3385735,489,0,6,-79.9
531701,410210.0,3386030.0,29,240,6,2,2585.0,9.2,487,37,6,409920,3385705,487,0,7,-90.0
531701,410210.0,3386030.0,29,240,6,2,2585.0,9.2,487,37,6,410190,3385775,488,0,6,-84.33
531701,410210.0,3386030.0,29,240,6,2,2585.0,9.2,487,37,6,409935,3385720,488,0,7,-86.45
531701,410210.0,3386030.0,29,240,6,2,2585.0,9.2,487,37,6,407315,3386920,493,0,6,-97.2
531701,410210.0,3386030.0,29,240,6,2,2585.0,9.2,487,37,6,407320,3386925,493,0,6,-99.0
531701,410210.0,3386030.0,29,240,6,2,2585.0,9.2,487,37,6,407225,3386990,491,0,5,-90.0
531701,410210.0,3386030.0,29,240,6,2,2585.0,9.2,487,37,6,410135,3385665,489,0,7,-86.67
531701,410210.0,3386030.0,29,240,6,2,2585.0,9.2,487,37,6,410125,3385675,490,0,7,-93.17
531701,410210.0,3386030.0,29,240,6,2,2585.0,9.2,487,37,6,410210,3385750,488,0,6,-90.17
531701,410210.0,3386030.0,29,240,6,2,2585.0,9.2,487,37,6,410130,3385670,490,0,7,-97.0
531701,410210.0,3386030.0,29,240,6,2,2585.0,9.2,487,37,6,410170,3385710,489,0,7,-86.33
531701,410210.0,3386030.0,29,240,6,2,2585.0,9.2,487,37,6,410230,3385730,489,0,6,-84.92
531701,410210.0,3386030.0,29,240,6,2,2585.0,9.2,487,37,6,410215,3385745,488,0,6,-91.83
531701,410210.0,3386030.0,29,240,6,2,2585.0,9.2,487,37,6,410165,3385715,489,0,7,-85.78
531701,410210.0,3386030.0,29,240,6,2,2585.0,9.2,487,37,6,410220,3385740,489,0,6,-93.07
531701,410210.0,3386030.0,29,240,6,2,2585.0,9.2,487,37,6,410120,3385680,490,0,7,-95.62
531701,410210.0,3386030.0,29,240,6,2,2585.0,9.2,487,37,6,410235,3385725,489,0,6,-82.81
531701,410210.0,3386030.0,29,240,6,2,2585.0,9.2,487,37,6,410160,3385720,489,0,7,-84.12
531701,410210.0,3386030.0,29,240,6,2,2585.0,9.2,487,37,6,410175,3385705,489,0,7,-82.17
531701,410210.0,3386030.0,29,240,6,2,2585.0,9.2,487,37,6,410225,3385735,489,0,6,-92.42
531701,410210.0,3386030.0,29,240,6,2,2585.0,9.2,487,37,6,410195,3385685,489,0,7,-87.5
531701,410210.0,3386030.0,29,240,6,2,2585.0,9.2,487,37,6,410180,3385700,489,0,7,-86.5
531701,410210.0,3386030.0,29,240,6,2,2585.0,9.2,487,37,6,409965,3385835,491,0,7,-91.0
531701,410210.0,3386030.0,29,240,6,2,2585.0,9.2,487,37,6,410045,3385915,490,14,5,-94.57
531701,410210.0,3386030.0,29,240,6,2,2585.0,9.2,487,37,6,410185,3385695,489,0,7,-85.67
531701,410210.0,3386030.0,29,240,6,2,2585.0,9.2,487,37,6,410040,3385920,490,14,5,-96.63
531701,410210.0,3386030.0,29,240,6,2,2585.0,9.2,487,37,6,409915,3386045,490,0,6,-92.0
531701,410210.0,3386030.0,29,240,6,2,2585.0,9.2,487,37,6,410205,3385755,488,0,6,-88.95
531701,410210.0,3386030.0,29,240,6,2,2585.0,9.2,487,37,6,410005,3385875,491,0,6,-81.38
531701,410210.0,3386030.0,29,240,6,2,2585.0,9.2,487,37,6,409995,3385805,490,0,6,-83.5
531701,410210.0,3386030.0,29,240,6,2,2585.0,9.2,487,37,6,410200,3385760,488,0,6,-88.71
531701,410210.0,3386030.0,29,240,6,2,2585.0,9.2,487,37,6,410065,3385895,490,14,5,-89.75
531701,410210.0,3386030.0,29,240,6,2,2585.0,9.2,487,37,6,410190,3385690,489,0,7,-86.67
531701,410210.0,3386030.0,29,240,6,2,2585.0,9.2,487,37,6,410055,3385905,490,14,5,-99.33
531701,410210.0,3386030.0,29,240,6,2,2585.0,9.2,487,37,6,407360,3386900,493,0,5,-90.0
531701,410210.0,3386030.0,29,240,6,2,2585.0,9.2,487,37,6,407280,3386955,492,0,5,-96.89
531701,410210.0,3386030.0,29,240,6,2,2585.0,9.2,487,37,6,407315,3386930,493,0,6,-93.0
531701,410210.0,3386030.0,29,240,6,2,2585.0,9.2,487,37,6,407295,3386950,493,0,5,-93.0
531701,410210.0,3386030.0,29,240,6,2,2585.0,9.2,487,37,6,407305,3386940,493,0,6,-97.33
531701,410210.0,3386030.0,29,240,6,2,2585.0,9.2,487,37,6,407300,3386935,493,0,6,-91.5
531701,410210.0,3386030.0,29,240,6,2,2585.0,9.2,487,37,6,407310,3386925,493,0,6,-101.0
531701,410210.0,3386030.0,29,240,6,2,2585.0,9.2,487,37,6,407270,3386965,492,0,15,-93.4
531701,410210.0,3386030.0,29,240,6,2,2585.0,9.2,487,37,6,407325,3386920,493,0,6,-92.75
531701,410210.0,3386030.0,29,240,6,2,2585.0,9.2,487,37,6,407285,3386960,492,0,5,-95.0
531701,410210.0,3386030.0,29,240,6,2,2585.0,9.2,487,37,6,410240,3385690,489,0,7,-87.33
531701,410210.0,3386030.0,29,240,6,2,2585.0,9.2,487,37,6,410250,3385700,489,0,7,-85.0
531701,410210.0,3386030.0,29,240,6,2,2585.0,9.2,487,37,6,410370,3385660,488,0,6,-99.2
531701,410210.0,3386030.0,29,240,6,2,2585.0,9.2,487,37,6,410295,3385735,488,0,6,-92.5
531701,410210.0,3386030.0,29,240,6,2,2585.0,9.2,487,37,6,410270,3385720,488,0,6,-91.9
531701,410210.0,3386030.0,29,240,6,2,2585.0,9.2,487,37,6,410380,3385670,488,0,6,-93.0
531701,410210.0,3386030.0,29,240,6,2,2585.0,9.2,487,37,6,410290,3385740,488,0,6,-88.94
531701,410210.0,3386030.0,29,240,6,2,2585.0,9.2,487,37,6,410245,3385685,489,0,7,-84.0
531701,410210.0,3386030.0,29,240,6,2,2585.0,9.2,487,37,6,410255,3385695,489,0,7,-84.57
531701,410210.0,3386030.0,29,240,6,2,2585.0,9.2,487,37,6,410305,3385745,487,0,6,-90.53
531701,410210.0,3386030.0,29,240,6,2,2585.0,9.2,487,37,6,410285,3385725,488,0,6,-91.57
531701,410210.0,3386030.0,29,240,6,2,2585.0,9.2,487,37,6,410280,3385730,488,0,6,-89.91
531701,410210.0,3386030.0,29,240,6,2,2585.0,9.2,487,37,6,410275,3385715,488,0,7,-93.63
531701,410210.0,3386030.0,29,240,6,2,2585.0,9.2,487,37,6,410300,3385750,487,0,6,-90.89
531701,410210.0,3386030.0,29,240,6,2,2585.0,9.2,487,37,6,410265,3385705,488,0,6,-84.67
531701,410210.0,3386030.0,29,240,6,2,2585.0,9.2,487,37,6,410260,3385710,489,0,7,-93.27
531701,410210.0,3386030.0,29,240,6,2,2585.0,9.2,487,37,6,410315,3385755,487,0,6,-92.27
531701,410210.0,3386030.0,29,240,6,2,2585.0,9.2,487,37,6,410360,3385815,487,0,6,-83.5
531701,410210.0,3386030.0,29,240,6,2,2585.0,9.2,487,37,6,410400,3385695,487,0,6,-96.5
531701,410210.0,3386030.0,29,240,6,2,2585.0,9.2,487,37,6,410405,3385700,487,0,7,-90.33
531701,410210.0,3386030.0,29,240,6,2,2585.0,9.2,487,37,6,410415,3385690,487,0,6,-99.5
531701,410210.0,3386030.0,29,240,6,2,2585.0,9.2,487,37,6,410070,3385765,489,0,6,-76.5
531701,410210.0,3386030.0,29,240,6,2,2585.0,9.2,487,37,6,410215,3385630,488,0,7,-91.0
531701,410210.0,3386030.0,29,240,6,2,2585.0,9.2,487,37,6,409990,3385845,491,0,6,-94.0
531701,410210.0,3386030.0,29,240,6,2,2585.0,9.2,487,37,6,410095,3385750,489,0,6,-78.53
531701,410210.0,3386030.0,29,240,6,2,2585.0,9.2,487,37,6,410090,3385745,490,0,7,-75.32
531701,410210.0,3386030.0,29,240,6,2,2585.0,9.2,487,37,6,410130,3385705,490,0,7,-83.67
531701,410210.0,3386030.0,29,240,6,2,2585.0,9.2,487,37,6,410115,3385730,489,0,6,-79.77
531701,410210.0,3386030.0,29,240,6,2,2585.0,9.2,487,37,6,410165,3385680,489,0,7,-94.22
531701,410210.0,3386030.0,29,240,6,2,2585.0,9.2,487,37,6,410155,3385690,489,0,7,-86.67
531701,410210.0,3386030.0,29,240,6,2,2585.0,9.2,487,37,6,410145,3385700,489,0,7,-77.75
531701,410210.0,3386030.0,29,240,6,2,2585.0,9.2,487,37,6,410105,3385740,489,0,6,-82.68
531701,410210.0,3386030.0,29,240,6,2,2585.0,9.2,487,37,6,410160,3385675,489,0,7,-96.25
531701,410210.0,3386030.0,29,240,6,2,2585.0,9.2,487,37,6,410125,3385720,489,0,7,-82.17
531701,410210.0,3386030.0,29,240,6,2,2585.0,9.2,487,37,6,410140,3385695,489,0,7,-77.83
531701,410210.0,3386030.0,29,240,6,2,2585.0,9.2,487,37,6,410085,3385760,489,0,6,-76.0
531701,410210.0,3386030.0,29,240,6,2,2585.0,9.2,487,37,6,410135,3385710,489,0,7,-82.5
531701,410210.0,3386030.0,29,240,6,2,2585.0,9.2,487,37,6,410150,3385685,489,0,7,-99.44
531701,410210.0,3386030.0,29,240,6,2,2585.0,9.2,487,37,6,410170,3385665,489,0,7,-91.5
531701,410210.0,3386030.0,29,240,6,2,2585.0,9.2,487,37,6,410110,3385725,490,0,7,-80.46
531701,410210.0,3386030.0,29,240,6,2,2585.0,9.2,487,37,6,410120,3385715,490,0,7,-81.67
531701,410210.0,3386030.0,29,240,6,2,2585.0,9.2,487,37,6,410000,3385835,491,0,6,-89.2
531701,410210.0,3386030.0,29,240,6,2,2585.0,9.2,487,37,6,410235,3385610,487,0,7,-87.75
531701,410210.0,3386030.0,29,240,6,2,2585.0,9.2,487,37,6,410100,3385735,490,0,6,-76.69
531701,410210.0,3386030.0,29,240,6,2,2585.0,9.2,487,37,6,410185,3385660,489,0,7,-93.5
531701,410210.0,3386030.0,29,240,6,2,2585.0,9.2,487,37,6,410080,3385755,490,0,6,-73.14
531701,410210.0,3386030.0,29,240,6,2,2585.0,9.2,487,37,6,410170,3386110,488,0,5,-104.0
531701,410210.0,3386030.0,29,240,6,2,2585.0,9.2,487,37,6,410185,3386095,487,37,12,-96.67
531701,410210.0,3386030.0,29,240,6,2,2585.0,9.2,487,37,6,409980,3386060,489,0,5,-94.0
531701,410210.0,3386030.0,29,240,6,2,2585.0,9.2,487,37,6,410050,3385990,490,0,14,-72.0
531701,410210.0,3386030.0,29,240,6,2,2585.0,9.2,487,37,6,410175,3386105,488,37,12,-94.5
531701,410210.0,3386030.0,29,240,6,2,2585.0,9.2,487,37,6,410005,3385955,492,0,6,-87.5
531701,410210.0,3386030.0,29,240,6,2,2585.0,9.2,487,37,6,409995,3386045,489,0,6,-89.5
531701,410210.0,3386030.0,29,240,6,2,2585.0,9.2,487,37,6,410245,3385980,487,0,7,-82.6
531701,410210.0,3386030.0,29,240,6,2,2585.0,9.2,487,37,6,410240,3385975,487,0,7,-76.75
531701,410210.0,3386030.0,29,240,6,2,2585.0,9.2,487,37,6,410115,3385550,488,0,12,-94.0
531701,410210.0,3386030.0,29,240,6,2,2585.0,9.2,487,37,6,410265,3385670,488,0,6,-87.05
531701,410210.0,3386030.0,29,240,6,2,2585.0,9.2,487,37,6,410380,3385705,487,0,6,-100.5
531701,410210.0,3386030.0,29,240,6,2,2585.0,9.2,487,37,6,410325,3385730,487,0,6,-87.2
531701,410210.0,3386030.0,29,240,6,2,2585.0,9.2,487,37,6,410390,3385715,487,0,6,-86.0
531701,410210.0,3386030.0,29,240,6,2,2585.0,9.2,487,37,6,410250,3385655,488,0,6,-88.13
531701,410210.0,3386030.0,29,240,6,2,2585.0,9.2,487,37,6,410365,3385690,487,0,6,-86.58
531701,410210.0,3386030.0,29,240,6,2,2585.0,9.2,487,37,6,410255,3385660,488,0,7,-85.18
531701,410210.0,3386030.0,29,240,6,2,2585.0,9.2,487,37,6,410260,3385665,488,0,7,-84.63
531701,410210.0,3386030.0,29,240,6,2,2585.0,9.2,487,37,6,410370,3385695,487,0,6,-87.83
531701,410210.0,3386030.0,29,240,6,2,2585.0,9.2,487,37,6,410375,3385700,487,0,6,-86.71
531701,410210.0,3386030.0,29,240,6,2,2585.0,9.2,487,37,6,410270,3385675,488,0,7,-88.08
531701,410210.0,3386030.0,29,240,6,2,2585.0,9.2,487,37,6,410335,3385740,487,0,6,-90.8
531701,410210.0,3386030.0,29,240,6,2,2585.0,9.2,487,37,6,410275,3385680,488,0,7,-91.37
531701,410210.0,3386030.0,29,240,6,2,2585.0,9.2,487,37,6,410320,3385725,487,0,6,-83.1
531701,410210.0,3386030.0,29,240,6,2,2585.0,9.2,487,37,6,410360,3385685,487,0,6,-85.0
531701,410210.0,3386030.0,29,240,6,2,2585.0,9.2,487,37,6,410330,3385735,487,0,6,-89.56
531701,410210.0,3386030.0,29,240,6,2,2585.0,9.2,487,37,6,410245,3385650,488,0,7,-84.75
531701,410210.0,3386030.0,29,240,6,2,2585.0,9.2,487,37,6,410215,3385985,487,0,7,-82.4
531701,410210.0,3386030.0,29,240,6,2,2585.0,9.2,487,37,6,410205,3385995,487,0,7,-85.92
531701,410210.0,3386030.0,29,240,6,2,2585.0,9.2,487,37,6,410200,3386000,487,0,7,-87.0
531701,410210.0,3386030.0,29,240,6,2,2585.0,9.2,487,37,6,410210,3385990,487,0,7,-82.38
531701,410210.0,3386030.0,29,240,6,2,2585.0,9.2,487,37,6,410095,3386025,488,26,5,-121.5
531701,410210.0,3386030.0,29,240,6,2,2585.0,9.2,487,37,6,410220,3385980,487,0,7,-82.75
531701,410210.0,3386030.0,29,240,6,2,2585.0,9.2,487,37,6,410240,3386065,487,37,12,-99.0
531701,410210.0,3386030.0,29,240,6,2,2585.0,9.2,487,37,6,407220,3386995,491,0,5,-98.5
531701,410210.0,3386030.0,29,240,6,2,2585.0,9.2,487,37,6,407310,3386905,493,0,6,-96.0
531701,410210.0,3386030.0,29,240,6,2,2585.0,9.2,487,37,6,407280,3386895,493,0,6,-101.0
531701,410210.0,3386030.0,29,240,6,2,2585.0,9.2,487,37,6,407320,3386935,493,0,6,-94.25
531701,410210.0,3386030.0,29,240,6,2,2585.0,9.2,487,37,6,407315,3386910,493,0,6,-95.5
531701,410210.0,3386030.0,29,240,6,2,2585.0,9.2,487,37,6,407230,3386985,491,0,5,-95.0
531701,410210.0,3386030.0,29,240,6,2,2585.0,9.2,487,37,6,410180,3386120,488,37,12,-100.5
531701,410210.0,3386030.0,29,240,6,2,2585.0,9.2,487,37,6,410165,3386095,487,0,5,-99.0
531701,410210.0,3386030.0,29,240,6,2,2585.0,9.2,487,37,6,409975,3386045,489,0,6,-91.67
531701,410210.0,3386030.0,29,240,6,2,2585.0,9.2,487,37,6,410175,3386085,487,37,12,-99.5
531701,410210.0,3386030.0,29,240,6,2,2585.0,9.2,487,37,6,410190,3386110,488,37,12,-95.0
531701,410210.0,3386030.0,29,240,6,2,2585.0,9.2,487,37,6,410210,3385150,486,0,6,-89.5
531701,410210.0,3386030.0,29,240,6,2,2585.0,9.2,487,37,6,409830,3385490,488,0,5,-111.0
531701,410210.0,3386030.0,29,240,6,2,2585.0,9.2,487,37,6,410090,3385765,489,0,6,-76.0
531701,410210.0,3386030.0,29,240,6,2,2585.0,9.2,487,37,6,410035,3385710,490,0,7,-84.0
531701,410210.0,3386030.0,29,240,6,2,2585.0,9.2,487,37,6,410045,3385740,490,0,6,-75.41
531701,410210.0,3386030.0,29,240,6,2,2585.0,9.2,487,37,6,410020,3385715,490,0,7,-83.6
531701,410210.0,3386030.0,29,240,6,2,2585.0,9.2,487,37,6,410060,3385755,490,0,6,-81.45
531701,410210.0,3386030.0,29,240,6,2,2585.0,9.2,487,37,6,410030,3385705,490,0,7,-84.0
531701,410210.0,3386030.0,29,240,6,2,2585.0,9.2,487,37,6,410040,3385735,490,0,6,-76.79
531701,410210.0,3386030.0,29,240,6,2,2585.0,9.2,487,37,6,410000,3385695,489,0,6,-98.33
531701,410210.0,3386030.0,29,240,6,2,2585.0,9.2,487,37,6,410050,3385725,490,0,7,-77.34
531701,410210.0,3386030.0,29,240,6,2,2585.0,9.2,487,37,6,410005,3385700,490,0,6,-88.0
531701,410210.0,3386030.0,29,240,6,2,2585.0,9.2,487,37,6,410055,3385730,490,0,7,-77.88
531701,410210.0,3386030.0,29,240,6,2,2585.0,9.2,487,37,6,410025,3385720,490,0,7,-80.43
531701,410210.0,3386030.0,29,240,6,2,2585.0,9.2,487,37,6,410070,3385745,490,0,7,-73.02
531701,410210.0,3386030.0,29,240,6,2,2585.0,9.2,487,37,6,410075,3385750,490,0,6,-74.3
531701,410210.0,3386030.0,29,240,6,2,2585.0,9.2,487,37,6,410210,3385885,489,0,7,-79.0
531701,410210.0,3386030.0,29,240,6,2,2585.0,9.2,487,37,6,410065,3385760,490,0,6,-73.5
531701,410210.0,3386030.0,29,240,6,2,2585.0,9.2,487,37,6,410160,3386070,487,0,5,-92.0
531701,410210.0,3386030.0,29,240,6,2,2585.0,9.2,487,37,6,410180,3386050,486,37,5,-95.5
531701,410210.0,3386030.0,29,240,6,2,2585.0,9.2,487,37,6,410185,3386045,486,37,5,-89.33
531701,410210.0,3386030.0,29,240,6,2,2585.0,9.2,487,37,6,409895,3385715,486,0,7,-93.0
531701,410210.0,3386030.0,29,240,6,2,2585.0,9.2,487,37,6,410235,3386015,487,37,7,-92.67
531701,410210.0,3386030.0,29,240,6,2,2585.0,9.2,487,37,6,410225,3386005,487,0,7,-87.0
531701,410210.0,3386030.0,29,240,6,2,2585.0,9.2,487,37,6,410220,3386010,487,37,7,-85.67
531701,410210.0,3386030.0,29,240,6,2,2585.0,9.2,487,37,6,409890,3385720,487,0,7,-90.0
531701,410210.0,3386030.0,29,240,6,2,2585.0,9.2,487,37,6,409875,3385735,487,0,7,-86.0
531701,410210.0,3386030.0,29,240,6,2,2585.0,9.2,487,37,6,410205,3386025,487,0,7,-92.83
531701,410210.0,3386030.0,29,240,6,2,2585.0,9.2,487,37,6,410200,3386030,487,37,6,-91.5
531701,410210.0,3386030.0,29,240,6,2,2585.0,9.2,487,37,6,410175,3386075,487,37,12,-98.0
531701,410210.0,3386030.0,29,240,6,2,2585.0,9.2,487,37,6,410080,3385990,489,0,14,-81.0
531701,410210.0,3386030.0,29,240,6,2,2585.0,9.2,487,37,6,410230,3386020,487,37,7,-94.0
531701,410210.0,3386030.0,29,240,6,2,2585.0,9.2,487,37,6,410215,3386035,487,37,6,-103.0
531701,410210.0,3386030.0,29,240,6,2,2585.0,9.2,487,37,6,409995,3385480,488,0,5,-90.0
531701,410210.0,3386030.0,29,240,6,2,2585.0,9.2,487,37,6,410150,3386085,487,26,12,-97.0
531701,410210.0,3386030.0,29,240,6,2,2585.0,9.2,487,37,6,410135,3385765,489,0,6,-95.33
531701,410210.0,3386030.0,29,240,6,2,2585.0,9.2,487,37,6,410025,3385755,490,0,6,-77.22
531701,410210.0,3386030.0,29,240,6,2,2585.0,9.2,487,37,6,410005,3385735,490,0,6,-81.1
531701,410210.0,3386030.0,29,240,6,2,2585.0,9.2,487,37,6,410060,3385720,490,0,7,-77.33
531701,410210.0,3386030.0,29,240,6,2,2585.0,9.2,487,37,6,410020,3385760,490,0,6,-79.0
531701,410210.0,3386030.0,29,240,6,2,2585.0,9.2,487,37,6,410010,3385730,490,0,6,-80.62
531701,410210.0,3386030.0,29,240,6,2,2585.0,9.2,487,37,6,410070,3385710,491,0,7,-79.57
531701,410210.0,3386030.0,29,240,6,2,2585.0,9.2,487,37,6,410075,3385705,491,0,7,-82.71
531701,410210.0,3386030.0,29,240,6,2,2585.0,9.2,487,37,6,410000,3385740,490,0,6,-80.96
531701,410210.0,3386030.0,29,240,6,2,2585.0,9.2,487,37,6,410035,3385745,490,0,7,-76.16
531701,410210.0,3386030.0,29,240,6,2,2585.0,9.2,487,37,6,410015,3385725,490,0,6,-79.55
531701,410210.0,3386030.0,29,240,6,2,2585.0,9.2,487,37,6,410050,3385690,490,0,7,-83.67
531701,410210.0,3386030.0,29,240,6,2,2585.0,9.2,487,37,6,410030,3385750,490,0,6,-78.76
531701,410210.0,3386030.0,29,240,6,2,2585.0,9.2,487,37,6,410055,3385685,490,0,7,-87.0
531701,410210.0,3386030.0,29,240,6,2,2585.0,9.2,487,37,6,410065,3385715,491,0,7,-76.5
531701,410210.0,3386030.0,29,240,6,2,2585.0,9.2,487,37,6,410080,3385795,489,0,6,-79.5
531701,410210.0,3386030.0,29,240,6,2,2585.0,9.2,487,37,6,410060,3385735,490,0,6,-75.7
531701,410210.0,3386030.0,29,240,6,2,2585.0,9.2,487,37,6,410025,3385700,490,0,7,-85.0
531701,410210.0,3386030.0,29,240,6,2,2585.0,9.2,487,37,6,410055,3385750,490,0,6,-75.77
531701,410210.0,3386030.0,29,240,6,2,2585.0,9.2,487,37,6,410050,3385745,490,0,7,-75.44
531701,410210.0,3386030.0,29,240,6,2,2585.0,9.2,487,37,6,410040,3385755,490,0,6,-76.67
531701,410210.0,3386030.0,29,240,6,2,2585.0,9.2,487,37,6,410005,3385720,490,0,6,-81.85
531701,410210.0,3386030.0,29,240,6,2,2585.0,9.2,487,37,6,410000,3385715,489,0,6,-82.29
531701,410210.0,3386030.0,29,240,6,2,2585.0,9.2,487,37,6,410115,3385770,489,0,6,-77.5
531701,410210.0,3386030.0,29,240,6,2,2585.0,9.2,487,37,6,410010,3385705,490,0,6,-94.2
531701,410210.0,3386030.0,29,240,6,2,2585.0,9.2,487,37,6,410070,3385725,490,0,7,-78.88
531701,410210.0,3386030.0,29,240,6,2,2585.0,9.2,487,37,6,410065,3385740,490,0,6,-75.0
531701,410210.0,3386030.0,29,240,6,2,2585.0,9.2,487,37,6,410015,3385710,490,0,7,-82.33
531701,410210.0,3386030.0,29,240,6,2,2585.0,9.2,487,37,6,410075,3385730,490,0,6,-76.32
531701,410210.0,3386030.0,29,240,6,2,2585.0,9.2,487,37,6,410045,3385760,490,0,6,-77.5
531701,410210.0,3386030.0,29,240,6,2,2585.0,9.2,487,37,6,407245,3386970,492,0,5,-99.67
531701,410210.0,3386030.0,29,240,6,2,2585.0,9.2,487,37,6,407285,3386930,493,0,7,-97.0
531701,410210.0,3386030.0,29,240,6,2,2585.0,9.2,487,37,6,407300,3386945,493,0,6,-94.0
531701,410210.0,3386030.0,29,240,6,2,2585.0,9.2,487,37,6,407295,3386940,493,0,6,-95.5
531701,410210.0,3386030.0,29,240,6,2,2585.0,9.2,487,37,6,407290,3386935,493,0,6,-95.5
531701,410210.0,3386030.0,29,240,6,2,2585.0,9.2,487,37,6,407250,3386975,492,0,15,-91.67
531701,410210.0,3386030.0,29,240,6,2,2585.0,9.2,487,37,6,407240,3386965,492,0,5,-98.25
531701,410210.0,3386030.0,29,240,6,2,2585.0,9.2,487,37,6,410355,3385820,487,0,6,-88.5
531701,410210.0,3386030.0,29,240,6,2,2585.0,9.2,487,37,6,410325,3385830,487,0,7,-83.03
531701,410210.0,3386030.0,29,240,6,2,2585.0,9.2,487,37,6,410400,3385745,487,0,6,-88.0
531701,410210.0,3386030.0,29,240,6,2,2585.0,9.2,487,37,6,410345,3385810,487,0,6,-83.25
531701,410210.0,3386030.0,29,240,6,2,2585.0,9.2,487,37,6,410425,3385730,487,0,6,-97.5
531701,410210.0,3386030.0,29,240,6,2,2585.0,9.2,487,37,6,410350,3385815,487,0,6,-83.57
531701,410210.0,3386030.0,29,240,6,2,2585.0,9.2,487,37,6,410320,3385825,487,0,7,-80.5
531701,410210.0,3386030.0,29,240,6,2,2585.0,9.2,487,37,6,410330,3385835,487,0,7,-85.25
531701,410210.0,3386030.0,29,240,6,2,2585.0,9.2,487,37,6,410300,3385845,488,0,7,-83.5
531701,410210.0,3386030.0,29,240,6,2,2585.0,9.2,487,37,6,410320,3385685,487,0,7,-88.3
531701,410210.0,3386030.0,29,240,6,2,2585.0,9.2,487,37,6,410310,3385675,488,0,7,-93.67
531701,410210.0,3386030.0,29,240,6,2,2585.0,9.2,487,37,6,410345,3385710,487,0,6,-88.71
531701,410210.0,3386030.0,29,240,6,2,2585.0,9.2,487,37,6,410315,3385680,487,0,7,-95.5
531701,410210.0,3386030.0,29,240,6,2,2585.0,9.2,487,37,6,410255,3385620,487,0,7,-89.22
531701,410210.0,3386030.0,29,240,6,2,2585.0,9.2,487,37,6,410335,3385700,487,0,7,-86.36
531701,410210.0,3386030.0,29,240,6,2,2585.0,9.2,487,37,6,410300,3385665,488,0,7,-93.5
531701,410210.0,3386030.0,29,240,6,2,2585.0,9.2,487,37,6,410330,3385695,487,0,7,-86.6
531701,410210.0,3386030.0,29,240,6,2,2585.0,9.2,487,37,6,410325,3385690,487,0,7,-88.36
531701,410210.0,3386030.0,29,240,6,2,2585.0,9.2,487,37,6,410250,3385615,487,0,7,-91.2
531701,410210.0,3386030.0,29,240,6,2,2585.0,9.2,487,37,6,410370,3385735,487,0,6,-88.0
531701,410210.0,3386030.0,29,240,6,2,2585.0,9.2,487,37,6,410350,3385715,487,0,6,-92.0
531701,410210.0,3386030.0,29,240,6,2,2585.0,9.2,487,37,6,410340,3385705,487,0,7,-88.88
531701,410210.0,3386030.0,29,240,6,2,2585.0,9.2,487,37,6,410355,3385720,487,0,6,-90.33
531701,410210.0,3386030.0,29,240,6,2,2585.0,9.2,487,37,6,410245,3385610,487,0,7,-87.14
531701,410210.0,3386030.0,29,240,6,2,2585.0,9.2,487,37,6,410245,3385790,488,0,6,-81.17
531701,410210.0,3386030.0,29,240,6,2,2585.0,9.2,487,37,6,410295,3385840,488,0,7,-80.89
531701,410210.0,3386030.0,29,240,6,2,2585.0,9.2,487,37,6,410280,3385825,488,0,7,-79.89
531701,410210.0,3386030.0,29,240,6,2,2585.0,9.2,487,37,6,410255,3385800,488,0,7,-75.36
531701,410210.0,3386030.0,29,240,6,2,2585.0,9.2,487,37,6,410285,3385830,488,0,7,-80.12
531701,410210.0,3386030.0,29,240,6,2,2585.0,9.2,487,37,6,410290,3385835,488,0,7,-80.32
531701,410210.0,3386030.0,29,240,6,2,2585.0,9.2,487,37,6,410250,3385795,488,0,6,-78.43
531701,410210.0,3386030.0,29,240,6,2,2585.0,9.2,487,37,6,410260,3385765,488,0,6,-85.0
531701,410210.0,3386030.0,29,240,6,2,2585.0,9.2,487,37,6,410225,3385640,488,0,7,-94.0
531701,410210.0,3386030.0,29,240,6,2,2585.0,9.2,487,37,6,409955,3385910,493,18,14,-95.0
531701,410210.0,3386030.0,29,240,6,2,2585.0,9.2,487,37,6,410005,3385820,490,0,6,-86.0
531701,410210.0,3386030.0,29,240,6,2,2585.0,9.2,487,37,6,409970,3385845,491,0,7,-91.6
531701,410210.0,3386030.0,29,240,6,2,2585.0,9.2,487,37,6,410150,3385705,489,0,7,-78.13
531701,410210.0,3386030.0,29,240,6,2,2585.0,9.2,487,37,6,410140,3385715,489,0,7,-83.13
531701,410210.0,3386030.0,29,240,6,2,2585.0,9.2,487,37,6,409960,3385855,491,5,7,-97.0
531701,410210.0,3386030.0,29,240,6,2,2585.0,9.2,487,37,6,410220,3385635,488,0,7,-88.5
531701,410210.0,3386030.0,29,240,6,2,2585.0,9.2,487,37,6,410185,3385680,489,0,7,-93.33
531701,410210.0,3386030.0,29,240,6,2,2585.0,9.2,487,37,6,410155,3385710,489,0,7,-88.11
531701,410210.0,3386030.0,29,240,6,2,2585.0,9.2,487,37,6,410090,3385725,490,0,7,-77.82
531701,410210.0,3386030.0,29,240,6,2,2585.0,9.2,487,37,6,410085,3385740,490,0,6,-74.67
531701,410210.0,3386030.0,29,240,6,2,2585.0,9.2,487,37,6,410190,3385665,489,0,7,-90.0
531701,410210.0,3386030.0,29,240,6,2,2585.0,9.2,487,37,6,410145,3385720,489,0,7,-81.81
531701,410210.0,3386030.0,29,240,6,2,2585.0,9.2,487,37,6,410100,3385755,489,0,6,-79.69
531701,410210.0,3386030.0,29,240,6,2,2585.0,9.2,487,37,6,410080,3385735,490,0,6,-76.19
531701,410210.0,3386030.0,29,240,6,2,2585.0,9.2,487,37,6,410115,3385750,489,0,6,-85.0
531701,410210.0,3386030.0,29,240,6,2,2585.0,9.2,487,37,6,410050,3385765,490,0,6,-79.0
531701,410210.0,3386030.0,29,240,6,2,2585.0,9.2,487,37,6,410130,3385685,490,0,7,-94.38
531701,410210.0,3386030.0,29,240,6,2,2585.0,9.2,487,37,6,410120,3385695,490,0,7,-81.2
531701,410210.0,3386030.0,29,240,6,2,2585.0,9.2,487,37,6,410095,3385730,490,0,6,-77.14
531701,410210.0,3386030.0,29,240,6,2,2585.0,9.2,487,37,6,410000,3385815,490,0,6,-82.87
531701,410210.0,3386030.0,29,240,6,2,2585.0,9.2,487,37,6,410125,3385700,490,0,7,-83.71
531701,410210.0,3386030.0,29,240,6,2,2585.0,9.2,487,37,6,410180,3385675,489,0,7,-89.14
531701,410210.0,3386030.0,29,240,6,2,2585.0,9.2,487,37,6,410110,3385745,489,0,7,-83.74
531701,410210.0,3386030.0,29,240,6,2,2585.0,9.2,487,37,6,410135,3385690,489,0,7,-97.0
531701,410210.0,3386030.0,29,240,6,2,2585.0,9.2,487,37,6,410230,3385625,488,0,7,-91.56
531701,410210.0,3386030.0,29,240,6,2,2585.0,9.2,487,37,6,410010,3385805,490,0,6,-79.5
531701,410210.0,3386030.0,29,240,6,2,2585.0,9.2,487,37,6,410255,3385580,488,0,7,-93.5
531701,410210.0,3386030.0,29,240,6,2,2585.0,9.2,487,37,6,410270,3385595,488,0,7,-97.0
531701,410210.0,3386030.0,29,240,6,2,2585.0,9.2,487,37,6,410265,3385590,488,0,7,-94.67
531701,410210.0,3386030.0,29,240,6,2,2585.0,9.2,487,37,6,410210,3385975,487,0,7,-83.29
531701,410210.0,3386030.0,29,240,6,2,2585.0,9.2,487,37,6,410230,3385995,487,0,7,-78.0
531701,410210.0,3386030.0,29,240,6,2,2585.0,9.2,487,37,6,410205,3385970,487,0,7,-81.33
531701,410210.0,3386030.0,29,240,6,2,2585.0,9.2,487,37,6,410150,3386075,487,26,12,-95.5
531701,410210.0,3386030.0,29,240,6,2,2585.0,9.2,487,37,6,410155,3386080,487,0,5,-99.0
531701,410210.0,3386030.0,29,240,6,2,2585.0,9.2,487,37,6,410120,3386045,487,26,6,-110.5
531701,410210.0,3386030.0,29,240,6,2,2585.0,9.2,487,37,6,410225,3385990,487,0,7,-84.0
531701,410210.0,3386030.0,29,240,6,2,2585.0,9.2,487,37,6,410220,3385985,487,0,7,-84.75
531701,410210.0,3386030.0,29,240,6,2,2585.0,9.2,487,37,6,410195,3385960,487,0,7,-86.0
531701,410210.0,3386030.0,29,240,6,2,2585.0,9.2,487,37,6,410215,3385980,487,0,7,-80.83
531701,410210.0,3386030.0,29,240,6,2,2585.0,9.2,487,37,6,410115,3385535,488,0,12,-92.0
531701,410210.0,3386030.0,29,240,6,2,2585.0,9.2,487,37,6,410045,3385905,490,14,5,-91.25
531701,410210.0,3386030.0,29,240,6,2,2585.0,9.2,487,37,6,409995,3385815,490,0,6,-84.2
531701,410210.0,3386030.0,29,240,6,2,2585.0,9.2,487,37,6,410160,3385710,489,0,7,-84.5
531701,410210.0,3386030.0,29,240,6,2,2585.0,9.2,487,37,6,410060,3385890,490,14,5,-96.9
531701,410210.0,3386030.0,29,240,6,2,2585.0,9.2,487,37,6,410200,3385750,488,0,6,-90.11
531701,410210.0,3386030.0,29,240,6,2,2585.0,9.2,487,37,6,410135,3385675,489,0,7,-92.0
531701,410210.0,3386030.0,29,240,6,2,2585.0,9.2,487,37,6,410215,3385755,488,0,6,-88.48
531701,410210.0,3386030.0,29,240,6,2,2585.0,9.2,487,37,6,410130,3385680,490,0,7,-97.36
531701,410210.0,3386030.0,29,240,6,2,2585.0,9.2,487,37,6,410165,3385705,489,0,7,-86.0
531701,410210.0,3386030.0,29,240,6,2,2585.0,9.2,487,37,6,410225,3385725,489,0,7,-85.33
531701,410210.0,3386030.0,29,240,6,2,2585.0,9.2,487,37,6,410205,3385745,488,0,6,-92.47
531701,410210.0,3386030.0,29,240,6,2,2585.0,9.2,487,37,6,410125,3385665,490,0,7,-96.0
531701,410210.0,3386030.0,29,240,6,2,2585.0,9.2,487,37,6,410210,3385760,488,0,6,-93.25
531701,410210.0,3386030.0,29,240,6,2,2585.0,9.2,487,37,6,410175,3385715,489,0,7,-86.91
531701,410210.0,3386030.0,29,240,6,2,2585.0,9.2,487,37,6,410190,3385700,489,0,7,-91.83
531701,410210.0,3386030.0,29,240,6,2,2585.0,9.2,487,37,6,410185,3385685,489,0,7,-94.92
531701,410210.0,3386030.0,29,240,6,2,2585.0,9.2,487,37,6,410180,3385690,489,0,7,-94.33
531701,410210.0,3386030.0,29,240,6,2,2585.0,9.2,487,37,6,410230,3385740,489,0,6,-89.42
531701,410210.0,3386030.0,29,240,6,2,2585.0,9.2,487,37,6,410040,3385910,491,14,5,-96.49
531701,410210.0,3386030.0,29,240,6,2,2585.0,9.2,487,37,6,410195,3385695,489,0,7,-93.0
531701,410210.0,3386030.0,29,240,6,2,2585.0,9.2,487,37,6,410170,3385720,489,0,7,-86.59
531701,410210.0,3386030.0,29,240,6,2,2585.0,9.2,487,37,6,410220,3385730,489,0,6,-90.95
531701,410210.0,3386030.0,29,240,6,2,2585.0,9.2,487,37,6,410065,3385885,490,14,5,-79.6
531701,410210.0,3386030.0,29,240,6,2,2585.0,9.2,487,37,6,410235,3385735,489,0,6,-88.14
531701,410210.0,3386030.0,29,240,6,2,2585.0,9.2,487,37,6,410040,3386005,490,0,14,-81.5
531701,410210.0,3386030.0,29,240,6,2,2585.0,9.2,487,37,6,409980,3385945,493,0,5,-82.5
531701,410210.0,3386030.0,29,240,6,2,2585.0,9.2,487,37,6,409990,3385955,493,0,6,-80.0
531701,410210.0,3386030.0,29,240,6,2,2585.0,9.2,487,37,6,410130,3385515,488,0,12,-96.25
531701,410210.0,3386030.0,29,240,6,2,2585.0,9.2,487,37,6,410165,3386070,487,0,5,-95.5
531701,410210.0,3386030.0,29,240,6,2,2585.0,9.2,487,37,6,410170,3386075,487,0,5,-98.0
531701,410210.0,3386030.0,29,240,6,2,2585.0,9.2,487,37,6,410215,3386040,487,37,6,-110.33
531701,410210.0,3386030.0,29,240,6,2,2585.0,9.2,487,37,6,410205,3386030,487,37,6,-94.5
531701,410210.0,3386030.0,29,240,6,2,2585.0,9.2,487,37,6,410185,3386050,486,37,5,-92.67
531701,410210.0,3386030.0,29,240,6,2,2585.0,9.2,487,37,6,410220,3386005,487,0,7,-87.6
531701,410210.0,3386030.0,29,240,6,2,2585.0,9.2,487,37,6,410180,3386045,486,37,5,-91.0
531701,410210.0,3386030.0,29,240,6,2,2585.0,9.2,487,37,6,409885,3385710,486,0,7,-87.5
531701,410210.0,3386030.0,29,240,6,2,2585.0,9.2,487,37,6,410080,3385985,489,0,14,-76.5
531701,410210.0,3386030.0,29,240,6,2,2585.0,9.2,487,37,6,410115,3385980,488,0,7,-79.5
531701,410210.0,3386030.0,29,240,6,2,2585.0,9.2,487,37,6,410225,3386010,487,37,7,-85.4
531701,410210.0,3386030.0,29,240,6,2,2585.0,9.2,487,37,6,410210,3386035,487,37,6,-93.8
531701,410210.0,3386030.0,29,240,6,2,2585.0,9.2,487,37,6,410230,3386015,487,37,7,-93.5
531701,410210.0,3386030.0,29,240,6,2,2585.0,9.2,487,37,6,410200,3386025,487,0,7,-96.0
531701,410210.0,3386030.0,29,240,6,2,2585.0,9.2,487,37,6,410425,3385750,486,0,6,-84.0
531701,410210.0,3386030.0,29,240,6,2,2585.0,9.2,487,37,6,410350,3385835,487,0,6,-86.0
531701,410210.0,3386030.0,29,240,6,2,2585.0,9.2,487,37,6,410345,3385830,487,0,6,-88.75
531701,410210.0,3386030.0,29,240,6,2,2585.0,9.2,487,37,6,410330,3385815,487,0,7,-81.5
531701,410210.0,3386030.0,29,240,6,2,2585.0,9.2,487,37,6,410420,3385745,486,0,6,-86.0
531701,410210.0,3386030.0,29,240,6,2,2585.0,9.2,487,37,6,410415,3385740,487,0,6,-89.5
531701,410210.0,3386030.0,29,240,6,2,2585.0,9.2,487,37,6,410340,3385825,487,0,7,-82.56
531701,410210.0,3386030.0,29,240,6,2,2585.0,9.2,487,37,6,410335,3385820,487,0,7,-84.75
531701,410210.0,3386030.0,29,240,6,2,2585.0,9.2,487,37,6,410290,3385855,488,0,7,-77.0
531701,410210.0,3386030.0,29,240,6,2,2585.0,9.2,487,37,6,410250,3385980,487,0,7,-80.5
531701,410210.0,3386030.0,29,240,6,2,2585.0,9.2,487,37,6,410070,3385930,489,14,14,-100.0
531701,410210.0,3386030.0,29,240,6,2,2585.0,9.2,487,37,6,410060,3385940,490,14,14,-84.5
531701,410210.0,3386030.0,29,240,6,2,2585.0,9.2,487,37,6,410065,3385935,489,14,14,-88.3
531701,410210.0,3386030.0,29,240,6,2,2585.0,9.2,487,37,6,410005,3385995,491,0,6,-76.0
531701,410210.0,3386030.0,29,240,6,2,2585.0,9.2,487,37,6,409985,3386015,490,0,6,-83.0
531701,410210.0,3386030.0,29,240,6,2,2585.0,9.2,487,37,6,410000,3386000,491,0,6,-79.5
531701,410210.0,3386030.0,29,240,6,2,2585.0,9.2,487,37,6,410190,3386130,488,37,12,-93.0
531701,410210.0,3386030.0,29,240,6,2,2585.0,9.2,487,37,6,409990,3386010,491,0,6,-82.0
531701,410210.0,3386030.0,29,240,6,2,2585.0,9.2,487,37,6,410230,3385615,487,0,7,-89.5
531701,410210.0,3386030.0,29,240,6,2,2585.0,9.2,487,37,6,410145,3385690,489,0,7,-88.0
531701,410210.0,3386030.0,29,240,6,2,2585.0,9.2,487,37,6,410235,3385620,487,0,7,-88.92
531701,410210.0,3386030.0,29,240,6,2,2585.0,9.2,487,37,6,410100,3385725,490,0,7,-78.45
531701,410210.0,3386030.0,29,240,6,2,2585.0,9.2,487,37,6,410105,3385730,490,0,6,-81.38
531701,410210.0,3386030.0,29,240,6,2,2585.0,9.2,487,37,6,410090,3385755,489,0,6,-77.06
531701,410210.0,3386030.0,29,240,6,2,2585.0,9.2,487,37,6,410215,3385640,488,0,7,-87.73
531701,410210.0,3386030.0,29,240,6,2,2585.0,9.2,487,37,6,410135,3385720,489,0,7,-83.41
531701,410210.0,3386030.0,29,240,6,2,2585.0,9.2,487,37,6,410115,3385740,489,0,6,-87.46
531701,410210.0,3386030.0,29,240,6,2,2585.0,9.2,487,37,6,410150,3385695,489,0,7,-87.0
531701,410210.0,3386030.0,29,240,6,2,2585.0,9.2,487,37,6,410085,3385750,490,0,6,-77.0
531701,410210.0,3386030.0,29,240,6,2,2585.0,9.2,487,37,6,410080,3385745,490,0,7,-73.91
531701,410210.0,3386030.0,29,240,6,2,2585.0,9.2,487,37,6,410195,3385660,489,0,7,-87.73
531701,410210.0,3386030.0,29,240,6,2,2585.0,9.2,487,37,6,410175,3385680,489,0,7,-91.42
531701,410210.0,3386030.0,29,240,6,2,2585.0,9.2,487,37,6,410000,3385825,491,0,6,-88.15
531701,410210.0,3386030.0,29,240,6,2,2585.0,9.2,487,37,6,410120,3385705,490,0,7,-85.6
531701,410210.0,3386030.0,29,240,6,2,2585.0,9.2,487,37,6,410095,3385760,489,0,6,-77.5
531701,410210.0,3386030.0,29,240,6,2,2585.0,9.2,487,37,6,410155,3385700,489,0,7,-84.86
531701,410210.0,3386030.0,29,240,6,2,2585.0,9.2,487,37,6,410005,3385830,491,0,6,-94.0
531701,410210.0,3386030.0,29,240,6,2,2585.0,9.2,487,37,6,410140,3385685,489,0,7,-94.22
531701,410210.0,3386030.0,29,240,6,2,2585.0,9.2,487,37,6,410110,3385735,489,0,6,-83.36
531701,410210.0,3386030.0,29,240,6,2,2585.0,9.2,487,37,6,410130,3385715,489,0,7,-83.48
531701,410210.0,3386030.0,29,240,6,2,2585.0,9.2,487,37,6,410170,3385675,489,0,7,-96.6
531701,410210.0,3386030.0,29,240,6,2,2585.0,9.2,487,37,6,410125,3385710,490,0,7,-83.89
531701,410210.0,3386030.0,29,240,6,2,2585.0,9.2,487,37,6,409995,3385860,491,0,6,-93.33
531701,410210.0,3386030.0,29,240,6,2,2585.0,9.2,487,37,6,410015,3385840,491,0,5,-97.5
531701,410210.0,3386030.0,29,240,6,2,2585.0,9.2,487,37,6,410115,3385765,489,0,6,-88.0
531701,410210.0,3386030.0,29,240,6,2,2585.0,9.2,487,37,6,410040,3385760,490,0,6,-74.5
531701,410210.0,3386030.0,29,240,6,2,2585.0,9.2,487,37,6,410010,3385710,490,0,6,-89.5
531701,410210.0,3386030.0,29,240,6,2,2585.0,9.2,487,37,6,410045,3385755,490,0,6,-75.79
531701,410210.0,3386030.0,29,240,6,2,2585.0,9.2,487,37,6,410000,3385720,489,0,6,-81.97
531701,410210.0,3386030.0,29,240,6,2,2585.0,9.2,487,37,6,410015,3385705,490,0,7,-88.0
531701,410210.0,3386030.0,29,240,6,2,2585.0,9.2,487,37,6,410070,3385730,490,0,7,-77.29
531701,410210.0,3386030.0,29,240,6,2,2585.0,9.2,487,37,6,410050,3385750,490,0,6,-77.19
531701,410210.0,3386030.0,29,240,6,2,2585.0,9.2,487,37,6,410065,3385735,490,0,6,-76.92
531701,410210.0,3386030.0,29,240,6,2,2585.0,9.2,487,37,6,410005,3385715,490,0,6,-86.0
531701,410210.0,3386030.0,29,240,6,2,2585.0,9.2,487,37,6,410060,3385740,490,0,6,-76.28
531701,410210.0,3386030.0,29,240,6,2,2585.0,9.2,487,37,6,410055,3385745,490,0,7,-76.95
531701,410210.0,3386030.0,29,240,6,2,2585.0,9.2,487,37,6,410075,3385725,490,0,7,-77.42
531701,410210.0,3386030.0,29,240,6,2,2585.0,9.2,487,37,6,410020,3385700,490,0,7,-75.5
531701,410210.0,3386030.0,29,240,6,2,2585.0,9.2,487,37,6,410120,3385840,489,0,7,-71.0
531701,410210.0,3386030.0,29,240,6,2,2585.0,9.2,487,37,6,410150,3385675,489,0,7,-93.6
531701,410210.0,3386030.0,29,240,6,2,2585.0,9.2,487,37,6,409985,3385830,491,0,7,-87.5
531701,410210.0,3386030.0,29,240,6,2,2585.0,9.2,487,37,6,410025,3385870,491,14,5,-86.5
531701,410210.0,3386030.0,29,240,6,2,2585.0,9.2,487,37,6,410220,3385745,488,0,6,-91.12
531701,410210.0,3386030.0,29,240,6,2,2585.0,9.2,487,37,6,410225,3385750,488,0,6,-92.25
531701,410210.0,3386030.0,29,240,6,2,2585.0,9.2,487,37,6,410230,3385755,488,0,6,-90.82
531701,410210.0,3386030.0,29,240,6,2,2585.0,9.2,487,37,6,410055,3385900,490,14,5,-106.17
531701,410210.0,3386030.0,29,240,6,2,2585.0,9.2,487,37,6,410170,3385695,489,0,7,-87.0
531701,410210.0,3386030.0,29,240,6,2,2585.0,9.2,487,37,6,410205,3385730,489,0,6,-88.8
531701,410210.0,3386030.0,29,240,6,2,2585.0,9.2,487,37,6,410155,3385680,489,0,7,-97.18
531701,410210.0,3386030.0,29,240,6,2,2585.0,9.2,487,37,6,410210,3385735,489,0,6,-90.91
531701,410210.0,3386030.0,29,240,6,2,2585.0,9.2,487,37,6,410195,3385720,489,0,7,-85.61
531701,410210.0,3386030.0,29,240,6,2,2585.0,9.2,487,37,6,410165,3385690,489,0,7,-89.5
531701,410210.0,3386030.0,29,240,6,2,2585.0,9.2,487,37,6,410190,3385715,489,0,6,-87.41
531701,410210.0,3386030.0,29,240,6,2,2585.0,9.2,487,37,6,410180,3385705,489,0,7,-85.71
531701,410210.0,3386030.0,29,240,6,2,2585.0,9.2,487,37,6,410175,3385700,489,0,7,-86.25
531701,410210.0,3386030.0,29,240,6,2,2585.0,9.2,487,37,6,409995,3385840,491,0,6,-88.43
531701,410210.0,3386030.0,29,240,6,2,2585.0,9.2,487,37,6,410060,3385905,490,14,5,-87.0
531701,410210.0,3386030.0,29,240,6,2,2585.0,9.2,487,37,6,410200,3385725,489,0,7,-87.06
531701,410210.0,3386030.0,29,240,6,2,2585.0,9.2,487,37,6,410160,3385685,489,0,7,-96.08
531701,410210.0,3386030.0,29,240,6,2,2585.0,9.2,487,37,6,410215,3385740,489,0,6,-92.66
531701,410210.0,3386030.0,29,240,6,2,2585.0,9.2,487,37,6,410185,3385710,489,0,7,-88.88
531701,410210.0,3386030.0,29,240,6,2,2585.0,9.2,487,37,6,410050,3385895,490,14,5,-94.33
531701,410210.0,3386030.0,29,240,6,2,2585.0,9.2,487,37,6,409990,3385835,491,0,6,-90.0
531701,410210.0,3386030.0,29,240,6,2,2585.0,9.2,487,37,6,410000,3385845,491,0,6,-96.33
531701,410210.0,3386030.0,29,240,6,2,2585.0,9.2,487,37,6,410235,3385760,488,0,6,-82.67
531701,410210.0,3386030.0,29,240,6,2,2585.0,9.2,487,37,6,410145,3385670,489,0,7,-92.75
531701,410210.0,3386030.0,29,240,6,2,2585.0,9.2,487,37,6,410070,3385915,490,14,5,-97.0
531701,410210.0,3386030.0,29,240,6,2,2585.0,9.2,487,37,6,410065,3385910,490,14,5,-90.67
531701,410210.0,3386030.0,29,240,6,2,2585.0,9.2,487,37,6,410275,3385760,488,0,6,-88.0
531701,410210.0,3386030.0,29,240,6,2,2585.0,9.2,487,37,6,410270,3385755,488,0,6,-88.86
531701,410210.0,3386030.0,29,240,6,2,2585.0,9.2,487,37,6,410340,3385665,487,0,7,-89.33
531701,410210.0,3386030.0,29,240,6,2,2585.0,9.2,487,37,6,410315,3385720,487,0,7,-84.45
531701,410210.0,3386030.0,29,240,6,2,2585.0,9.2,487,37,6,410285,3385690,488,0,7,-92.44
531701,410210.0,3386030.0,29,240,6,2,2585.0,9.2,487,37,6,410280,3385685,488,0,7,-93.79
531701,410210.0,3386030.0,29,240,6,2,2585.0,9.2,487,37,6,410245,3385730,489,0,6,-87.36
531701,410210.0,3386030.0,29,240,6,2,2585.0,9.2,487,37,6,410290,3385695,488,0,7,-94.32
531701,410210.0,3386030.0,29,240,6,2,2585.0,9.2,487,37,6,410310,3385715,487,0,7,-85.85
531701,410210.0,3386030.0,29,240,6,2,2585.0,9.2,487,37,6,410305,3385710,488,0,7,-88.06
531701,410210.0,3386030.0,29,240,6,2,2585.0,9.2,487,37,6,410255,3385740,488,0,6,-86.73
531701,410210.0,3386030.0,29,240,6,2,2585.0,9.2,487,37,6,410250,3385735,488,0,6,-86.36
531701,410210.0,3386030.0,29,240,6,2,2585.0,9.2,487,37,6,410335,3385660,487,0,7,-81.5
531701,410210.0,3386030.0,29,240,6,2,2585.0,9.2,487,37,6,410350,3385675,487,0,6,-88.47
531701,410210.0,3386030.0,29,240,6,2,2585.0,9.2,487,37,6,410240,3385725,489,0,6,-83.65
531701,410210.0,3386030.0,29,240,6,2,2585.0,9.2,487,37,6,410295,3385700,488,0,7,-93.03
531701,410210.0,3386030.0,29,240,6,2,2585.0,9.2,487,37,6,410265,3385750,488,0,6,-87.53
531701,410210.0,3386030.0,29,240,6,2,2585.0,9.2,487,37,6,410260,3385745,488,0,6,-88.48
531701,410210.0,3386030.0,29,240,6,2,2585.0,9.2,487,37,6,410355,3385680,487,0,6,-87.17
531701,410210.0,3386030.0,29,240,6,2,2585.0,9.2,487,37,6,410300,3385705,488,0,7,-89.36
531701,410210.0,3386030.0,29,240,6,2,2585.0,9.2,487,37,6,410345,3385670,487,0,7,-89.0
531701,410210.0,3386030.0,29,240,6,2,2585.0,9.2,487,37,6,410240,3385655,488,0,7,-86.67
531701,410210.0,3386030.0,29,240,6,2,2585.0,9.2,487,37,6,410375,3385690,487,0,6,-88.6
531701,410210.0,3386030.0,29,240,6,2,2585.0,9.2,487,37,6,410335,3385730,487,0,6,-90.38
531701,410210.0,3386030.0,29,240,6,2,2585.0,9.2,487,37,6,410360,3385695,487,0,6,-87.71
531701,410210.0,3386030.0,29,240,6,2,2585.0,9.2,487,37,6,410255,3385650,488,0,6,-86.63
531701,410210.0,3386030.0,29,240,6,2,2585.0,9.2,487,37,6,410390,3385705,487,0,6,-85.0
531701,410210.0,3386030.0,29,240,6,2,2585.0,9.2,487,37,6,410245,3385660,488,0,6,-88.86
531701,410210.0,3386030.0,29,240,6,2,2585.0,9.2,487,37,6,410330,3385725,487,0,6,-86.2
531701,410210.0,3386030.0,29,240,6,2,2585.0,9.2,487,37,6,410260,3385675,488,0,6,-87.96
531701,410210.0,3386030.0,29,240,6,2,2585.0,9.2,487,37,6,410370,3385685,487,0,6,-87.38
531701,410210.0,3386030.0,29,240,6,2,2585.0,9.2,487,37,6,410380,3385715,487,0,6,-89.5
531701,410210.0,3386030.0,29,240,6,2,2585.0,9.2,487,37,6,410365,3385700,487,0,6,-88.38
531701,410210.0,3386030.0,29,240,6,2,2585.0,9.2,487,37,6,410250,3385645,488,0,7,-87.71
531701,410210.0,3386030.0,29,240,6,2,2585.0,9.2,487,37,6,410265,3385680,488,0,7,-88.77
531701,410210.0,3386030.0,29,240,6,2,2585.0,9.2,487,37,6,410325,3385740,487,0,6,-91.11
531701,410210.0,3386030.0,29,240,6,2,2585.0,9.2,487,37,6,410320,3385735,487,0,6,-90.44
531701,410210.0,3386030.0,29,240,6,2,2585.0,9.2,487,37,6,410275,3385670,488,0,7,-88.17
531701,410210.0,3386030.0,29,240,6,2,2585.0,9.2,487,37,6,410270,3385665,488,0,7,-88.13
531701,410210.0,3386030.0,29,240,6,2,2585.0,9.2,487,37,6,409985,3386000,491,0,6,-89.67
531701,410210.0,3386030.0,29,240,6,2,2585.0,9.2,487,37,6,410020,3386035,489,0,6,-91.0
531701,410210.0,3386030.0,29,240,6,2,2585.0,9.2,487,37,6,410005,3386020,490,0,6,-81.5
531701,410210.0,3386030.0,29,240,6,2,2585.0,9.2,487,37,6,410010,3386005,490,0,5,-78.67
531701,410210.0,3386030.0,29,240,6,2,2585.0,9.2,487,37,6,409990,3385985,492,0,6,-80.33
531701,410210.0,3386030.0,29,240,6,2,2585.0,9.2,487,37,6,410300,3385575,488,0,7,-101.25
531701,410210.0,3386030.0,29,240,6,2,2585.0,9.2,487,37,6,410290,3385585,488,0,7,-97.0
531701,410210.0,3386030.0,29,240,6,2,2585.0,9.2,487,37,6,410305,3385580,488,0,7,-98.0
531701,410210.0,3386030.0,29,240,6,2,2585.0,9.2,487,37,6,410295,3385675,488,0,7,-97.33
531701,410210.0,3386030.0,29,240,6,2,2585.0,9.2,487,37,6,410250,3385640,488,0,7,-87.47
531701,410210.0,3386030.0,29,240,6,2,2585.0,9.2,487,37,6,410260,3385610,487,0,7,-85.33
531701,410210.0,3386030.0,29,240,6,2,2585.0,9.2,487,37,6,410320,3385710,487,0,7,-86.0
531701,410210.0,3386030.0,29,240,6,2,2585.0,9.2,487,37,6,410325,3385705,487,0,7,-89.0
531701,410210.0,3386030.0,29,240,6,2,2585.0,9.2,487,37,6,410290,3385680,488,0,7,-98.09
531701,410210.0,3386030.0,29,240,6,2,2585.0,9.2,487,37,6,410365,3385745,487,0,6,-95.0
531701,410210.0,3386030.0,29,240,6,2,2585.0,9.2,487,37,6,410285,3385665,488,0,7,-86.0
531701,410210.0,3386030.0,29,240,6,2,2585.0,9.2,487,37,6,410355,3385695,487,0,6,-86.65
531701,410210.0,3386030.0,29,240,6,2,2585.0,9.2,487,37,6,410330,3385720,487,0,6,-84.88
531701,410210.0,3386030.0,29,240,6,2,2585.0,9.2,487,37,6,410345,3385685,487,0,7,-86.25
531701,410210.0,3386030.0,29,240,6,2,2585.0,9.2,487,37,6,410245,3385625,487,0,7,-91.6
531701,410210.0,3386030.0,29,240,6,2,2585.0,9.2,487,37,6,410340,3385690,487,0,7,-86.53
531701,410210.0,3386030.0,29,240,6,2,2585.0,9.2,487,37,6,410350,3385700,487,0,6,-87.0
531701,410210.0,3386030.0,29,240,6,2,2585.0,9.2,487,37,6,410335,3385715,487,0,7,-87.05
531701,410210.0,3386030.0,29,240,6,2,2585.0,9.2,487,37,6,410255,3385635,488,0,7,-88.5
531701,410210.0,3386030.0,29,240,6,2,2585.0,9.2,487,37,6,410280,3385670,488,0,7,-99.0
531701,410210.0,3386030.0,29,240,6,2,2585.0,9.2,487,37,6,410310,3385660,488,0,7,-99.0
531701,410210.0,3386030.0,29,240,6,2,2585.0,9.2,487,37,6,410170,3386105,488,0,5,-97.33
531701,410210.0,3386030.0,29,240,6,2,2585.0,9.2,487,37,6,410035,3385930,491,14,14,-96.0
531701,410210.0,3386030.0,29,240,6,2,2585.0,9.2,487,37,6,410210,3386020,487,0,7,-90.33
531701,410210.0,3386030.0,29,240,6,2,2585.0,9.2,487,37,6,410170,3386060,486,0,5,-91.0
531701,410210.0,3386030.0,29,240,6,2,2585.0,9.2,487,37,6,410220,3386030,487,37,6,-88.5
531701,410210.0,3386030.0,29,240,6,2,2585.0,9.2,487,37,6,410175,3386055,486,37,5,-94.67
531701,410210.0,3386030.0,29,240,6,2,2585.0,9.2,487,37,6,410185,3386065,487,37,5,-119.63
531701,410210.0,3386030.0,29,240,6,2,2585.0,9.2,487,37,6,410205,3386005,487,0,7,-86.4
531701,410210.0,3386030.0,29,240,6,2,2585.0,9.2,487,37,6,410100,3385990,488,0,5,-80.0
531701,410210.0,3386030.0,29,240,6,2,2585.0,9.2,487,37,6,410200,3386010,487,0,7,-96.75
531701,410210.0,3386030.0,29,240,6,2,2585.0,9.2,487,37,6,407215,3386990,491,0,5,-97.0
531701,410210.0,3386030.0,29,240,6,2,2585.0,9.2,487,37,6,407235,3386970,491,0,15,-103.67
531701,410210.0,3386030.0,29,240,6,2,2585.0,9.2,487,37,6,407240,3386920,492,0,7,-107.5
531701,410210.0,3386030.0,29,240,6,2,2585.0,9.2,487,37,6,407275,3386885,493,0,6,-103.5
531701,410210.0,3386030.0,29,240,6,2,2585.0,9.2,487,37,6,407250,3386910,492,6,7,-104.0
531701,410210.0,3386030.0,29,240,6,2,2585.0,9.2,487,37,6,410335,3385585,488,0,7,-99.5
531701,410210.0,3386030.0,29,240,6,2,2585.0,9.2,487,37,6,410255,3385980,487,0,7,-81.5
531701,410210.0,3386030.0,29,240,6,2,2585.0,9.2,487,37,6,410265,3385990,487,0,7,-88.5
531701,410210.0,3386030.0,29,240,6,2,2585.0,9.2,487,37,6,410250,3385975,487,0,7,-88.0
531701,410210.0,3386030.0,29,240,6,2,2585.0,9.2,487,37,6,410245,3385970,487,0,7,-83.5
531701,410210.0,3386030.0,29,240,6,2,2585.0,9.2,487,37,6,410245,3386065,487,37,12,-107.75
531701,410210.0,3386030.0,29,240,6,2,2585.0,9.2,487,37,6,407250,3386960,492,0,15,-98.29
531701,410210.0,3386030.0,29,240,6,2,2585.0,9.2,487,37,6,407270,3386940,492,0,7,-101.5
531701,410210.0,3386030.0,29,240,6,2,2585.0,9.2,487,37,6,407275,3386935,492,0,7,-98.67
531701,410210.0,3386030.0,29,240,6,2,2585.0,9.2,487,37,6,407255,3386955,492,0,5,-104.0
531701,410210.0,3386030.0,29,240,6,2,2585.0,9.2,487,37,6,410090,3386040,488,26,6,-95.5
531701,410210.0,3386030.0,29,240,6,2,2585.0,9.2,487,37,6,410200,3385990,487,0,7,-84.92
531701,410210.0,3386030.0,29,240,6,2,2585.0,9.2,487,37,6,410235,3385975,487,0,7,-78.5
531701,410210.0,3386030.0,29,240,6,2,2585.0,9.2,487,37,6,410230,3385980,487,0,7,-83.14
531701,410210.0,3386030.0,29,240,6,2,2585.0,9.2,487,37,6,410215,3385995,487,0,7,-88.33
531701,410210.0,3386030.0,29,240,6,2,2585.0,9.2,487,37,6,410220,3385970,487,0,7,-76.0
531701,410210.0,3386030.0,29,240,6,2,2585.0,9.2,487,37,6,410110,3386020,488,26,5,-104.5
531701,410210.0,3386030.0,29,240,6,2,2585.0,9.2,487,37,6,410205,3385985,487,0,7,-81.41
531701,410210.0,3386030.0,29,240,6,2,2585.0,9.2,487,37,6,407310,3386950,493,0,6,-97.33
531701,410210.0,3386030.0,29,240,6,2,2585.0,9.2,487,37,6,407255,3386965,492,0,15,-93.0
531701,410210.0,3386030.0,29,240,6,2,2585.0,9.2,487,37,6,407315,3386945,493,0,6,-90.67
531701,410210.0,3386030.0,29,240,6,2,2585.0,9.2,487,37,6,407295,3386925,493,0,6,-95.0
531701,410210.0,3386030.0,29,240,6,2,2585.0,9.2,487,37,6,407240,3386980,491,0,5,-96.5
531701,410210.0,3386030.0,29,240,6,2,2585.0,9.2,487,37,6,407280,3386940,492,0,7,-96.57
531701,410210.0,3386030.0,29,240,6,2,2585.0,9.2,487,37,6,407250,3386970,492,0,15,-99.25
531701,410210.0,3386030.0,29,240,6,2,2585.0,9.2,487,37,6,407245,3386975,492,0,5,-94.33
531701,410210.0,3386030.0,29,240,6,2,2585.0,9.2,487,37,6,409985,3385525,488,0,5,-83.33
531701,410210.0,3386030.0,29,240,6,2,2585.0,9.2,487,37,6,410010,3385520,488,0,6,-87.0
531701,410210.0,3386030.0,29,240,6,2,2585.0,9.2,487,37,6,410245,3385635,488,0,7,-89.0
531701,410210.0,3386030.0,29,240,6,2,2585.0,9.2,487,37,6,410335,3385705,487,0,7,-88.42
531701,410210.0,3386030.0,29,240,6,2,2585.0,9.2,487,37,6,410255,3385625,487,0,7,-87.93
531701,410210.0,3386030.0,29,240,6,2,2585.0,9.2,487,37,6,410300,3385660,488,0,7,-95.0
531701,410210.0,3386030.0,29,240,6,2,2585.0,9.2,487,37,6,410325,3385715,487,0,7,-86.92
531701,410210.0,3386030.0,29,240,6,2,2585.0,9.2,487,37,6,410330,3385710,487,0,7,-86.91
531701,410210.0,3386030.0,29,240,6,2,2585.0,9.2,487,37,6,410350,3385690,487,0,6,-87.54
531701,410210.0,3386030.0,29,240,6,2,2585.0,9.2,487,37,6,410380,3385740,487,0,7,-96.0
531701,410210.0,3386030.0,29,240,6,2,2585.0,9.2,487,37,6,410285,3385675,488,0,7,-96.5
531701,410210.0,3386030.0,29,240,6,2,2585.0,9.2,487,37,6,410280,3385680,488,0,7,-93.05
531701,410210.0,3386030.0,29,240,6,2,2585.0,9.2,487,37,6,410340,3385700,487,0,7,-86.7
531701,410210.0,3386030.0,29,240,6,2,2585.0,9.2,487,37,6,410355,3385685,487,0,6,-86.5
531701,410210.0,3386030.0,29,240,6,2,2585.0,9.2,487,37,6,410345,3385695,487,0,7,-85.43
531701,410210.0,3386030.0,29,240,6,2,2585.0,9.2,487,37,6,410320,3385720,487,0,7,-84.49
531701,410210.0,3386030.0,29,240,6,2,2585.0,9.2,487,37,6,410250,3385630,487,0,7,-87.12
531701,410210.0,3386030.0,29,240,6,2,2585.0,9.2,487,37,6,410030,3386020,490,26,5,-76.5
531701,410210.0,3386030.0,29,240,6,2,2585.0,9.2,487,37,6,410150,3386140,488,26,12,-96.5
531701,410210.0,3386030.0,29,240,6,2,2585.0,9.2,487,37,6,409975,3385995,492,0,5,-79.0
531701,410210.0,3386030.0,29,240,6,2,2585.0,9.2,487,37,6,409970,3386000,492,0,5,-78.8
531701,410210.0,3386030.0,29,240,6,2,2585.0,9.2,487,37,6,409965,3385985,493,0,5,-77.0
531701,410210.0,3386030.0,29,240,6,2,2585.0,9.2,487,37,6,410115,3386020,488,26,5,-109.67
531701,410210.0,3386030.0,29,240,6,2,2585.0,9.2,487,37,6,410095,3386040,488,26,6,-99.0
531701,410210.0,3386030.0,29,240,6,2,2585.0,9.2,487,37,6,410200,3385985,487,0,7,-82.67
531701,410210.0,3386030.0,29,240,6,2,2585.0,9.2,487,37,6,410235,3385980,487,0,7,-81.17
531701,410210.0,3386030.0,29,240,6,2,2585.0,9.2,487,37,6,410210,3385995,487,0,7,-86.63
531701,410210.0,3386030.0,29,240,6,2,2585.0,9.2,487,37,6,410175,3385960,487,0,7,-80.0
531701,410210.0,3386030.0,29,240,6,2,2585.0,9.2,487,37,6,410230,3385975,487,0,7,-78.6
531701,410210.0,3386030.0,29,240,6,2,2585.0,9.2,487,37,6,409825,3385730,488,0,7,-80.5
531701,410210.0,3386030.0,29,240,6,2,2585.0,9.2,487,37,6,410205,3385990,487,0,7,-83.6
531701,410210.0,3386030.0,29,240,6,2,2585.0,9.2,487,37,6,410215,3386000,487,0,7,-92.5
531701,410210.0,3386030.0,29,240,6,2,2585.0,9.2,487,37,6,410265,3385815,488,0,7,-76.83
531701,410210.0,3386030.0,29,240,6,2,2585.0,9.2,487,37,6,410260,3385820,488,0,6,-77.8
531701,410210.0,3386030.0,29,240,6,2,2585.0,9.2,487,37,6,410270,3385810,488,0,7,-82.0
531701,410210.0,3386030.0,29,240,6,2,2585.0,9.2,487,37,6,410255,3385825,488,0,6,-80.25
531701,410210.0,3386030.0,29,240,6,2,2585.0,9.2,487,37,6,410085,3386040,488,26,6,-110.5
531701,410210.0,3386030.0,29,240,6,2,2585.0,9.2,487,37,6,410225,3385980,487,0,7,-81.6
531701,410210.0,3386030.0,29,240,6,2,2585.0,9.2,487,37,6,410215,3385990,487,0,7,-83.33
531701,410210.0,3386030.0,29,240,6,2,2585.0,9.2,487,37,6,410200,3385995,487,0,7,-82.13
531701,410210.0,3386030.0,29,240,6,2,2585.0,9.2,487,37,6,410210,3385985,487,0,7,-84.6
531701,410210.0,3386030.0,29,240,6,2,2585.0,9.2,487,37,6,410220,3385975,487,0,7,-83.13
531701,410210.0,3386030.0,29,240,6,2,2585.0,9.2,487,37,6,410205,3386000,487,0,7,-88.17
531701,410210.0,3386030.0,29,240,6,2,2585.0,9.2,487,37,6,410160,3386295,489,0,5,-100.5
531701,410210.0,3386030.0,29,240,6,2,2585.0,9.2,487,37,6,409975,3386015,491,0,7,-84.67
531701,410210.0,3386030.0,29,240,6,2,2585.0,9.2,487,37,6,410050,3385940,490,14,14,-95.5
531701,410210.0,3386030.0,29,240,6,2,2585.0,9.2,487,37,6,410055,3385935,490,14,14,-93.17
531701,410210.0,3386030.0,29,240,6,2,2585.0,9.2,487,37,6,410125,3386165,489,0,12,-111.0
531701,410210.0,3386030.0,29,240,6,2,2585.0,9.2,487,37,6,410165,3386125,488,0,5,-102.67
531701,410210.0,3386030.0,29,240,6,2,2585.0,9.2,487,37,6,409980,3386030,490,0,6,-86.33
531701,410210.0,3386030.0,29,240,6,2,2585.0,9.2,487,37,6,410040,3385930,490,14,14,-99.5
531701,410210.0,3386030.0,29,240,6,2,2585.0,9.2,487,37,6,409985,3386025,490,0,6,-86.14
531701,410210.0,3386030.0,29,240,6,2,2585.0,9.2,487,37,6,410045,3385925,490,14,14,-92.8
531701,410210.0,3386030.0,29,240,6,2,2585.0,9.2,487,37,6,410110,3385710,490,0,7,-81.1
531701,410210.0,3386030.0,29,240,6,2,2585.0,9.2,487,37,6,410130,3385730,489,0,6,-85.29
531701,410210.0,3386030.0,29,240,6,2,2585.0,9.2,487,37,6,410225,3385675,489,0,7,-93.67
531701,410210.0,3386030.0,29,240,6,2,2585.0,9.2,487,37,6,410140,3385760,489,0,6,-94.67
531701,410210.0,3386030.0,29,240,6,2,2585.0,9.2,487,37,6,410150,3385750,489,0,6,-86.69
531701,410210.0,3386030.0,29,240,6,2,2585.0,9.2,487,37,6,410125,3385735,489,0,6,-88.3
531701,410210.0,3386030.0,29,240,6,2,2585.0,9.2,487,37,6,410085,3385695,491,0,7,-82.33
531701,410210.0,3386030.0,29,240,6,2,2585.0,9.2,487,37,6,410200,3385660,489,0,7,-86.0
531701,410210.0,3386030.0,29,240,6,2,2585.0,9.2,487,37,6,410135,3385725,489,0,7,-82.32
531701,410210.0,3386030.0,29,240,6,2,2585.0,9.2,487,37,6,410095,3385685,490,0,7,-96.33
531701,410210.0,3386030.0,29,240,6,2,2585.0,9.2,487,37,6,410115,3385705,490,0,7,-84.83
531701,410210.0,3386030.0,29,240,6,2,2585.0,9.2,487,37,6,410145,3385755,489,0,6,-90.13
531701,410210.0,3386030.0,29,240,6,2,2585.0,9.2,487,37,6,410120,3385740,489,0,6,-87.87
531701,410210.0,3386030.0,29,240,6,2,2585.0,9.2,487,37,6,410015,3385765,490,0,6,-76.0
531701,410210.0,3386030.0,29,240,6,2,2585.0,9.2,487,37,6,410000,3385780,490,0,6,-78.18
531701,410210.0,3386030.0,29,240,6,2,2585.0,9.2,487,37,6,410080,3385700,491,0,7,-79.33
531701,410210.0,3386030.0,29,240,6,2,2585.0,9.2,487,37,6,410220,3385680,489,0,7,-86.75
531701,410210.0,3386030.0,29,240,6,2,2585.0,9.2,487,37,6,410205,3385655,489,0,7,-93.4
531701,410210.0,3386030.0,29,240,6,2,2585.0,9.2,487,37,6,410155,3385745,488,0,6,-86.27
531701,410210.0,3386030.0,29,240,6,2,2585.0,9.2,487,37,6,410105,3385715,490,0,7,-81.12
531701,410210.0,3386030.0,29,240,6,2,2585.0,9.2,487,37,6,410215,3385645,488,0,7,-88.75
531701,410210.0,3386030.0,29,240,6,2,2585.0,9.2,487,37,6,410100,3385720,490,0,7,-79.06
531701,410210.0,3386030.0,29,240,6,2,2585.0,9.2,487,37,6,410005,3385775,490,0,6,-77.13
531701,410210.0,3386030.0,29,240,6,2,2585.0,9.2,487,37,6,410010,3385770,490,0,6,-74.0
531701,410210.0,3386030.0,29,240,6,2,2585.0,9.2,487,37,6,410235,3385665,488,0,7,-95.0
531701,410210.0,3386030.0,29,240,6,2,2585.0,9.2,487,37,6,410090,3385845,489,0,5,-90.5
531701,410210.0,3386030.0,29,240,6,2,2585.0,9.2,487,37,6,409965,3385740,489,0,6,-81.9
531701,410210.0,3386030.0,29,240,6,2,2585.0,9.2,487,37,6,409980,3385755,490,0,6,-78.27
531701,410210.0,3386030.0,29,240,6,2,2585.0,9.2,487,37,6,409975,3385730,489,0,7,-82.63
531701,410210.0,3386030.0,29,240,6,2,2585.0,9.2,487,37,6,409940,3385715,488,0,7,-77.0
531701,410210.0,3386030.0,29,240,6,2,2585.0,9.2,487,37,6,409995,3385750,490,0,7,-78.07
531701,410210.0,3386030.0,29,240,6,2,2585.0,9.2,487,37,6,409970,3385725,489,0,7,-84.45
531701,410210.0,3386030.0,29,240,6,2,2585.0,9.2,487,37,6,409990,3385745,490,0,6,-78.75
531701,410210.0,3386030.0,29,240,6,2,2585.0,9.2,487,37,6,409945,3385720,488,0,7,-83.18
531701,410210.0,3386030.0,29,240,6,2,2585.0,9.2,487,37,6,410060,3385675,490,0,7,-87.33
531701,410210.0,3386030.0,29,240,6,2,2585.0,9.2,487,37,6,410075,3385670,490,0,7,-83.0
531701,410210.0,3386030.0,29,240,6,2,2585.0,9.2,487,37,6,409960,3385735,489,0,6,-82.75
531701,410210.0,3386030.0,29,240,6,2,2585.0,9.2,487,37,6,410325,3385685,487,0,7,-87.8
531701,410210.0,3386030.0,29,240,6,2,2585.0,9.2,487,37,6,410330,3385700,487,0,7,-87.04
531701,410210.0,3386030.0,29,240,6,2,2585.0,9.2,487,37,6,410255,3385615,487,0,7,-89.07
531701,410210.0,3386030.0,29,240,6,2,2585.0,9.2,487,37,6,410240,3385610,487,0,7,-89.56
531701,410210.0,3386030.0,29,240,6,2,2585.0,9.2,487,37,6,410250,3385620,487,0,7,-89.9
531701,410210.0,3386030.0,29,240,6,2,2585.0,9.2,487,37,6,410280,3385650,488,0,6,-87.0
531701,410210.0,3386030.0,29,240,6,2,2585.0,9.2,487,37,6,410315,3385675,487,0,7,-96.0
531701,410210.0,3386030.0,29,240,6,2,2585.0,9.2,487,37,6,410340,3385710,487,0,7,-87.1
531701,410210.0,3386030.0,29,240,6,2,2585.0,9.2,487,37,6,410260,3385630,487,0,7,-83.33
531701,410210.0,3386030.0,29,240,6,2,2585.0,9.2,487,37,6,410335,3385695,487,0,7,-87.0
531701,410210.0,3386030.0,29,240,6,2,2585.0,9.2,487,37,6,410320,3385690,487,0,7,-88.41
531701,410210.0,3386030.0,29,240,6,2,2585.0,9.2,487,37,6,410345,3385705,487,0,6,-90.0
531701,410210.0,3386030.0,29,240,6,2,2585.0,9.2,487,37,6,410355,3385715,487,0,6,-83.0
531701,410210.0,3386030.0,29,240,6,2,2585.0,9.2,487,37,6,410350,3385720,487,0,6,-88.33
531701,410210.0,3386030.0,29,240,6,2,2585.0,9.2,487,37,6,410310,3385680,488,0,7,-93.0
531701,410210.0,3386030.0,29,240,6,2,2585.0,9.2,487,37,6,410300,3385670,488,0,7,-96.75
531701,410210.0,3386030.0,29,240,6,2,2585.0,9.2,487,37,6,410245,3385605,487,0,7,-89.9
531701,410210.0,3386030.0,29,240,6,2,2585.0,9.2,487,37,6,410305,3385665,488,0,7,-95.0
531701,410210.0,3386030.0,29,240,6,2,2585.0,9.2,487,37,6,410290,3385660,488,0,7,-92.6
531701,410210.0,3386030.0,29,240,6,2,2585.0,9.2,487,37,6,410295,3385575,488,0,7,-101.0
531701,410210.0,3386030.0,29,240,6,2,2585.0,9.2,487,37,6,407150,3386035,490,0,6,-89.0
531701,410210.0,3386030.0,29,240,6,2,2585.0,9.2,487,37,6,410255,3385600,487,0,7,-88.43
531701,410210.0,3386030.0,29,240,6,2,2585.0,9.2,487,37,6,410090,3385895,489,0,5,-70.5
531701,410210.0,3386030.0,29,240,6,2,2585.0,9.2,487,37,6,410205,3385770,488,0,6,-86.0
531701,410210.0,3386030.0,29,240,6,2,2585.0,9.2,487,37,6,410215,3385780,488,0,6,-81.6
531701,410210.0,3386030.0,29,240,6,2,2585.0,9.2,487,37,6,409925,3385730,488,0,7,-85.57
531701,410210.0,3386030.0,29,240,6,2,2585.0,9.2,487,37,6,410100,3385905,489,0,5,-67.33
531701,410210.0,3386030.0,29,240,6,2,2585.0,9.2,487,37,6,409920,3385725,487,0,7,-81.4
531701,410210.0,3386030.0,29,240,6,2,2585.0,9.2,487,37,6,410230,3385795,488,0,6,-78.46
531701,410210.0,3386030.0,29,240,6,2,2585.0,9.2,487,37,6,409940,3385745,488,0,6,-85.82
531701,410210.0,3386030.0,29,240,6,2,2585.0,9.2,487,37,6,409950,3385755,489,0,6,-84.17
531701,410210.0,3386030.0,29,240,6,2,2585.0,9.2,487,37,6,410210,3385775,488,0,6,-86.4
531701,410210.0,3386030.0,29,240,6,2,2585.0,9.2,487,37,6,409955,3385760,489,0,6,-85.67
531701,410210.0,3386030.0,29,240,6,2,2585.0,9.2,487,37,6,409995,3385720,489,0,6,-82.19
531701,410210.0,3386030.0,29,240,6,2,2585.0,9.2,487,37,6,409930,3385735,488,0,6,-87.33
531701,410210.0,3386030.0,29,240,6,2,2585.0,9.2,487,37,6,409985,3385710,489,0,7,-85.67
531701,410210.0,3386030.0,29,240,6,2,2585.0,9.2,487,37,6,410225,3385790,488,0,6,-82.83
531701,410210.0,3386030.0,29,240,6,2,2585.0,9.2,487,37,6,410235,3385800,488,0,7,-75.17
531701,410210.0,3386030.0,29,240,6,2,2585.0,9.2,487,37,6,410220,3385785,488,0,6,-82.86
531701,410210.0,3386030.0,29,240,6,2,2585.0,9.2,487,37,6,409945,3385750,489,0,7,-84.93
531701,410210.0,3386030.0,29,240,6,2,2585.0,9.2,487,37,6,410200,3385765,488,0,6,-87.71
531701,410210.0,3386030.0,29,240,6,2,2585.0,9.2,487,37,6,409935,3385740,488,0,6,-85.0
531701,410210.0,3386030.0,29,240,6,2,2585.0,9.2,487,37,6,410250,3385685,489,0,7,-86.42
531701,410210.0,3386030.0,29,240,6,2,2585.0,9.2,487,37,6,410270,3385705,488,0,7,-90.92
531701,410210.0,3386030.0,29,240,6,2,2585.0,9.2,487,37,6,410385,3385680,487,0,7,-92.33
531701,410210.0,3386030.0,29,240,6,2,2585.0,9.2,487,37,6,410280,3385735,488,0,6,-92.38
531701,410210.0,3386030.0,29,240,6,2,2585.0,9.2,487,37,6,410295,3385730,488,0,6,-87.77
531701,410210.0,3386030.0,29,240,6,2,2585.0,9.2,487,37,6,410275,3385710,488,0,7,-94.27
531701,410210.0,3386030.0,29,240,6,2,2585.0,9.2,487,37,6,410240,3385695,489,0,7,-85.43
531701,410210.0,3386030.0,29,240,6,2,2585.0,9.2,487,37,6,410260,3385715,488,0,7,-91.08
531701,410210.0,3386030.0,29,240,6,2,2585.0,9.2,487,37,6,410290,3385725,488,0,6,-89.68
531701,410210.0,3386030.0,29,240,6,2,2585.0,9.2,487,37,6,410245,3385700,489,0,7,-84.81
531701,410210.0,3386030.0,29,240,6,2,2585.0,9.2,487,37,6,410255,3385690,489,0,7,-85.6
531701,410210.0,3386030.0,29,240,6,2,2585.0,9.2,487,37,6,410365,3385660,488,0,6,-89.0
531701,410210.0,3386030.0,29,240,6,2,2585.0,9.2,487,37,6,410265,3385720,488,0,7,-91.5
531701,410210.0,3386030.0,29,240,6,2,2585.0,9.2,487,37,6,410315,3385750,487,0,6,-90.5
531701,410210.0,3386030.0,29,240,6,2,2585.0,9.2,487,37,6,410285,3385740,488,0,6,-89.84
531701,410210.0,3386030.0,29,240,6,2,2585.0,9.2,487,37,6,410310,3385745,487,0,6,-91.0
531701,410210.0,3386030.0,29,240,6,2,2585.0,9.2,487,37,6,410300,3385755,487,0,6,-94.5
531701,410210.0,3386030.0,29,240,6,2,2585.0,9.2,487,37,6,410305,3385760,487,0,6,-90.0
531701,410210.0,3386030.0,29,240,6,2,2585.0,9.2,487,37,6,409935,3386000,493,0,5,-78.0
531701,410210.0,3386030.0,29,240,6,2,2585.0,9.2,487,37,6,409990,3385935,492,0,6,-85.0
531701,410210.0,3386030.0,29,240,6,2,2585.0,9.2,487,37,6,410070,3386015,489,26,5,-78.5
531701,410210.0,3386030.0,29,240,6,2,2585.0,9.2,487,37,6,409990,3385700,489,0,7,-85.33
531701,410210.0,3386030.0,29,240,6,2,2585.0,9.2,487,37,6,409935,3385755,488,0,6,-87.5
531701,410210.0,3386030.0,29,240,6,2,2585.0,9.2,487,37,6,409945,3385725,488,0,7,-82.45
531701,410210.0,3386030.0,29,240,6,2,2585.0,9.2,487,37,6,409925,3385745,488,0,6,-85.43
531701,410210.0,3386030.0,29,240,6,2,2585.0,9.2,487,37,6,409960,3385710,488,0,7,-83.5
531701,410210.0,3386030.0,29,240,6,2,2585.0,9.2,487,37,6,409920,3385750,488,0,7,-84.33
531701,410210.0,3386030.0,29,240,6,2,2585.0,9.2,487,37,6,409940,3385730,488,0,7,-84.36
531701,410210.0,3386030.0,29,240,6,2,2585.0,9.2,487,37,6,409970,3385720,489,0,7,-80.0
531701,410210.0,3386030.0,29,240,6,2,2585.0,9.2,487,37,6,410200,3385790,488,0,6,-94.5
531701,410210.0,3386030.0,29,240,6,2,2585.0,9.2,487,37,6,409950,3385740,489,0,6,-82.0
531701,410210.0,3386030.0,29,240,6,2,2585.0,9.2,487,37,6,410205,3385785,488,0,6,-89.33
531701,410210.0,3386030.0,29,240,6,2,2585.0,9.2,487,37,6,409975,3385715,489,0,7,-84.67
531701,410210.0,3386030.0,29,240,6,2,2585.0,9.2,487,37,6,409955,3385735,489,0,6,-83.1
531701,410210.0,3386030.0,29,240,6,2,2585.0,9.2,487,37,6,410260,3385825,488,0,7,-76.2
531701,410210.0,3386030.0,29,240,6,2,2585.0,9.2,487,37,6,410275,3385840,488,0,7,-81.0
531701,410210.0,3386030.0,29,240,6,2,2585.0,9.2,487,37,6,410430,3385675,487,0,7,-87.5
531701,410210.0,3386030.0,29,240,6,2,2585.0,9.2,487,37,6,410250,3385815,488,0,7,-75.91
531701,410210.0,3386030.0,29,240,6,2,2585.0,9.2,487,37,6,410240,3385805,488,0,7,-75.69
531701,410210.0,3386030.0,29,240,6,2,2585.0,9.2,487,37,6,410255,3385820,488,0,6,-76.09
531701,410210.0,3386030.0,29,240,6,2,2585.0,9.2,487,37,6,410270,3385835,488,0,7,-78.33
531701,410210.0,3386030.0,29,240,6,2,2585.0,9.2,487,37,6,410245,3385810,488,0,7,-75.88
531701,410210.0,3386030.0,29,240,6,2,2585.0,9.2,487,37,6,410265,3385830,488,0,7,-77.0
531701,410210.0,3386030.0,29,240,6,2,2585.0,9.2,487,37,6,410355,3385815,487,0,6,-89.5
531701,410210.0,3386030.0,29,240,6,2,2585.0,9.2,487,37,6,410325,3385825,487,0,7,-83.69
531701,410210.0,3386030.0,29,240,6,2,2585.0,9.2,487,37,6,410350,3385820,487,0,6,-87.08
531701,410210.0,3386030.0,29,240,6,2,2585.0,9.2,487,37,6,410320,3385830,487,0,7,-83.49
531701,410210.0,3386030.0,29,240,6,2,2585.0,9.2,487,37,6,410335,3385835,487,0,7,-87.0
531701,410210.0,3386030.0,29,240,6,2,2585.0,9.2,487,37,6,410305,3385845,487,0,7,-86.0
531701,410210.0,3386030.0,29,240,6,2,2585.0,9.2,487,37,6,410300,3385850,488,0,7,-83.0
531701,410210.0,3386030.0,29,240,6,2,2585.0,9.2,487,37,6,409965,3386065,490,29,7,-94.0
531701,410210.0,3386030.0,29,240,6,2,2585.0,9.2,487,37,6,410165,3386105,487,0,5,-95.0
531701,410210.0,3386030.0,29,240,6,2,2585.0,9.2,487,37,6,410175,3386115,488,37,12,-95.0
531701,410210.0,3386030.0,29,240,6,2,2585.0,9.2,487,37,6,410180,3386090,487,37,12,-100.2
531701,410210.0,3386030.0,29,240,6,2,2585.0,9.2,487,37,6,409985,3386045,489,0,6,-91.0
531701,410210.0,3386030.0,29,240,6,2,2585.0,9.2,487,37,6,407270,3386970,492,0,15,-92.5
531701,410210.0,3386030.0,29,240,6,2,2585.0,9.2,487,37,6,407320,3386920,493,0,6,-104.0
531701,410210.0,3386030.0,29,240,6,2,2585.0,9.2,487,37,6,407345,3386895,493,0,12,-95.0
531701,410210.0,3386030.0,29,240,6,2,2585.0,9.2,487,37,6,407280,3386960,492,0,5,-95.0
531701,410210.0,3386030.0,29,240,6,2,2585.0,9.2,487,37,6,407305,3386935,493,0,6,-93.86
531701,410210.0,3386030.0,29,240,6,2,2585.0,9.2,487,37,6,407285,3386955,492,0,5,-91.25
531701,410210.0,3386030.0,29,240,6,2,2585.0,9.2,487,37,6,407310,3386930,493,0,6,-96.25
531701,410210.0,3386030.0,29,240,6,2,2585.0,9.2,487,37,6,407275,3386965,492,0,5,-97.25
531701,410210.0,3386030.0,29,240,6,2,2585.0,9.2,487,37,6,407135,3387015,491,0,5,-98.0
531701,410210.0,3386030.0,29,240,6,2,2585.0,9.2,487,37,6,410255,3385845,488,0,6,-74.0
531701,410210.0,3386030.0,29,240,6,2,2585.0,9.2,487,37,6,410410,3385690,487,0,7,-94.0
531701,410210.0,3386030.0,29,240,6,2,2585.0,9.2,487,37,6,410400,3385700,487,0,6,-91.75
531701,410210.0,3386030.0,29,240,6,2,2585.0,9.2,487,37,6,412595,3385440,485,0,6,-95.0
531701,410210.0,3386030.0,29,240,6,2,2585.0,9.2,487,37,6,410185,3386035,486,37,6,-101.0
531701,410210.0,3386030.0,29,240,6,2,2585.0,9.2,487,37,6,410215,3386045,487,37,5,-108.0
531701,410210.0,3386030.0,29,240,6,2,2585.0,9.2,487,37,6,409890,3385730,487,0,7,-85.0
531701,410210.0,3386030.0,29,240,6,2,2585.0,9.2,487,37,6,410145,3385995,487,0,7,-86.0
531701,410210.0,3386030.0,29,240,6,2,2585.0,9.2,487,37,6,409915,3385745,488,0,6,-84.5
531701,410210.0,3386030.0,29,240,6,2,2585.0,9.2,487,37,6,409910,3385750,488,0,7,-83.25
531701,410210.0,3386030.0,29,240,6,2,2585.0,9.2,487,37,6,409895,3385725,487,0,7,-86.2
531701,410210.0,3386030.0,29,240,6,2,2585.0,9.2,487,37,6,409880,3385740,487,0,6,-87.67
531701,410210.0,3386030.0,29,240,6,2,2585.0,9.2,487,37,6,410125,3385975,488,0,7,-83.5
531701,410210.0,3386030.0,29,240,6,2,2585.0,9.2,487,37,6,410270,3385825,488,0,7,-81.28
531701,410210.0,3386030.0,29,240,6,2,2585.0,9.2,487,37,6,410240,3385815,488,0,7,-80.33
531701,410210.0,3386030.0,29,240,6,2,2585.0,9.2,487,37,6,410425,3385680,487,0,7,-85.0
531701,410210.0,3386030.0,29,240,6,2,2585.0,9.2,487,37,6,410275,3385830,488,0,7,-79.77
531701,410210.0,3386030.0,29,240,6,2,2585.0,9.2,487,37,6,410250,3385805,488,0,7,-79.44
531701,410210.0,3386030.0,29,240,6,2,2585.0,9.2,487,37,6,410420,3385675,488,0,6,-93.4
531701,410210.0,3386030.0,29,240,6,2,2585.0,9.2,487,37,6,410255,3385810,488,0,7,-79.18
531701,410210.0,3386030.0,29,240,6,2,2585.0,9.2,487,37,6,410055,3385920,490,14,5,-97.67
531701,410210.0,3386030.0,29,240,6,2,2585.0,9.2,487,37,6,410005,3385870,491,0,6,-91.67
531701,410210.0,3386030.0,29,240,6,2,2585.0,9.2,487,37,6,410135,3385680,489,0,7,-93.4
531701,410210.0,3386030.0,29,240,6,2,2585.0,9.2,487,37,6,410175,3385720,489,0,7,-86.2
531701,410210.0,3386030.0,29,240,6,2,2585.0,9.2,487,37,6,409990,3385815,491,0,6,-95.0
531701,410210.0,3386030.0,29,240,6,2,2585.0,9.2,487,37,6,409995,3385820,491,0,6,-85.67
531701,410210.0,3386030.0,29,240,6,2,2585.0,9.2,487,37,6,409985,3385810,491,0,6,-87.0
531701,410210.0,3386030.0,29,240,6,2,2585.0,9.2,487,37,6,410210,3385755,488,0,6,-88.6
531701,410210.0,3386030.0,29,240,6,2,2585.0,9.2,487,37,6,410165,3385710,489,0,7,-86.25
531701,410210.0,3386030.0,29,240,6,2,2585.0,9.2,487,37,6,410035,3385860,491,0,5,-95.0
531701,410210.0,3386030.0,29,240,6,2,2585.0,9.2,487,37,6,410040,3385905,491,14,5,-92.42
531701,410210.0,3386030.0,29,240,6,2,2585.0,9.2,487,37,6,410045,3385910,490,14,5,-96.5
531701,410210.0,3386030.0,29,240,6,2,2585.0,9.2,487,37,6,410125,3385670,490,0,7,-93.8
531701,410210.0,3386030.0,29,240,6,2,2585.0,9.2,487,37,6,410205,3385750,488,0,6,-91.05
531701,410210.0,3386030.0,29,240,6,2,2585.0,9.2,487,37,6,410220,3385725,489,0,7,-87.22
531701,410210.0,3386030.0,29,240,6,2,2585.0,9.2,487,37,6,410180,3385685,489,0,7,-97.33
531701,410210.0,3386030.0,29,240,6,2,2585.0,9.2,487,37,6,410065,3385890,490,14,5,-85.0
531701,410210.0,3386030.0,29,240,6,2,2585.0,9.2,487,37,6,410195,3385700,489,0,7,-90.12
531701,410210.0,3386030.0,29,240,6,2,2585.0,9.2,487,37,6,410130,3385675,490,0,7,-94.5
531701,410210.0,3386030.0,29,240,6,2,2585.0,9.2,487,37,6,410060,3385885,490,14,5,-96.82
531701,410210.0,3386030.0,29,240,6,2,2585.0,9.2,487,37,6,410190,3385695,489,0,7,-87.29
531701,410210.0,3386030.0,29,240,6,2,2585.0,9.2,487,37,6,410170,3385715,489,0,7,-85.89
531701,410210.0,3386030.0,29,240,6,2,2585.0,9.2,487,37,6,410200,3385745,488,0,6,-90.24
531701,410210.0,3386030.0,29,240,6,2,2585.0,9.2,487,37,6,410235,3385740,489,0,6,-88.03
531701,410210.0,3386030.0,29,240,6,2,2585.0,9.2,487,37,6,410160,3385705,489,0,7,-88.33
531701,410210.0,3386030.0,29,240,6,2,2585.0,9.2,487,37,6,410230,3385735,489,0,6,-90.28
531701,410210.0,3386030.0,29,240,6,2,2585.0,9.2,487,37,6,410225,3385730,489,0,6,-91.94
531701,410210.0,3386030.0,29,240,6,2,2585.0,9.2,487,37,6,410000,3385865,491,0,6,-90.67
531701,410210.0,3386030.0,29,240,6,2,2585.0,9.2,487,37,6,410215,3385760,488,0,6,-88.0
531701,410210.0,3386030.0,29,240,6,2,2585.0,9.2,487,37,6,409975,3385840,491,0,7,-95.0
531701,410210.0,3386030.0,29,240,6,2,2585.0,9.2,487,37,6,410260,3386060,487,37,5,-103.86
531701,410210.0,3386030.0,29,240,6,2,2585.0,9.2,487,37,6,410250,3386070,487,37,12,-109.5
531701,410210.0,3386030.0,29,240,6,2,2585.0,9.2,487,37,6,410255,3386065,487,37,12,-106.25
531701,410210.0,3386030.0,29,240,6,2,2585.0,9.2,487,37,6,410010,3386025,490,0,5,-86.0
531701,410210.0,3386030.0,29,240,6,2,2585.0,9.2,487,37,6,409995,3385970,492,0,6,-82.0
531701,410210.0,3386030.0,29,240,6,2,2585.0,9.2,487,37,6,409965,3386000,492,0,5,-78.67
531701,410210.0,3386030.0,29,240,6,2,2585.0,9.2,487,37,6,409980,3385975,492,0,5,-77.8
531701,410210.0,3386030.0,29,240,6,2,2585.0,9.2,487,37,6,410000,3386035,489,0,6,-92.0
531701,410210.0,3386030.0,29,240,6,2,2585.0,9.2,487,37,6,409960,3385995,492,0,5,-81.5
531701,410210.0,3386030.0,29,240,6,2,2585.0,9.2,487,37,6,410020,3386015,490,0,5,-76.5
531701,410210.0,3386030.0,29,240,6,2,2585.0,9.2,487,37,6,409975,3385990,492,0,5,-79.0
531701,410210.0,3386030.0,29,240,6,2,2585.0,9.2,487,37,6,410220,3385670,489,0,7,-96.0
531701,410210.0,3386030.0,29,240,6,2,2585.0,9.2,487,37,6,410115,3385715,490,0,7,-82.69
531701,410210.0,3386030.0,29,240,6,2,2585.0,9.2,487,37,6,410130,3385740,489,0,6,-88.96
531701,410210.0,3386030.0,29,240,6,2,2585.0,9.2,487,37,6,410100,3385710,490,0,7,-80.5
531701,410210.0,3386030.0,29,240,6,2,2585.0,9.2,487,37,6,410005,3385765,490,0,6,-76.13
531701,410210.0,3386030.0,29,240,6,2,2585.0,9.2,487,37,6,410135,3385735,489,0,6,-88.04
531701,410210.0,3386030.0,29,240,6,2,2585.0,9.2,487,37,6,410085,3385685,490,0,7,-98.75
531701,410210.0,3386030.0,29,240,6,2,2585.0,9.2,487,37,6,410120,3385730,489,0,6,-81.37
531701,410210.0,3386030.0,29,240,6,2,2585.0,9.2,487,37,6,410000,3385770,490,0,6,-78.9
531701,410210.0,3386030.0,29,240,6,2,2585.0,9.2,487,37,6,409995,3385915,492,0,6,-84.5
531701,410210.0,3386030.0,29,240,6,2,2585.0,9.2,487,37,6,410235,3385675,489,0,6,-91.0
531701,410210.0,3386030.0,29,240,6,2,2585.0,9.2,487,37,6,410095,3385695,490,0,7,-76.33
531701,410210.0,3386030.0,29,240,6,2,2585.0,9.2,487,37,6,410150,3385760,488,0,6,-92.0
531701,410210.0,3386030.0,29,240,6,2,2585.0,9.2,487,37,6,410155,3385755,488,0,6,-85.57
531701,410210.0,3386030.0,29,240,6,2,2585.0,9.2,487,37,6,410140,3385750,489,0,6,-87.63
531701,410210.0,3386030.0,29,240,6,2,2585.0,9.2,487,37,6,410230,3385680,489,0,6,-94.14
531701,410210.0,3386030.0,29,240,6,2,2585.0,9.2,487,37,6,410080,3385690,490,0,7,-97.33
531701,410210.0,3386030.0,29,240,6,2,2585.0,9.2,487,37,6,410105,3385705,490,0,7,-79.14
531701,410210.0,3386030.0,29,240,6,2,2585.0,9.2,487,37,6,410090,3385700,491,0,7,-78.2
531701,410210.0,3386030.0,29,240,6,2,2585.0,9.2,487,37,6,410110,3385720,490,0,7,-80.83
531701,410210.0,3386030.0,29,240,6,2,2585.0,9.2,487,37,6,410125,3385725,489,0,7,-82.79
531701,410210.0,3386030.0,29,240,6,2,2585.0,9.2,487,37,6,410145,3385745,489,0,6,-87.37
531701,410210.0,3386030.0,29,240,6,2,2585.0,9.2,487,37,6,410225,3385665,488,0,7,-89.5
531701,410210.0,3386030.0,29,240,6,2,2585.0,9.2,487,37,6,410210,3385660,489,0,7,-88.5
531701,410210.0,3386030.0,29,240,6,2,2585.0,9.2,487,37,6,410010,3385780,490,0,6,-72.75
531701,410210.0,3386030.0,29,240,6,2,2585.0,9.2,487,37,6,410175,3386100,487,37,12,-100.4
531701,410210.0,3386030.0,29,240,6,2,2585.0,9.2,487,37,6,410170,3386095,487,0,5,-97.86
531701,410210.0,3386030.0,29,240,6,2,2585.0,9.2,487,37,6,409975,3386060,489,0,5,-93.0
531701,410210.0,3386030.0,29,240,6,2,2585.0,9.2,487,37,6,409965,3386050,489,29,5,-100.0
531701,410210.0,3386030.0,29,240,6,2,2585.0,9.2,487,37,6,410190,3385750,488,0,6,-86.06
531701,410210.0,3386030.0,29,240,6,2,2585.0,9.2,487,37,6,410115,3385665,490,0,7,-95.33
531701,410210.0,3386030.0,29,240,6,2,2585.0,9.2,487,37,6,410230,3385710,489,0,7,-87.71
531701,410210.0,3386030.0,29,240,6,2,2585.0,9.2,487,37,6,410185,3385755,488,0,6,-88.48
531701,410210.0,3386030.0,29,240,6,2,2585.0,9.2,487,37,6,410215,3385685,489,0,7,-87.5
531701,410210.0,3386030.0,29,240,6,2,2585.0,9.2,487,37,6,410225,3385715,489,0,7,-85.77
531701,410210.0,3386030.0,29,240,6,2,2585.0,9.2,487,37,6,410160,3385740,489,0,6,-85.83
531701,410210.0,3386030.0,29,240,6,2,2585.0,9.2,487,37,6,410205,3385695,489,0,7,-88.23
531701,410210.0,3386030.0,29,240,6,2,2585.0,9.2,487,37,6,410210,3385690,489,0,7,-86.9
531701,410210.0,3386030.0,29,240,6,2,2585.0,9.2,487,37,6,410165,3385735,489,0,6,-87.7
531701,410210.0,3386030.0,29,240,6,2,2585.0,9.2,487,37,6,410180,3385760,488,0,6,-85.5
531701,410210.0,3386030.0,29,240,6,2,2585.0,9.2,487,37,6,410220,3385720,489,0,7,-85.42
531701,410210.0,3386030.0,29,240,6,2,2585.0,9.2,487,37,6,410175,3385725,489,0,7,-85.65
531701,410210.0,3386030.0,29,240,6,2,2585.0,9.2,487,37,6,409990,3385790,490,0,6,-74.0
531701,410210.0,3386030.0,29,240,6,2,2585.0,9.2,487,37,6,410200,3385700,489,0,7,-88.2
531701,410210.0,3386030.0,29,240,6,2,2585.0,9.2,487,37,6,410070,3385870,490,14,5,-77.67
531701,410210.0,3386030.0,29,240,6,2,2585.0,9.2,487,37,6,410075,3385865,490,0,5,-85.5
531701,410210.0,3386030.0,29,240,6,2,2585.0,9.2,487,37,6,410100,3385680,490,0,7,-91.71
531701,410210.0,3386030.0,29,240,6,2,2585.0,9.2,487,37,6,410105,3385675,490,0,7,-93.5
531701,410210.0,3386030.0,29,240,6,2,2585.0,9.2,487,37,6,410065,3385875,490,14,5,-85.67
531701,410210.0,3386030.0,29,240,6,2,2585.0,9.2,487,37,6,410060,3385880,490,14,5,-88.25
531701,410210.0,3386030.0,29,240,6,2,2585.0,9.2,487,37,6,410195,3385745,488,0,6,-90.38
531701,410210.0,3386030.0,29,240,6,2,2585.0,9.2,487,37,6,410170,3385730,489,0,6,-85.4
531701,410210.0,3386030.0,29,240,6,2,2585.0,9.2,487,37,6,410110,3385670,490,0,7,-88.2
531701,410210.0,3386030.0,29,240,6,2,2585.0,9.2,487,37,6,410035,3385905,491,14,5,-96.44
531701,410210.0,3386030.0,29,240,6,2,2585.0,9.2,487,37,6,410235,3385705,489,0,7,-87.52
531701,410210.0,3386030.0,29,240,6,2,2585.0,9.2,487,37,6,409995,3385785,490,0,6,-80.17
531701,410210.0,3386030.0,29,240,6,2,2585.0,9.2,487,37,6,410175,3385975,487,0,7,-82.5
531701,410210.0,3386030.0,29,240,6,2,2585.0,9.2,487,37,6,410190,3386000,487,0,7,-79.57
531701,410210.0,3386030.0,29,240,6,2,2585.0,9.2,487,37,6,410185,3385985,487,0,7,-76.63
531701,410210.0,3386030.0,29,240,6,2,2585.0,9.2,487,37,6,410195,3385995,487,0,7,-78.13
531701,410210.0,3386030.0,29,240,6,2,2585.0,9.2,487,37,6,410170,3385980,487,0,7,-90.0
531701,410210.0,3386030.0,29,240,6,2,2585.0,9.2,487,37,6,409835,3385715,488,0,7,-93.5
531701,410210.0,3386030.0,29,240,6,2,2585.0,9.2,487,37,6,410250,3385675,488,0,7,-89.3
531701,410210.0,3386030.0,29,240,6,2,2585.0,9.2,487,37,6,410385,3385690,487,0,7,-92.6
531701,410210.0,3386030.0,29,240,6,2,2585.0,9.2,487,37,6,410360,3385705,487,0,6,-87.43
531701,410210.0,3386030.0,29,240,6,2,2585.0,9.2,487,37,6,410325,3385750,487,0,6,-90.43
531701,410210.0,3386030.0,29,240,6,2,2585.0,9.2,487,37,6,410320,3385745,487,0,6,-91.2
531701,410210.0,3386030.0,29,240,6,2,2585.0,9.2,487,37,6,410245,3385670,488,0,7,-88.3
531701,410210.0,3386030.0,29,240,6,2,2585.0,9.2,487,37,6,410395,3385700,487,0,6,-88.43
531701,410210.0,3386030.0,29,240,6,2,2585.0,9.2,487,37,6,410380,3385685,487,0,6,-91.33
531701,410210.0,3386030.0,29,240,6,2,2585.0,9.2,487,37,6,410265,3385650,488,0,7,-92.6
531701,410210.0,3386030.0,29,240,6,2,2585.0,9.2,487,37,6,410340,3385725,487,0,6,-91.25
531701,410210.0,3386030.0,29,240,6,2,2585.0,9.2,487,37,6,410365,3385710,487,0,6,-89.33
531701,410210.0,3386030.0,29,240,6,2,2585.0,9.2,487,37,6,410390,3385695,487,0,6,-91.27
531701,410210.0,3386030.0,29,240,6,2,2585.0,9.2,487,37,6,410270,3385655,488,0,6,-93.33
531701,410210.0,3386030.0,29,240,6,2,2585.0,9.2,487,37,6,410255,3385680,488,0,7,-88.77
531701,410210.0,3386030.0,29,240,6,2,2585.0,9.2,487,37,6,410275,3385660,488,0,7,-93.33
531701,410210.0,3386030.0,29,240,6,2,2585.0,9.2,487,37,6,410335,3385760,487,0,6,-92.0
531701,410210.0,3386030.0,29,240,6,2,2585.0,9.2,487,37,6,410240,3385665,488,0,6,-88.0
531701,410210.0,3386030.0,29,240,6,2,2585.0,9.2,487,37,6,410260,3385645,488,0,6,-85.8
531701,410210.0,3386030.0,29,240,6,2,2585.0,9.2,487,37,6,410125,3386020,487,26,5,-93.5
531701,410210.0,3386030.0,29,240,6,2,2585.0,9.2,487,37,6,410165,3385980,487,0,7,-83.0
531701,410210.0,3386030.0,29,240,6,2,2585.0,9.2,487,37,6,410180,3385995,487,0,7,-82.67
531701,410210.0,3386030.0,29,240,6,2,2585.0,9.2,487,37,6,410195,3385990,487,0,7,-81.61
531701,410210.0,3386030.0,29,240,6,2,2585.0,9.2,487,37,6,410185,3386000,487,0,7,-86.67
531701,410210.0,3386030.0,29,240,6,2,2585.0,9.2,487,37,6,410190,3385985,487,0,7,-76.58
531701,410210.0,3386030.0,29,240,6,2,2585.0,9.2,487,37,6,410160,3385975,487,0,7,-81.67
531701,410210.0,3386030.0,29,240,6,2,2585.0,9.2,487,37,6,407310,3386920,493,0,6,-93.0
531701,410210.0,3386030.0,29,240,6,2,2585.0,9.2,487,37,6,407320,3386930,493,0,6,-96.33
531701,410210.0,3386030.0,29,240,6,2,2585.0,9.2,487,37,6,407325,3386925,493,0,6,-86.5
531701,410210.0,3386030.0,29,240,6,2,2585.0,9.2,487,37,6,407305,3386905,493,0,6,-101.5
531701,410210.0,3386030.0,29,240,6,2,2585.0,9.2,487,37,6,409985,3385485,488,0,5,-82.5
531701,410210.0,3386030.0,29,240,6,2,2585.0,9.2,487,37,6,410140,3385920,488,0,7,-72.0
531701,410210.0,3386030.0,29,240,6,2,2585.0,9.2,487,37,6,409985,3385755,490,0,6,-80.33
531701,410210.0,3386030.0,29,240,6,2,2585.0,9.2,487,37,6,409965,3385735,489,0,6,-82.17
531701,410210.0,3386030.0,29,240,6,2,2585.0,9.2,487,37,6,409990,3385750,490,0,7,-79.31
531701,410210.0,3386030.0,29,240,6,2,2585.0,9.2,487,37,6,409970,3385730,489,0,7,-81.77
531701,410210.0,3386030.0,29,240,6,2,2585.0,9.2,487,37,6,409975,3385725,489,0,7,-81.28
531701,410210.0,3386030.0,29,240,6,2,2585.0,9.2,487,37,6,409995,3385745,490,0,6,-80.11
531701,410210.0,3386030.0,29,240,6,2,2585.0,9.2,487,37,6,410065,3385675,490,0,7,-84.67
531701,410210.0,3386030.0,29,240,6,2,2585.0,9.2,487,37,6,410060,3385680,490,0,7,-92.0
531701,410210.0,3386030.0,29,240,6,2,2585.0,9.2,487,37,6,409920,3385700,487,0,7,-90.0
531701,410210.0,3386030.0,29,240,6,2,2585.0,9.2,487,37,6,409955,3385705,488,0,7,-88.0
531701,410210.0,3386030.0,29,240,6,2,2585.0,9.2,487,37,6,410070,3385670,490,0,7,-87.67
531701,410210.0,3386030.0,29,240,6,2,2585.0,9.2,487,37,6,409960,3385740,489,0,6,-81.78
531701,410210.0,3386030.0,29,240,6,2,2585.0,9.2,487,37,6,409940,3385720,488,0,7,-83.5
531701,410210.0,3386030.0,29,240,6,2,2585.0,9.2,487,37,6,410325,3385820,487,0,7,-81.0
531701,410210.0,3386030.0,29,240,6,2,2585.0,9.2,487,37,6,410295,3385850,488,0,7,-85.67
531701,410210.0,3386030.0,29,240,6,2,2585.0,9.2,487,37,6,410415,3385730,487,0,6,-89.0
531701,410210.0,3386030.0,29,240,6,2,2585.0,9.2,487,37,6,410350,3385825,487,0,6,-85.67
531701,410210.0,3386030.0,29,240,6,2,2585.0,9.2,487,37,6,410340,3385835,487,0,7,-85.2
531701,410210.0,3386030.0,29,240,6,2,2585.0,9.2,487,37,6,410290,3385845,488,0,7,-81.67
531701,410210.0,3386030.0,29,240,6,2,2585.0,9.2,487,37,6,410100,3385765,489,0,6,-72.0
531701,410210.0,3386030.0,29,240,6,2,2585.0,9.2,487,37,6,410055,3385760,490,0,6,-76.0
531701,410210.0,3386030.0,29,240,6,2,2585.0,9.2,487,37,6,410070,3385735,490,0,6,-74.78
531701,410210.0,3386030.0,29,240,6,2,2585.0,9.2,487,37,6,410065,3385730,490,0,7,-76.81
531701,410210.0,3386030.0,29,240,6,2,2585.0,9.2,487,37,6,410000,3385705,489,0,6,-89.67
531701,410210.0,3386030.0,29,240,6,2,2585.0,9.2,487,37,6,410010,3385715,490,0,6,-87.79
531701,410210.0,3386030.0,29,240,6,2,2585.0,9.2,487,37,6,410035,3385700,490,0,7,-82.57
531701,410210.0,3386030.0,29,240,6,2,2585.0,9.2,487,37,6,410060,3385725,490,0,7,-78.03
531701,410210.0,3386030.0,29,240,6,2,2585.0,9.2,487,37,6,410040,3385745,490,0,7,-75.95
531701,410210.0,3386030.0,29,240,6,2,2585.0,9.2,487,37,6,410015,3385720,490,0,6,-82.0
531701,410210.0,3386030.0,29,240,6,2,2585.0,9.2,487,37,6,410075,3385740,490,0,6,-74.05
531701,410210.0,3386030.0,29,240,6,2,2585.0,9.2,487,37,6,410045,3385750,490,0,6,-75.62
531701,410210.0,3386030.0,29,240,6,2,2585.0,9.2,487,37,6,410005,3385710,490,0,6,-89.67
531701,410210.0,3386030.0,29,240,6,2,2585.0,9.2,487,37,6,410050,3385755,490,0,6,-77.5
531701,410210.0,3386030.0,29,240,6,2,2585.0,9.2,487,37,6,410300,3385730,488,0,6,-87.7
531701,410210.0,3386030.0,29,240,6,2,2585.0,9.2,487,37,6,410295,3385755,488,0,6,-89.89
531701,410210.0,3386030.0,29,240,6,2,2585.0,9.2,487,37,6,410375,3385675,487,0,6,-98.33
531701,410210.0,3386030.0,29,240,6,2,2585.0,9.2,487,37,6,410305,3385725,487,0,6,-85.61
531701,410210.0,3386030.0,29,240,6,2,2585.0,9.2,487,37,6,410370,3385680,487,0,6,-93.5
531701,410210.0,3386030.0,29,240,6,2,2585.0,9.2,487,37,6,410275,3385695,488,0,7,-90.38
531701,410210.0,3386030.0,29,240,6,2,2585.0,9.2,487,37,6,410240,3385710,489,0,7,-85.5
531701,410210.0,3386030.0,29,240,6,2,2585.0,9.2,487,37,6,410360,3385670,487,0,6,-92.14
531701,410210.0,3386030.0,29,240,6,2,2585.0,9.2,487,37,6,410245,3385705,489,0,7,-87.92
531701,410210.0,3386030.0,29,240,6,2,2585.0,9.2,487,37,6,410285,3385745,488,0,6,-90.79
531701,410210.0,3386030.0,29,240,6,2,2585.0,9.2,487,37,6,410260,3385690,488,0,6,-86.71
531701,410210.0,3386030.0,29,240,6,2,2585.0,9.2,487,37,6,410250,3385720,489,0,7,-85.09
531701,410210.0,3386030.0,29,240,6,2,2585.0,9.2,487,37,6,410265,3385685,488,0,7,-92.43
531701,410210.0,3386030.0,29,240,6,2,2585.0,9.2,487,37,6,410365,3385665,488,0,6,-89.67
531701,410210.0,3386030.0,29,240,6,2,2585.0,9.2,487,37,6,410255,3385715,489,0,7,-88.6
531701,410210.0,3386030.0,29,240,6,2,2585.0,9.2,487,37,6,410270,3385700,488,0,7,-87.12
531701,410210.0,3386030.0,29,240,6,2,2585.0,9.2,487,37,6,410280,3385750,488,0,6,-89.85
531701,410210.0,3386030.0,29,240,6,2,2585.0,9.2,487,37,6,410315,3385735,487,0,6,-90.17
531701,410210.0,3386030.0,29,240,6,2,2585.0,9.2,487,37,6,410310,3385740,487,0,6,-92.2
531701,410210.0,3386030.0,29,240,6,2,2585.0,9.2,487,37,6,410210,3385665,489,0,7,-88.5
531701,410210.0,3386030.0,29,240,6,2,2585.0,9.2,487,37,6,409985,3385900,492,0,5,-87.0
531701,410210.0,3386030.0,29,240,6,2,2585.0,9.2,487,37,6,410035,3385770,490,0,6,-78.5
531701,410210.0,3386030.0,29,240,6,2,2585.0,9.2,487,37,6,410215,3385670,489,0,7,-86.0
531701,410210.0,3386030.0,29,240,6,2,2585.0,9.2,487,37,6,410115,3385690,490,0,7,-95.8
531701,410210.0,3386030.0,29,240,6,2,2585.0,9.2,487,37,6,409955,3385850,491,18,7,-98.0
531701,410210.0,3386030.0,29,240,6,2,2585.0,9.2,487,37,6,409945,3385860,492,18,7,-99.0
531701,410210.0,3386030.0,29,240,6,2,2585.0,9.2,487,37,6,410080,3385715,490,0,7,-78.9
531701,410210.0,3386030.0,29,240,6,2,2585.0,9.2,487,37,6,410105,3385700,490,0,7,-80.67
531701,410210.0,3386030.0,29,240,6,2,2585.0,9.2,487,37,6,410155,3385730,489,0,6,-86.24
531701,410210.0,3386030.0,29,240,6,2,2585.0,9.2,487,37,6,410135,3385750,489,0,6,-87.0
531701,410210.0,3386030.0,29,240,6,2,2585.0,9.2,487,37,6,410225,3385660,488,0,7,-91.5
531701,410210.0,3386030.0,29,240,6,2,2585.0,9.2,487,37,6,410085,3385720,490,0,7,-77.92
531701,410210.0,3386030.0,29,240,6,2,2585.0,9.2,487,37,6,410205,3385680,489,0,7,-93.0
531701,410210.0,3386030.0,29,240,6,2,2585.0,9.2,487,37,6,410100,3385695,490,0,7,-84.0
531701,410210.0,3386030.0,29,240,6,2,2585.0,9.2,487,37,6,410145,3385740,489,0,6,-87.59
531701,410210.0,3386030.0,29,240,6,2,2585.0,9.2,487,37,6,410150,3385725,489,0,7,-83.31
531701,410210.0,3386030.0,29,240,6,2,2585.0,9.2,487,37,6,410110,3385685,490,0,7,-95.83
531701,410210.0,3386030.0,29,240,6,2,2585.0,9.2,487,37,6,410130,3385745,489,0,6,-88.7
531701,410210.0,3386030.0,29,240,6,2,2585.0,9.2,487,37,6,410000,3385795,490,0,6,-77.29
531701,410210.0,3386030.0,29,240,6,2,2585.0,9.2,487,37,6,410140,3385735,489,0,6,-87.21
531701,410210.0,3386030.0,29,240,6,2,2585.0,9.2,487,37,6,410090,3385705,490,0,7,-77.25
531701,410210.0,3386030.0,29,240,6,2,2585.0,9.2,487,37,6,410120,3385755,489,0,6,-88.5
531701,410210.0,3386030.0,29,240,6,2,2585.0,9.2,487,37,6,410005,3385800,490,0,6,-79.0
531701,410210.0,3386030.0,29,240,6,2,2585.0,9.2,487,37,6,410010,3385785,490,0,6,-72.33
531701,410210.0,3386030.0,29,240,6,2,2585.0,9.2,487,37,6,410220,3385655,488,0,7,-89.0
531701,410210.0,3386030.0,29,240,6,2,2585.0,9.2,487,37,6,410125,3385760,489,0,6,-85.8
531701,410210.0,3386030.0,29,240,6,2,2585.0,9.2,487,37,6,410280,3385850,488,0,7,-77.5
531701,410210.0,3386030.0,29,240,6,2,2585.0,9.2,487,37,6,410410,3385740,487,0,6,-93.0
531701,410210.0,3386030.0,29,240,6,2,2585.0,9.2,487,37,6,410345,3385825,487,0,6,-85.54
531701,410210.0,3386030.0,29,240,6,2,2585.0,9.2,487,37,6,410425,3385745,486,0,6,-87.67
531701,410210.0,3386030.0,29,240,6,2,2585.0,9.2,487,37,6,410340,3385830,487,0,7,-84.75
531701,410210.0,3386030.0,29,240,6,2,2585.0,9.2,487,37,6,410285,3385845,488,0,7,-81.7
531701,410210.0,3386030.0,29,240,6,2,2585.0,9.2,487,37,6,410305,3385865,488,0,7,-88.5
531701,410210.0,3386030.0,29,240,6,2,2585.0,9.2,487,37,6,410290,3385860,488,0,7,-79.5
531701,410210.0,3386030.0,29,240,6,2,2585.0,9.2,487,37,6,410330,3385820,487,0,7,-86.0
531701,410210.0,3386030.0,29,240,6,2,2585.0,9.2,487,37,6,410245,3385640,488,0,7,-88.2
531701,410210.0,3386030.0,29,240,6,2,2585.0,9.2,487,37,6,410280,3385675,488,0,7,-90.42
531701,410210.0,3386030.0,29,240,6,2,2585.0,9.2,487,37,6,410345,3385700,487,0,7,-85.75
531701,410210.0,3386030.0,29,240,6,2,2585.0,9.2,487,37,6,410335,3385710,487,0,7,-85.33
531701,410210.0,3386030.0,29,240,6,2,2585.0,9.2,487,37,6,410330,3385705,487,0,7,-88.33
531701,410210.0,3386030.0,29,240,6,2,2585.0,9.2,487,37,6,410320,3385715,487,0,7,-83.14
531701,410210.0,3386030.0,29,240,6,2,2585.0,9.2,487,37,6,410285,3385680,488,0,7,-95.05
531701,410210.0,3386030.0,29,240,6,2,2585.0,9.2,487,37,6,410350,3385685,487,0,6,-87.93
531701,410210.0,3386030.0,29,240,6,2,2585.0,9.2,487,37,6,410250,3385625,487,0,7,-87.56
531701,410210.0,3386030.0,29,240,6,2,2585.0,9.2,487,37,6,410355,3385690,487,0,6,-86.83
531701,410210.0,3386030.0,29,240,6,2,2585.0,9.2,487,37,6,410340,3385695,487,0,7,-87.23
531701,410210.0,3386030.0,29,240,6,2,2585.0,9.2,487,37,6,410325,3385720,487,0,6,-84.07
531701,410210.0,3386030.0,29,240,6,2,2585.0,9.2,487,37,6,410290,3385665,488,0,7,-95.0
531701,410210.0,3386030.0,29,240,6,2,2585.0,9.2,487,37,6,410240,3385635,488,0,7,-89.5
531701,410210.0,3386030.0,29,240,6,2,2585.0,9.2,487,37,6,410095,3385840,489,0,7,-63.5
531701,410210.0,3386030.0,29,240,6,2,2585.0,9.2,487,37,6,410085,3385830,489,0,7,-65.0
531701,410210.0,3386030.0,29,240,6,2,2585.0,9.2,487,37,6,410075,3385700,491,0,7,-75.0
531701,410210.0,3386030.0,29,240,6,2,2585.0,9.2,487,37,6,410025,3385730,490,0,7,-79.08
531701,410210.0,3386030.0,29,240,6,2,2585.0,9.2,487,37,6,410020,3385725,490,0,7,-80.0
531701,410210.0,3386030.0,29,240,6,2,2585.0,9.2,487,37,6,410000,3385745,490,0,6,-80.36
531701,410210.0,3386030.0,29,240,6,2,2585.0,9.2,487,37,6,410005,3385750,490,0,7,-78.51
531701,410210.0,3386030.0,29,240,6,2,2585.0,9.2,487,37,6,410070,3385695,491,0,7,-82.6
531701,410210.0,3386030.0,29,240,6,2,2585.0,9.2,487,37,6,410015,3385760,490,0,6,-74.22
531701,410210.0,3386030.0,29,240,6,2,2585.0,9.2,487,37,6,410055,3385720,490,0,7,-77.89
531701,410210.0,3386030.0,29,240,6,2,2585.0,9.2,487,37,6,410060,3385685,490,0,7,-96.5
531701,410210.0,3386030.0,29,240,6,2,2585.0,9.2,487,37,6,410035,3385740,490,0,6,-76.88
531701,410210.0,3386030.0,29,240,6,2,2585.0,9.2,487,37,6,410030,3385735,490,0,6,-78.21
531701,410210.0,3386030.0,29,240,6,2,2585.0,9.2,487,37,6,410045,3385710,490,0,7,-78.75
531701,410210.0,3386030.0,29,240,6,2,2585.0,9.2,487,37,6,410010,3385755,490,0,6,-75.53
531701,410210.0,3386030.0,29,240,6,2,2585.0,9.2,487,37,6,410150,3385775,488,0,6,-92.5
531701,410210.0,3386030.0,29,240,6,2,2585.0,9.2,487,37,6,410050,3385715,490,0,7,-77.4
531701,410210.0,3386030.0,29,240,6,2,2585.0,9.2,487,37,6,410145,3385770,488,0,6,-91.67
531701,410210.0,3386030.0,29,240,6,2,2585.0,9.2,487,37,6,410065,3385690,491,0,7,-91.0
531701,410210.0,3386030.0,29,240,6,2,2585.0,9.2,487,37,6,410100,3385805,489,0,5,-58.67
531701,410210.0,3386030.0,29,240,6,2,2585.0,9.2,487,37,6,407260,3386895,493,0,7,-108.5
531701,410210.0,3386030.0,29,240,6,2,2585.0,9.2,487,37,6,410025,3385745,490,0,6,-79.39
531701,410210.0,3386030.0,29,240,6,2,2585.0,9.2,487,37,6,410055,3385695,491,0,7,-74.5
531701,410210.0,3386030.0,29,240,6,2,2585.0,9.2,487,37,6,410015,3385735,490,0,6,-80.72
531701,410210.0,3386030.0,29,240,6,2,2585.0,9.2,487,37,6,410065,3385705,491,0,7,-77.0
531701,410210.0,3386030.0,29,240,6,2,2585.0,9.2,487,37,6,410035,3385755,490,0,6,-78.07
531701,410210.0,3386030.0,29,240,6,2,2585.0,9.2,487,37,6,410005,3385725,490,0,6,-80.74
531701,410210.0,3386030.0,29,240,6,2,2585.0,9.2,487,37,6,410075,3385715,491,0,7,-78.44
531701,410210.0,3386030.0,29,240,6,2,2585.0,9.2,487,37,6,410010,3385740,490,0,6,-80.47
531701,410210.0,3386030.0,29,240,6,2,2585.0,9.2,487,37,6,410000,3385730,490,0,6,-81.26
531701,410210.0,3386030.0,29,240,6,2,2585.0,9.2,487,37,6,410060,3385710,491,0,7,-73.5
531701,410210.0,3386030.0,29,240,6,2,2585.0,9.2,487,37,6,410050,3385700,491,0,7,-81.6
531701,410210.0,3386030.0,29,240,6,2,2585.0,9.2,487,37,6,410020,3385750,490,0,6,-79.64
531701,410210.0,3386030.0,29,240,6,2,2585.0,9.2,487,37,6,410070,3385720,491,0,7,-78.35
531701,410210.0,3386030.0,29,240,6,2,2585.0,9.2,487,37,6,410125,3385765,489,0,6,-85.0
531701,410210.0,3386030.0,29,240,6,2,2585.0,9.2,487,37,6,410110,3385550,488,0,12,-96.5
531701,410210.0,3386030.0,29,240,6,2,2585.0,9.2,487,37,6,410285,3385760,488,0,6,-92.0
531701,410210.0,3386030.0,29,240,6,2,2585.0,9.2,487,37,6,410375,3385670,488,0,6,-87.67
531701,410210.0,3386030.0,29,240,6,2,2585.0,9.2,487,37,6,410300,3385735,488,0,6,-93.5
531701,410210.0,3386030.0,29,240,6,2,2585.0,9.2,487,37,6,410255,3385710,489,0,7,-86.45
531701,410210.0,3386030.0,29,240,6,2,2585.0,9.2,487,37,6,410250,3385705,489,0,7,-84.57
531701,410210.0,3386030.0,29,240,6,2,2585.0,9.2,487,37,6,410245,3385720,489,0,7,-84.04
531701,410210.0,3386030.0,29,240,6,2,2585.0,9.2,487,37,6,410260,3385695,489,0,6,-84.5
531701,410210.0,3386030.0,29,240,6,2,2585.0,9.2,487,37,6,410295,3385750,488,0,6,-90.09
531701,410210.0,3386030.0,29,240,6,2,2585.0,9.2,487,37,6,410265,3385700,488,0,6,-83.47
531701,410210.0,3386030.0,29,240,6,2,2585.0,9.2,487,37,6,410365,3385680,487,0,6,-86.67
531701,410210.0,3386030.0,29,240,6,2,2585.0,9.2,487,37,6,410360,3385675,487,0,6,-93.86
531701,410210.0,3386030.0,29,240,6,2,2585.0,9.2,487,37,6,410370,3385665,488,0,6,-96.75
531701,410210.0,3386030.0,29,240,6,2,2585.0,9.2,487,37,6,410310,3385725,487,0,6,-85.39
531701,410210.0,3386030.0,29,240,6,2,2585.0,9.2,487,37,6,410315,3385730,487,0,6,-88.67
531701,410210.0,3386030.0,29,240,6,2,2585.0,9.2,487,37,6,410305,3385740,487,0,6,-91.0
531701,410210.0,3386030.0,29,240,6,2,2585.0,9.2,487,37,6,410240,3385715,489,0,7,-85.21
531701,410210.0,3386030.0,29,240,6,2,2585.0,9.2,487,37,6,410290,3385745,488,0,6,-91.79
531701,410210.0,3386030.0,29,240,6,2,2585.0,9.2,487,37,6,410280,3385755,488,0,6,-91.71
531701,410210.0,3386030.0,29,240,6,2,2585.0,9.2,487,37,6,410275,3385690,488,0,7,-90.83
531701,410210.0,3386030.0,29,240,6,2,2585.0,9.2,487,37,6,410270,3385685,488,0,7,-95.33
531701,410210.0,3386030.0,29,240,6,2,2585.0,9.2,487,37,6,407370,3386895,493,0,5,-97.5
531701,410210.0,3386030.0,29,240,6,2,2585.0,9.2,487,37,6,410070,3385925,489,14,14,-100.5
531701,410210.0,3386030.0,29,240,6,2,2585.0,9.2,487,37,6,409975,3386030,490,0,5,-86.5
531701,410210.0,3386030.0,29,240,6,2,2585.0,9.2,487,37,6,410015,3385990,491,0,14,-69.5
531701,410210.0,3386030.0,29,240,6,2,2585.0,9.2,487,37,6,409970,3386025,490,0,5,-86.0
531701,410210.0,3386030.0,29,240,6,2,2585.0,9.2,487,37,6,409980,3386015,491,0,5,-82.6
531701,410210.0,3386030.0,29,240,6,2,2585.0,9.2,487,37,6,409995,3386010,490,0,6,-83.0
531701,410210.0,3386030.0,29,240,6,2,2585.0,9.2,487,37,6,409985,3386020,490,0,6,-78.75
531701,410210.0,3386030.0,29,240,6,2,2585.0,9.2,487,37,6,410005,3386000,491,0,6,-79.0
531701,410210.0,3386030.0,29,240,6,2,2585.0,9.2,487,37,6,410170,3386145,488,0,5,-103.0
531701,410210.0,3386030.0,29,240,6,2,2585.0,9.2,487,37,6,410060,3385935,490,14,14,-88.8
531701,410210.0,3386030.0,29,240,6,2,2585.0,9.2,487,37,6,409990,3386005,491,0,6,-82.0
531701,410210.0,3386030.0,29,240,6,2,2585.0,9.2,487,37,6,410215,3385235,487,0,6,-90.0
531701,410210.0,3386030.0,29,240,6,2,2585.0,9.2,487,37,6,410320,3385750,487,0,6,-91.44
531701,410210.0,3386030.0,29,240,6,2,2585.0,9.2,487,37,6,410330,3385760,487,0,6,-95.0
531701,410210.0,3386030.0,29,240,6,2,2585.0,9.2,487,37,6,410250,3385680,488,0,7,-91.27
531701,410210.0,3386030.0,29,240,6,2,2585.0,9.2,487,37,6,410260,3385650,488,0,6,-86.88
531701,410210.0,3386030.0,29,240,6,2,2585.0,9.2,487,37,6,410265,3385645,488,0,6,-83.5
531701,410210.0,3386030.0,29,240,6,2,2585.0,9.2,487,37,6,410390,3385700,487,0,6,-91.38
531701,410210.0,3386030.0,29,240,6,2,2585.0,9.2,487,37,6,410270,3385660,488,0,6,-89.8
531701,410210.0,3386030.0,29,240,6,2,2585.0,9.2,487,37,6,410255,3385675,488,0,7,-89.62
531701,410210.0,3386030.0,29,240,6,2,2585.0,9.2,487,37,6,410385,3385685,487,0,7,-90.25
531701,410210.0,3386030.0,29,240,6,2,2585.0,9.2,487,37,6,410370,3385720,487,0,6,-89.0
531701,410210.0,3386030.0,29,240,6,2,2585.0,9.2,487,37,6,410375,3385715,487,0,6,-92.0
531701,410210.0,3386030.0,29,240,6,2,2585.0,9.2,487,37,6,410360,3385710,487,0,6,-89.5
531701,410210.0,3386030.0,29,240,6,2,2585.0,9.2,487,37,6,410345,3385725,487,0,6,-92.67
531701,410210.0,3386030.0,29,240,6,2,2585.0,9.2,487,37,6,410365,3385705,487,0,6,-89.2
531701,410210.0,3386030.0,29,240,6,2,2585.0,9.2,487,37,6,410380,3385690,487,0,6,-87.7
531701,410210.0,3386030.0,29,240,6,2,2585.0,9.2,487,37,6,410395,3385695,487,0,6,-89.4
531701,410210.0,3386030.0,29,240,6,2,2585.0,9.2,487,37,6,410240,3385670,488,0,6,-90.67
531701,410210.0,3386030.0,29,240,6,2,2585.0,9.2,487,37,6,410325,3385745,487,0,6,-93.0
531701,410210.0,3386030.0,29,240,6,2,2585.0,9.2,487,37,6,410335,3385755,487,0,6,-89.0
531701,410210.0,3386030.0,29,240,6,2,2585.0,9.2,487,37,6,410275,3385655,488,0,6,-89.67
531701,410210.0,3386030.0,29,240,6,2,2585.0,9.2,487,37,6,410270,3385580,488,0,7,-97.33
531701,410210.0,3386030.0,29,240,6,2,2585.0,9.2,487,37,6,410250,3385600,487,0,7,-88.17
531701,410210.0,3386030.0,29,240,6,2,2585.0,9.2,487,37,6,409875,3385710,487,0,7,-94.0
531701,410210.0,3386030.0,29,240,6,2,2585.0,9.2,487,37,6,410110,3385945,488,0,7,-71.0
531701,410210.0,3386030.0,29,240,6,2,2585.0,9.2,487,37,6,410215,3386050,487,37,5,-107.0
531701,410210.0,3386030.0,29,240,6,2,2585.0,9.2,487,37,6,409915,3385750,488,0,7,-85.29
531701,410210.0,3386030.0,29,240,6,2,2585.0,9.2,487,37,6,409885,3385740,487,0,6,-85.5
531701,410210.0,3386030.0,29,240,6,2,2585.0,9.2,487,37,6,410095,3385930,489,0,5,-71.0
531701,410210.0,3386030.0,29,240,6,2,2585.0,9.2,487,37,6,409910,3385745,487,0,6,-87.25
531701,410210.0,3386030.0,29,240,6,2,2585.0,9.2,487,37,6,410120,3385975,488,0,7,-81.0
531701,410210.0,3386030.0,29,240,6,2,2585.0,9.2,487,37,6,410205,3386060,487,37,5,-119.33
531701,410210.0,3386030.0,29,240,6,2,2585.0,9.2,487,37,6,409890,3385725,487,0,7,-89.0
531701,410210.0,3386030.0,29,240,6,2,2585.0,9.2,487,37,6,410250,3385695,489,0,7,-82.46
531701,410210.0,3386030.0,29,240,6,2,2585.0,9.2,487,37,6,410310,3385755,487,0,6,-90.75
531701,410210.0,3386030.0,29,240,6,2,2585.0,9.2,487,37,6,410245,3385690,489,0,7,-89.67
531701,410210.0,3386030.0,29,240,6,2,2585.0,9.2,487,37,6,410240,3385685,489,0,7,-91.0
531701,410210.0,3386030.0,29,240,6,2,2585.0,9.2,487,37,6,410255,3385700,489,0,7,-84.3
531701,410210.0,3386030.0,29,240,6,2,2585.0,9.2,487,37,6,410270,3385715,488,0,6,-92.75
531701,410210.0,3386030.0,29,240,6,2,2585.0,9.2,487,37,6,410260,3385705,489,0,7,-82.93
531701,410210.0,3386030.0,29,240,6,2,2585.0,9.2,487,37,6,410305,3385750,487,0,6,-91.23
531701,410210.0,3386030.0,29,240,6,2,2585.0,9.2,487,37,6,410290,3385735,488,0,6,-91.82
531701,410210.0,3386030.0,29,240,6,2,2585.0,9.2,487,37,6,410285,3385730,488,0,6,-90.23
531701,410210.0,3386030.0,29,240,6,2,2585.0,9.2,487,37,6,410275,3385720,488,0,7,-90.77
531701,410210.0,3386030.0,29,240,6,2,2585.0,9.2,487,37,6,410265,3385710,488,0,6,-92.19
531701,410210.0,3386030.0,29,240,6,2,2585.0,9.2,487,37,6,410280,3385725,488,0,6,-92.13
531701,410210.0,3386030.0,29,240,6,2,2585.0,9.2,487,37,6,410300,3385745,488,0,6,-89.93
531701,410210.0,3386030.0,29,240,6,2,2585.0,9.2,487,37,6,410295,3385740,488,0,6,-91.5
531701,410210.0,3386030.0,29,240,6,2,2585.0,9.2,487,37,6,410110,3385760,489,0,6,-84.5
531701,410210.0,3386030.0,29,240,6,2,2585.0,9.2,487,37,6,409980,3385870,492,0,7,-89.0
531701,410210.0,3386030.0,29,240,6,2,2585.0,9.2,487,37,6,410125,3385685,490,0,7,-97.25
531701,410210.0,3386030.0,29,240,6,2,2585.0,9.2,487,37,6,410120,3385690,490,0,7,-93.0
531701,410210.0,3386030.0,29,240,6,2,2585.0,9.2,487,37,6,410005,3385805,490,0,6,-81.73
531701,410210.0,3386030.0,29,240,6,2,2585.0,9.2,487,37,6,410135,3385695,489,0,7,-86.29
531701,410210.0,3386030.0,29,240,6,2,2585.0,9.2,487,37,6,410100,3385750,489,0,6,-79.68
531701,410210.0,3386030.0,29,240,6,2,2585.0,9.2,487,37,6,410115,3385755,489,0,6,-81.42
531701,410210.0,3386030.0,29,240,6,2,2585.0,9.2,487,37,6,410195,3385675,489,0,7,-88.8
531701,410210.0,3386030.0,29,240,6,2,2585.0,9.2,487,37,6,410185,3385665,489,0,7,-80.0
531701,410210.0,3386030.0,29,240,6,2,2585.0,9.2,487,37,6,410190,3385680,489,0,7,-96.57
531701,410210.0,3386030.0,29,240,6,2,2585.0,9.2,487,37,6,410130,3385700,490,0,7,-79.33
531701,410210.0,3386030.0,29,240,6,2,2585.0,9.2,487,37,6,410220,3385630,488,0,7,-89.67
531701,410210.0,3386030.0,29,240,6,2,2585.0,9.2,487,37,6,410090,3385740,490,0,6,-76.08
531701,410210.0,3386030.0,29,240,6,2,2585.0,9.2,487,37,6,410085,3385725,490,0,7,-77.03
531701,410210.0,3386030.0,29,240,6,2,2585.0,9.2,487,37,6,410225,3385625,488,0,7,-90.33
531701,410210.0,3386030.0,29,240,6,2,2585.0,9.2,487,37,6,410140,3385710,489,0,7,-82.86
531701,410210.0,3386030.0,29,240,6,2,2585.0,9.2,487,37,6,410145,3385705,489,0,7,-81.4
531701,410210.0,3386030.0,29,240,6,2,2585.0,9.2,487,37,6,410105,3385745,489,0,7,-83.63
531701,410210.0,3386030.0,29,240,6,2,2585.0,9.2,487,37,6,410000,3385810,490,0,6,-82.73
531701,410210.0,3386030.0,29,240,6,2,2585.0,9.2,487,37,6,410080,3385730,490,0,6,-78.67
531701,410210.0,3386030.0,29,240,6,2,2585.0,9.2,487,37,6,410155,3385715,489,0,7,-82.56
531701,410210.0,3386030.0,29,240,6,2,2585.0,9.2,487,37,6,410150,3385720,489,0,7,-84.09
531701,410210.0,3386030.0,29,240,6,2,2585.0,9.2,487,37,6,410180,3385670,489,0,7,-89.67
531701,410210.0,3386030.0,29,240,6,2,2585.0,9.2,487,37,6,409960,3385850,491,0,7,-94.0
531701,410210.0,3386030.0,29,240,6,2,2585.0,9.2,487,37,6,409965,3385845,491,0,7,-97.75
531701,410210.0,3386030.0,29,240,6,2,2585.0,9.2,487,37,6,410095,3385735,490,0,6,-78.11
531701,410210.0,3386030.0,29,240,6,2,2585.0,9.2,487,37,6,410230,3385640,488,0,7,-94.5
531701,410210.0,3386030.0,29,240,6,2,2585.0,9.2,487,37,6,410180,3386000,487,0,7,-89.0
531701,410210.0,3386030.0,29,240,6,2,2585.0,9.2,487,37,6,410135,3386005,487,0,7,-94.5
531701,410210.0,3386030.0,29,240,6,2,2585.0,9.2,487,37,6,410120,3386020,487,26,5,-93.0
531701,410210.0,3386030.0,29,240,6,2,2585.0,9.2,487,37,6,410185,3385995,487,0,7,-82.8
531701,410210.0,3386030.0,29,240,6,2,2585.0,9.2,487,37,6,410165,3385975,487,0,7,-76.67
531701,410210.0,3386030.0,29,240,6,2,2585.0,9.2,487,37,6,410175,3385965,487,0,7,-78.0
531701,410210.0,3386030.0,29,240,6,2,2585.0,9.2,487,37,6,410125,3386015,487,26,5,-93.67
531701,410210.0,3386030.0,29,240,6,2,2585.0,9.2,487,37,6,410190,3385990,487,0,7,-78.0
531701,410210.0,3386030.0,29,240,6,2,2585.0,9.2,487,37,6,410195,3385985,487,0,7,-76.33
531701,410210.0,3386030.0,29,240,6,2,2585.0,9.2,487,37,6,410160,3385980,487,0,7,-82.67
531701,410210.0,3386030.0,29,240,6,2,2585.0,9.2,487,37,6,410095,3386045,488,26,6,-111.25
531701,410210.0,3386030.0,29,240,6,2,2585.0,9.2,487,37,6,410240,3385995,487,0,7,-77.0
531701,410210.0,3386030.0,29,240,6,2,2585.0,9.2,487,37,6,410255,3385990,487,0,7,-89.0
531701,410210.0,3386030.0,29,240,6,2,2585.0,9.2,487,37,6,410260,3385975,487,0,7,-81.67
531701,410210.0,3386030.0,29,240,6,2,2585.0,9.2,487,37,6,410250,3385985,487,0,7,-84.4
531701,410210.0,3386030.0,29,240,6,2,2585.0,9.2,487,37,6,410325,3385580,488,0,6,-94.5
531701,410210.0,3386030.0,29,240,6,2,2585.0,9.2,487,37,6,410345,3385600,488,0,7,-88.5
531701,410210.0,3386030.0,29,240,6,2,2585.0,9.2,487,37,6,410000,3386100,490,0,6,-94.5
531701,410210.0,3386030.0,29,240,6,2,2585.0,9.2,487,37,6,410200,3385980,487,0,7,-81.2
531701,410210.0,3386030.0,29,240,6,2,2585.0,9.2,487,37,6,410225,3385995,487,0,7,-81.0
531701,410210.0,3386030.0,29,240,6,2,2585.0,9.2,487,37,6,410205,3385975,487,0,7,-79.38
531701,410210.0,3386030.0,29,240,6,2,2585.0,9.2,487,37,6,410235,3385985,487,0,7,-85.33
531701,410210.0,3386030.0,29,240,6,2,2585.0,9.2,487,37,6,410230,3385990,487,0,7,-78.8
531701,410210.0,3386030.0,29,240,6,2,2585.0,9.2,487,37,6,410220,3386000,487,0,7,-87.33
531701,410210.0,3386030.0,29,240,6,2,2585.0,9.2,487,37,6,410420,3385690,487,0,6,-99.0
531701,410210.0,3386030.0,29,240,6,2,2585.0,9.2,487,37,6,410310,3385575,488,0,7,-95.5
531701,410210.0,3386030.0,29,240,6,2,2585.0,9.2,487,37,6,410315,3385580,488,0,7,-98.25
531701,410210.0,3386030.0,29,240,6,2,2585.0,9.2,487,37,6,410175,3386000,487,0,7,-89.5
531701,410210.0,3386030.0,29,240,6,2,2585.0,9.2,487,37,6,410160,3385985,487,0,7,-83.67
531701,410210.0,3386030.0,29,240,6,2,2585.0,9.2,487,37,6,410120,3386025,487,26,5,-105.33
531701,410210.0,3386030.0,29,240,6,2,2585.0,9.2,487,37,6,410165,3385990,487,0,7,-84.0
531701,410210.0,3386030.0,29,240,6,2,2585.0,9.2,487,37,6,410190,3385975,487,0,7,-74.5
531701,410210.0,3386030.0,29,240,6,2,2585.0,9.2,487,37,6,410185,3385970,487,0,7,-73.5
531701,410210.0,3386030.0,29,240,6,2,2585.0,9.2,487,37,6,410170,3385995,487,0,7,-90.5
531701,410210.0,3386030.0,29,240,6,2,2585.0,9.2,487,37,6,410195,3385980,487,0,7,-77.82
531701,410210.0,3386030.0,29,240,6,2,2585.0,9.2,487,37,6,410155,3386010,486,0,7,-91.0
531701,410210.0,3386030.0,29,240,6,2,2585.0,9.2,487,37,6,410175,3385990,487,0,7,-81.33
531701,410210.0,3386030.0,29,240,6,2,2585.0,9.2,487,37,6,410180,3385975,487,0,7,-74.5
531701,410210.0,3386030.0,29,240,6,2,2585.0,9.2,487,37,6,410170,3385985,487,0,7,-84.6
531701,410210.0,3386030.0,29,240,6,2,2585.0,9.2,487,37,6,410195,3385970,487,0,7,-83.5
531701,410210.0,3386030.0,29,240,6,2,2585.0,9.2,487,37,6,410185,3385980,487,0,7,-84.45
531701,410210.0,3386030.0,29,240,6,2,2585.0,9.2,487,37,6,410120,3386035,487,26,6,-114.0
531701,410210.0,3386030.0,29,240,6,2,2585.0,9.2,487,37,6,410220,3385795,488,0,6,-88.5
531701,410210.0,3386030.0,29,240,6,2,2585.0,9.2,487,37,6,410210,3385765,488,0,6,-94.0
531701,410210.0,3386030.0,29,240,6,2,2585.0,9.2,487,37,6,409930,3385725,488,0,7,-85.07
531701,410210.0,3386030.0,29,240,6,2,2585.0,9.2,487,37,6,410235,3385790,488,0,6,-79.0
531701,410210.0,3386030.0,29,240,6,2,2585.0,9.2,487,37,6,409920,3385735,488,0,6,-88.17
531701,410210.0,3386030.0,29,240,6,2,2585.0,9.2,487,37,6,409985,3385720,489,0,7,-81.31
531701,410210.0,3386030.0,29,240,6,2,2585.0,9.2,487,37,6,409955,3385750,489,0,7,-85.36
531701,410210.0,3386030.0,29,240,6,2,2585.0,9.2,487,37,6,409980,3385715,489,0,7,-85.0
531701,410210.0,3386030.0,29,240,6,2,2585.0,9.2,487,37,6,409995,3385710,489,0,6,-86.33
531701,410210.0,3386030.0,29,240,6,2,2585.0,9.2,487,37,6,409935,3385730,488,0,7,-86.07
531701,410210.0,3386030.0,29,240,6,2,2585.0,9.2,487,37,6,410205,3385780,488,0,6,-91.0
531701,410210.0,3386030.0,29,240,6,2,2585.0,9.2,487,37,6,409925,3385740,488,0,6,-87.0
531701,410210.0,3386030.0,29,240,6,2,2585.0,9.2,487,37,6,409950,3385745,489,0,6,-83.76
531701,410210.0,3386030.0,29,240,6,2,2585.0,9.2,487,37,6,410200,3385775,488,0,6,-81.83
531701,410210.0,3386030.0,29,240,6,2,2585.0,9.2,487,37,6,410215,3385770,488,0,6,-96.5
531701,410210.0,3386030.0,29,240,6,2,2585.0,9.2,487,37,6,410230,3385785,488,0,6,-83.0
531701,410210.0,3386030.0,29,240,6,2,2585.0,9.2,487,37,6,407270,3386910,493,6,7,-102.0
531701,410210.0,3386030.0,29,240,6,2,2585.0,9.2,487,37,6,407275,3386905,493,0,6,-108.5
531701,410210.0,3386030.0,29,240,6,2,2585.0,9.2,487,37,6,407250,3386980,492,0,15,-91.5
531701,410210.0,3386030.0,29,240,6,2,2585.0,9.2,487,37,6,407240,3386970,492,0,5,-108.6
531701,410210.0,3386030.0,29,240,6,2,2585.0,9.2,487,37,6,407245,3386965,492,0,5,-97.5
531701,410210.0,3386030.0,29,240,6,2,2585.0,9.2,487,37,6,407290,3386940,493,0,5,-101.25
531701,410210.0,3386030.0,29,240,6,2,2585.0,9.2,487,37,6,410170,3386085,487,0,5,-103.75
531701,410210.0,3386030.0,29,240,6,2,2585.0,9.2,487,37,6,409990,3386065,489,0,6,-90.5
531701,410210.0,3386030.0,29,240,6,2,2585.0,9.2,487,37,6,409975,3386050,489,0,5,-92.0
531701,410210.0,3386030.0,29,240,6,2,2585.0,9.2,487,37,6,410285,3385670,488,0,7,-95.0
531701,410210.0,3386030.0,29,240,6,2,2585.0,9.2,487,37,6,410255,3385640,488,0,7,-83.27
531701,410210.0,3386030.0,29,240,6,2,2585.0,9.2,487,37,6,410395,3385740,487,0,6,-95.0
531701,410210.0,3386030.0,29,240,6,2,2585.0,9.2,487,37,6,410260,3385605,487,0,7,-88.8
531701,410210.0,3386030.0,29,240,6,2,2585.0,9.2,487,37,6,410295,3385680,488,0,7,-95.0
531701,410210.0,3386030.0,29,240,6,2,2585.0,9.2,487,37,6,410345,3385690,487,0,7,-84.77
531701,410210.0,3386030.0,29,240,6,2,2585.0,9.2,487,37,6,410280,3385665,488,0,7,-94.0
531701,410210.0,3386030.0,29,240,6,2,2585.0,9.2,487,37,6,410335,3385720,487,0,6,-85.14
531701,410210.0,3386030.0,29,240,6,2,2585.0,9.2,487,37,6,410350,3385695,487,0,6,-86.78
531701,410210.0,3386030.0,29,240,6,2,2585.0,9.2,487,37,6,410330,3385715,487,0,7,-85.96
531701,410210.0,3386030.0,29,240,6,2,2585.0,9.2,487,37,6,410325,3385710,487,0,7,-85.0
531701,410210.0,3386030.0,29,240,6,2,2585.0,9.2,487,37,6,410355,3385700,487,0,6,-86.81
531701,410210.0,3386030.0,29,240,6,2,2585.0,9.2,487,37,6,410250,3385635,488,0,7,-86.8
531701,410210.0,3386030.0,29,240,6,2,2585.0,9.2,487,37,6,410340,3385685,487,0,7,-86.0
531701,410210.0,3386030.0,29,240,6,2,2585.0,9.2,487,37,6,410320,3385705,487,0,7,-88.12
531701,410210.0,3386030.0,29,240,6,2,2585.0,9.2,487,37,6,410265,3385610,487,0,7,-86.5
531701,410210.0,3386030.0,29,240,6,2,2585.0,9.2,487,37,6,410245,3385630,487,0,7,-89.0
531701,410210.0,3386030.0,29,240,6,2,2585.0,9.2,487,37,6,410325,3385570,488,0,7,-94.0
531701,410210.0,3386030.0,29,240,6,2,2585.0,9.2,487,37,6,410420,3385695,487,0,6,-94.0
531701,410210.0,3386030.0,29,240,6,2,2585.0,9.2,487,37,6,410270,3385845,488,0,7,-87.0
531701,410210.0,3386030.0,29,240,6,2,2585.0,9.2,487,37,6,410315,3385575,488,0,7,-97.0
531701,410210.0,3386030.0,29,240,6,2,2585.0,9.2,487,37,6,409990,3385495,488,0,5,-82.5
531701,410210.0,3386030.0,29,240,6,2,2585.0,9.2,487,37,6,410245,3385715,489,0,7,-85.71
531701,410210.0,3386030.0,29,240,6,2,2585.0,9.2,487,37,6,410360,3385680,487,0,6,-90.33
531701,410210.0,3386030.0,29,240,6,2,2585.0,9.2,487,37,6,410305,3385735,487,0,6,-91.56
531701,410210.0,3386030.0,29,240,6,2,2585.0,9.2,487,37,6,410290,3385750,488,0,6,-89.6
531701,410210.0,3386030.0,29,240,6,2,2585.0,9.2,487,37,6,410295,3385745,488,0,6,-91.78
531701,410210.0,3386030.0,29,240,6,2,2585.0,9.2,487,37,6,410300,3385740,488,0,6,-92.53
531701,410210.0,3386030.0,29,240,6,2,2585.0,9.2,487,37,6,410250,3385710,489,0,7,-87.54
531701,410210.0,3386030.0,29,240,6,2,2585.0,9.2,487,37,6,410275,3385685,488,0,7,-93.73
531701,410210.0,3386030.0,29,240,6,2,2585.0,9.2,487,37,6,410265,3385695,488,0,6,-84.9
531701,410210.0,3386030.0,29,240,6,2,2585.0,9.2,487,37,6,410375,3385665,488,0,6,-94.0
531701,410210.0,3386030.0,29,240,6,2,2585.0,9.2,487,37,6,410240,3385720,489,0,7,-82.18
531701,410210.0,3386030.0,29,240,6,2,2585.0,9.2,487,37,6,410370,3385670,487,0,6,-94.33
531701,410210.0,3386030.0,29,240,6,2,2585.0,9.2,487,37,6,410365,3385675,487,0,6,-84.67
531701,410210.0,3386030.0,29,240,6,2,2585.0,9.2,487,37,6,410260,3385700,489,0,6,-83.31
531701,410210.0,3386030.0,29,240,6,2,2585.0,9.2,487,37,6,410255,3385705,489,0,7,-85.63
531701,410210.0,3386030.0,29,240,6,2,2585.0,9.2,487,37,6,410315,3385725,487,0,6,-82.48
531701,410210.0,3386030.0,29,240,6,2,2585.0,9.2,487,37,6,410285,3385755,488,0,6,-89.65
531701,410210.0,3386030.0,29,240,6,2,2585.0,9.2,487,37,6,410270,3385690,488,0,7,-86.7
531701,410210.0,3386030.0,29,240,6,2,2585.0,9.2,487,37,6,410280,3385760,488,0,6,-88.67
531701,410210.0,3386030.0,29,240,6,2,2585.0,9.2,487,37,6,410310,3385730,487,0,6,-85.67
531701,410210.0,3386030.0,29,240,6,2,2585.0,9.2,487,37,6,410225,3385805,488,0,7,-78.0
531701,410210.0,3386030.0,29,240,6,2,2585.0,9.2,487,37,6,410080,3385870,490,14,5,-64.5
531701,410210.0,3386030.0,29,240,6,2,2585.0,9.2,487,37,6,410185,3385765,488,0,6,-85.0
531701,410210.0,3386030.0,29,240,6,2,2585.0,9.2,487,37,6,410095,3385875,490,0,5,-71.5
531701,410210.0,3386030.0,29,240,6,2,2585.0,9.2,487,37,6,409960,3385750,489,0,7,-84.7
531701,410210.0,3386030.0,29,240,6,2,2585.0,9.2,487,37,6,410050,3385680,490,0,7,-90.0
531701,410210.0,3386030.0,29,240,6,2,2585.0,9.2,487,37,6,409995,3385735,490,0,6,-78.63
531701,410210.0,3386030.0,29,240,6,2,2585.0,9.2,487,37,6,409965,3385745,489,0,6,-81.1
531701,410210.0,3386030.0,29,240,6,2,2585.0,9.2,487,37,6,409980,3385730,489,0,7,-81.6
531701,410210.0,3386030.0,29,240,6,2,2585.0,9.2,487,37,6,409970,3385760,489,0,6,-87.5
531701,410210.0,3386030.0,29,240,6,2,2585.0,9.2,487,37,6,410055,3385675,490,0,7,-86.5
531701,410210.0,3386030.0,29,240,6,2,2585.0,9.2,487,37,6,409975,3385755,489,0,6,-78.58
531701,410210.0,3386030.0,29,240,6,2,2585.0,9.2,487,37,6,409985,3385725,489,0,7,-81.89
531701,410210.0,3386030.0,29,240,6,2,2585.0,9.2,487,37,6,410175,3385795,488,0,6,-90.5
531701,410210.0,3386030.0,29,240,6,2,2585.0,9.2,487,37,6,409930,3385720,488,0,7,-80.75
531701,410210.0,3386030.0,29,240,6,2,2585.0,9.2,487,37,6,409990,3385740,490,0,6,-80.69
