Cell Index,Cell X,Cell Y,Height,Azimuth,Electrical Downtilt,Mechanical Downtilt,Frequency Band,RS Power,Cell Altitude,Cell Building Height,Cell Clutter Index,X,Y,Altitude,Building Height,Clutter Index,RSRP
259301,411440.0,3390440.0,30,200,6,6,2585.0,9.2,498,0,5,411395,3390475,497,0,12,-96.5
259301,411440.0,3390440.0,30,200,6,6,2585.0,9.2,498,0,5,411485,3390485,497,0,13,-83.68
259301,411440.0,3390440.0,30,200,6,6,2585.0,9.2,498,0,5,411480,3390490,497,0,13,-84.59
259301,411440.0,3390440.0,30,200,6,6,2585.0,9.2,498,0,5,411490,3390500,497,27,5,-85.17
259301,411440.0,3390440.0,30,200,6,6,2585.0,9.2,498,0,5,411495,3390495,497,0,13,-83.5
259301,411440.0,3390440.0,30,200,6,6,2585.0,9.2,498,0,5,412505,3388190,486,0,2,-103.33
259301,411440.0,3390440.0,30,200,6,6,2585.0,9.2,498,0,5,412495,3388180,486,0,2,-103.13
259301,411440.0,3390440.0,30,200,6,6,2585.0,9.2,498,0,5,412490,3388175,486,0,2,-102.0
259301,411440.0,3390440.0,30,200,6,6,2585.0,9.2,498,0,5,412480,3388165,486,0,2,-106.0
259301,411440.0,3390440.0,30,200,6,6,2585.0,9.2,498,0,5,412500,3388185,486,0,2,-103.67
259301,411440.0,3390440.0,30,200,6,6,2585.0,9.2,498,0,5,412485,3388170,486,0,2,-101.75
259301,411440.0,3390440.0,30,200,6,6,2585.0,9.2,498,0,5,408300,3389815,501,0,13,-97.0
259301,411440.0,3390440.0,30,200,6,6,2585.0,9.2,498,0,5,412165,3390315,498,63,5,-100.33
259301,411440.0,3390440.0,30,200,6,6,2585.0,9.2,498,0,5,412180,3387935,488,0,7,-92.75
259301,411440.0,3390440.0,30,200,6,6,2585.0,9.2,498,0,5,411515,3390500,497,27,5,-85.5
259301,411440.0,3390440.0,30,200,6,6,2585.0,9.2,498,0,5,411480,3390505,497,0,5,-87.0
259301,411440.0,3390440.0,30,200,6,6,2585.0,9.2,498,0,5,411500,3390485,497,0,13,-82.41
259301,411440.0,3390440.0,30,200,6,6,2585.0,9.2,498,0,5,411505,3390490,497,0,13,-83.4
259301,411440.0,3390440.0,30,200,6,6,2585.0,9.2,498,0,5,411510,3390495,497,27,13,-81.8
259301,411440.0,3390440.0,30,200,6,6,2585.0,9.2,498,0,5,412175,3388060,486,0,7,-109.0
259301,411440.0,3390440.0,30,200,6,6,2585.0,9.2,498,0,5,411205,3387660,489,0,5,-96.25
259301,411440.0,3390440.0,30,200,6,6,2585.0,9.2,498,0,5,411570,3390410,496,0,5,-84.0
259301,411440.0,3390440.0,30,200,6,6,2585.0,9.2,498,0,5,411595,3390425,496,0,12,-79.79
259301,411440.0,3390440.0,30,200,6,6,2585.0,9.2,498,0,5,412045,3390255,496,0,5,-85.0
259301,411440.0,3390440.0,30,200,6,6,2585.0,9.2,498,0,5,411585,3390435,496,0,12,-79.25
259301,411440.0,3390440.0,30,200,6,6,2585.0,9.2,498,0,5,411580,3390440,496,0,12,-79.93
259301,411440.0,3390440.0,30,200,6,6,2585.0,9.2,498,0,5,411535,3390445,497,0,5,-79.49
259301,411440.0,3390440.0,30,200,6,6,2585.0,9.2,498,0,5,411525,3390455,497,0,12,-81.05
259301,411440.0,3390440.0,30,200,6,6,2585.0,9.2,498,0,5,411540,3390480,497,0,12,-79.92
259301,411440.0,3390440.0,30,200,6,6,2585.0,9.2,498,0,5,411530,3390450,497,0,12,-81.46
259301,411440.0,3390440.0,30,200,6,6,2585.0,9.2,498,0,5,411550,3390470,497,0,5,-80.18
259301,411440.0,3390440.0,30,200,6,6,2585.0,9.2,498,0,5,411590,3390430,496,0,12,-74.5
259301,411440.0,3390440.0,30,200,6,6,2585.0,9.2,498,0,5,411520,3390460,497,0,12,-81.43
259301,411440.0,3390440.0,30,200,6,6,2585.0,9.2,498,0,5,412055,3390245,496,0,5,-93.13
259301,411440.0,3390440.0,30,200,6,6,2585.0,9.2,498,0,5,412050,3390250,496,0,5,-90.89
259301,411440.0,3390440.0,30,200,6,6,2585.0,9.2,498,0,5,411545,3390475,497,0,5,-82.86
259301,411440.0,3390440.0,30,200,6,6,2585.0,9.2,498,0,5,411555,3390465,497,0,12,-79.0
259301,411440.0,3390440.0,30,200,6,6,2585.0,9.2,498,0,5,411800,3387755,490,0,12,-109.5
259301,411440.0,3390440.0,30,200,6,6,2585.0,9.2,498,0,5,411835,3387730,490,0,6,-105.43
259301,411440.0,3390440.0,30,200,6,6,2585.0,9.2,498,0,5,412045,3388160,487,0,5,-89.0
259301,411440.0,3390440.0,30,200,6,6,2585.0,9.2,498,0,5,411825,3387740,490,0,5,-111.5
259301,411440.0,3390440.0,30,200,6,6,2585.0,9.2,498,0,5,411440,3390465,498,0,13,-86.5
259301,411440.0,3390440.0,30,200,6,6,2585.0,9.2,498,0,5,411390,3390535,497,0,5,-95.33
259301,411440.0,3390440.0,30,200,6,6,2585.0,9.2,498,0,5,411515,3390420,497,0,5,-82.3
259301,411440.0,3390440.0,30,200,6,6,2585.0,9.2,498,0,5,411510,3390415,497,0,12,-85.71
259301,411440.0,3390440.0,30,200,6,6,2585.0,9.2,498,0,5,411470,3390455,498,0,13,-86.0
259301,411440.0,3390440.0,30,200,6,6,2585.0,9.2,498,0,5,411505,3390410,497,0,5,-83.67
259301,411440.0,3390440.0,30,200,6,6,2585.0,9.2,498,0,5,411380,3390525,497,0,5,-96.0
259301,411440.0,3390440.0,30,200,6,6,2585.0,9.2,498,0,5,411445,3390470,498,0,5,-86.0
259301,411440.0,3390440.0,30,200,6,6,2585.0,9.2,498,0,5,411475,3390460,498,0,13,-83.86
259301,411440.0,3390440.0,30,200,6,6,2585.0,9.2,498,0,5,411450,3390475,498,15,5,-88.5
259301,411440.0,3390440.0,30,200,6,6,2585.0,9.2,498,0,5,411435,3390500,497,0,5,-93.81
259301,411440.0,3390440.0,30,200,6,6,2585.0,9.2,498,0,5,411400,3390505,497,0,12,-97.05
259301,411440.0,3390440.0,30,200,6,6,2585.0,9.2,498,0,5,411405,3390510,497,0,12,-94.97
259301,411440.0,3390440.0,30,200,6,6,2585.0,9.2,498,0,5,411410,3390515,497,0,12,-95.44
259301,411440.0,3390440.0,30,200,6,6,2585.0,9.2,498,0,5,411415,3390520,497,0,12,-96.78
259301,411440.0,3390440.0,30,200,6,6,2585.0,9.2,498,0,5,411385,3390530,497,0,5,-94.0
259301,411440.0,3390440.0,30,200,6,6,2585.0,9.2,498,0,5,411430,3390495,497,0,13,-92.08
259301,411440.0,3390440.0,30,200,6,6,2585.0,9.2,498,0,5,411425,3390490,497,0,13,-92.5
259301,411440.0,3390440.0,30,200,6,6,2585.0,9.2,498,0,5,411455,3390480,498,15,13,-88.42
259301,411440.0,3390440.0,30,200,6,6,2585.0,9.2,498,0,5,411360,3390545,497,0,12,-100.5
259301,411440.0,3390440.0,30,200,6,6,2585.0,9.2,498,0,5,411420,3390485,497,27,6,-101.0
259301,411440.0,3390440.0,30,200,6,6,2585.0,9.2,498,0,5,411485,3390430,498,15,5,-86.5
259301,411440.0,3390440.0,30,200,6,6,2585.0,9.2,498,0,5,411490,3390435,498,15,5,-80.0
259301,411440.0,3390440.0,30,200,6,6,2585.0,9.2,498,0,5,411500,3390405,498,0,12,-86.43
259301,411440.0,3390440.0,30,200,6,6,2585.0,9.2,498,0,5,411505,3390380,497,0,5,-81.0
259301,411440.0,3390440.0,30,200,6,6,2585.0,9.2,498,0,5,411500,3390375,497,0,5,-78.5
259301,411440.0,3390440.0,30,200,6,6,2585.0,9.2,498,0,5,411495,3390390,498,0,12,-83.25
259301,411440.0,3390440.0,30,200,6,6,2585.0,9.2,498,0,5,411640,3390835,492,0,5,-107.75
259301,411440.0,3390440.0,30,200,6,6,2585.0,9.2,498,0,5,411690,3387620,490,0,5,-117.0
259301,411440.0,3390440.0,30,200,6,6,2585.0,9.2,498,0,5,411805,3387565,487,0,5,-123.0
259301,411440.0,3390440.0,30,200,6,6,2585.0,9.2,498,0,5,411665,3387745,489,0,13,-110.5
259301,411440.0,3390440.0,30,200,6,6,2585.0,9.2,498,0,5,411665,3390345,496,6,13,-94.0
259301,411440.0,3390440.0,30,200,6,6,2585.0,9.2,498,0,5,411620,3390390,496,0,12,-77.67
259301,411440.0,3390440.0,30,200,6,6,2585.0,9.2,498,0,5,411675,3390355,496,0,5,-111.75
259301,411440.0,3390440.0,30,200,6,6,2585.0,9.2,498,0,5,411670,3390360,496,0,12,-89.8
259301,411440.0,3390440.0,30,200,6,6,2585.0,9.2,498,0,5,411555,3390315,496,0,5,-85.83
259301,411440.0,3390440.0,30,200,6,6,2585.0,9.2,498,0,5,411550,3390320,496,21,12,-85.0
259301,411440.0,3390440.0,30,200,6,6,2585.0,9.2,498,0,5,411635,3390395,496,21,5,-73.0
259301,411440.0,3390440.0,30,200,6,6,2585.0,9.2,498,0,5,411535,3390295,496,21,5,-99.67
259301,411440.0,3390440.0,30,200,6,6,2585.0,9.2,498,0,5,411630,3390400,496,21,5,-69.0
259301,411440.0,3390440.0,30,200,6,6,2585.0,9.2,498,0,5,412180,3388040,487,0,6,-102.6
259301,411440.0,3390440.0,30,200,6,6,2585.0,9.2,498,0,5,412200,3388060,486,0,7,-109.5
259301,411440.0,3390440.0,30,200,6,6,2585.0,9.2,498,0,5,412460,3388170,486,0,7,-105.8
259301,411440.0,3390440.0,30,200,6,6,2585.0,9.2,498,0,5,412470,3388180,486,0,7,-99.14
259301,411440.0,3390440.0,30,200,6,6,2585.0,9.2,498,0,5,412445,3388185,486,0,7,-100.5
259301,411440.0,3390440.0,30,200,6,6,2585.0,9.2,498,0,5,412475,3388175,486,0,5,-102.5
259301,411440.0,3390440.0,30,200,6,6,2585.0,9.2,498,0,5,411535,3390595,496,15,5,-92.0
259301,411440.0,3390440.0,30,200,6,6,2585.0,9.2,498,0,5,412085,3390185,496,48,5,-95.5
259301,411440.0,3390440.0,30,200,6,6,2585.0,9.2,498,0,5,411745,3390445,494,15,13,-91.0
259301,411440.0,3390440.0,30,200,6,6,2585.0,9.2,498,0,5,411900,3390290,494,0,5,-94.0
259301,411440.0,3390440.0,30,200,6,6,2585.0,9.2,498,0,5,411705,3390405,495,12,12,-84.87
259301,411440.0,3390440.0,30,200,6,6,2585.0,9.2,498,0,5,411680,3390430,495,0,5,-88.71
259301,411440.0,3390440.0,30,200,6,6,2585.0,9.2,498,0,5,411710,3390420,494,0,12,-83.67
259301,411440.0,3390440.0,30,200,6,6,2585.0,9.2,498,0,5,411685,3390425,495,0,5,-85.25
259301,411440.0,3390440.0,30,200,6,6,2585.0,9.2,498,0,5,412140,3390210,497,6,5,-96.5
259301,411440.0,3390440.0,30,200,6,6,2585.0,9.2,498,0,5,411715,3390415,494,0,12,-86.67
259301,411440.0,3390440.0,30,200,6,6,2585.0,9.2,498,0,5,411880,3390310,493,0,5,-91.4
259301,411440.0,3390440.0,30,200,6,6,2585.0,9.2,498,0,5,411695,3390435,494,12,12,-94.5
259301,411440.0,3390440.0,30,200,6,6,2585.0,9.2,498,0,5,411850,3390280,493,0,5,-89.5
259301,411440.0,3390440.0,30,200,6,6,2585.0,9.2,498,0,5,412125,3390225,497,0,11,-94.4
259301,411440.0,3390440.0,30,200,6,6,2585.0,9.2,498,0,5,411885,3390305,493,0,5,-92.18
259301,411440.0,3390440.0,30,200,6,6,2585.0,9.2,498,0,5,411895,3390315,493,0,5,-91.63
259301,411440.0,3390440.0,30,200,6,6,2585.0,9.2,498,0,5,411910,3390300,494,0,5,-89.7
259301,411440.0,3390440.0,30,200,6,6,2585.0,9.2,498,0,5,411700,3390410,495,12,5,-87.73
259301,411440.0,3390440.0,30,200,6,6,2585.0,9.2,498,0,5,411890,3390320,493,0,10,-87.2
259301,411440.0,3390440.0,30,200,6,6,2585.0,9.2,498,0,5,411915,3390295,494,0,5,-96.4
259301,411440.0,3390440.0,30,200,6,6,2585.0,9.2,498,0,5,411665,3387750,489,0,13,-118.5
259301,411440.0,3390440.0,30,200,6,6,2585.0,9.2,498,0,5,411655,3387740,489,0,13,-112.0
259301,411440.0,3390440.0,30,200,6,6,2585.0,9.2,498,0,5,411660,3387745,489,0,5,-108.25
259301,411440.0,3390440.0,30,200,6,6,2585.0,9.2,498,0,5,411695,3387620,490,0,5,-117.33
259301,411440.0,3390440.0,30,200,6,6,2585.0,9.2,498,0,5,411840,3387695,491,0,13,-107.0
259301,411440.0,3390440.0,30,200,6,6,2585.0,9.2,498,0,5,412185,3388040,487,0,6,-104.0
259301,411440.0,3390440.0,30,200,6,6,2585.0,9.2,498,0,5,412180,3388035,487,0,6,-103.0
259301,411440.0,3390440.0,30,200,6,6,2585.0,9.2,498,0,5,411340,3390530,497,0,6,-97.0
259301,411440.0,3390440.0,30,200,6,6,2585.0,9.2,498,0,5,411350,3390540,497,0,12,-95.88
259301,411440.0,3390440.0,30,200,6,6,2585.0,9.2,498,0,5,411355,3390535,497,0,12,-95.75
259301,411440.0,3390440.0,30,200,6,6,2585.0,9.2,498,0,5,411345,3390525,497,0,12,-96.6
259301,411440.0,3390440.0,30,200,6,6,2585.0,9.2,498,0,5,411325,3390545,497,0,5,-98.0
259301,411440.0,3390440.0,30,200,6,6,2585.0,9.2,498,0,5,411790,3390285,493,0,12,-109.0
259301,411440.0,3390440.0,30,200,6,6,2585.0,9.2,498,0,5,411750,3390325,495,27,12,-84.0
259301,411440.0,3390440.0,30,200,6,6,2585.0,9.2,498,0,5,411710,3390365,495,0,6,-83.5
259301,411440.0,3390440.0,30,200,6,6,2585.0,9.2,498,0,5,411695,3390390,495,0,5,-82.2
259301,411440.0,3390440.0,30,200,6,6,2585.0,9.2,498,0,5,411690,3390385,495,0,5,-82.32
259301,411440.0,3390440.0,30,200,6,6,2585.0,9.2,498,0,5,411730,3390345,495,0,5,-94.0
259301,411440.0,3390440.0,30,200,6,6,2585.0,9.2,498,0,5,411685,3390400,495,0,5,-83.4
259301,411440.0,3390440.0,30,200,6,6,2585.0,9.2,498,0,5,411680,3390395,495,0,5,-77.86
259301,411440.0,3390440.0,30,200,6,6,2585.0,9.2,498,0,5,411735,3390350,495,0,5,-94.46
259301,411440.0,3390440.0,30,200,6,6,2585.0,9.2,498,0,5,411700,3390375,495,21,5,-81.19
259301,411440.0,3390440.0,30,200,6,6,2585.0,9.2,498,0,5,411740,3390335,495,27,12,-90.0
259301,411440.0,3390440.0,30,200,6,6,2585.0,9.2,498,0,5,411725,3390360,495,0,5,-90.6
259301,411440.0,3390440.0,30,200,6,6,2585.0,9.2,498,0,5,411715,3390370,495,0,5,-86.19
259301,411440.0,3390440.0,30,200,6,6,2585.0,9.2,498,0,5,411815,3390270,492,0,5,-103.0
259301,411440.0,3390440.0,30,200,6,6,2585.0,9.2,498,0,5,411760,3390315,494,27,12,-83.0
259301,411440.0,3390440.0,30,200,6,6,2585.0,9.2,498,0,5,411705,3390380,495,0,5,-84.95
259301,411440.0,3390440.0,30,200,6,6,2585.0,9.2,498,0,5,411720,3390355,495,21,5,-89.2
259301,411440.0,3390440.0,30,200,6,6,2585.0,9.2,498,0,5,411505,3390500,497,27,13,-85.0
259301,411440.0,3390440.0,30,200,6,6,2585.0,9.2,498,0,5,411515,3390490,497,27,5,-84.0
259301,411440.0,3390440.0,30,200,6,6,2585.0,9.2,498,0,5,411510,3390485,497,0,5,-82.75
259301,411440.0,3390440.0,30,200,6,6,2585.0,9.2,498,0,5,411460,3390535,497,0,13,-90.5
259301,411440.0,3390440.0,30,200,6,6,2585.0,9.2,498,0,5,411500,3390495,497,27,13,-83.67
259301,411440.0,3390440.0,30,200,6,6,2585.0,9.2,498,0,5,411490,3390505,497,0,5,-85.0
259301,411440.0,3390440.0,30,200,6,6,2585.0,9.2,498,0,5,412295,3387660,481,0,7,-94.5
259301,411440.0,3390440.0,30,200,6,6,2585.0,9.2,498,0,5,411500,3390430,498,15,6,-82.75
259301,411440.0,3390440.0,30,200,6,6,2585.0,9.2,498,0,5,411405,3390485,497,0,5,-96.0
259301,411440.0,3390440.0,30,200,6,6,2585.0,9.2,498,0,5,411455,3390455,498,15,5,-87.5
259301,411440.0,3390440.0,30,200,6,6,2585.0,9.2,498,0,5,411435,3390515,497,0,5,-93.4
259301,411440.0,3390440.0,30,200,6,6,2585.0,9.2,498,0,5,411475,3390475,498,15,5,-87.26
259301,411440.0,3390440.0,30,200,6,6,2585.0,9.2,498,0,5,411470,3390480,498,0,5,-85.59
259301,411440.0,3390440.0,30,200,6,6,2585.0,9.2,498,0,5,411360,3390530,497,0,12,-91.29
259301,411440.0,3390440.0,30,200,6,6,2585.0,9.2,498,0,5,411415,3390495,497,0,5,-92.53
259301,411440.0,3390440.0,30,200,6,6,2585.0,9.2,498,0,5,411425,3390505,497,0,6,-94.19
259301,411440.0,3390440.0,30,200,6,6,2585.0,9.2,498,0,5,411510,3390440,497,15,5,-84.15
259301,411440.0,3390440.0,30,200,6,6,2585.0,9.2,498,0,5,411365,3390525,497,0,12,-95.82
259301,411440.0,3390440.0,30,200,6,6,2585.0,9.2,498,0,5,411410,3390500,497,0,5,-94.86
259301,411440.0,3390440.0,30,200,6,6,2585.0,9.2,498,0,5,411375,3390535,497,0,5,-98.75
259301,411440.0,3390440.0,30,200,6,6,2585.0,9.2,498,0,5,411400,3390490,497,0,12,-98.0
259301,411440.0,3390440.0,30,200,6,6,2585.0,9.2,498,0,5,411420,3390510,497,0,5,-97.93
259301,411440.0,3390440.0,30,200,6,6,2585.0,9.2,498,0,5,411515,3390435,497,0,12,-83.1
259301,411440.0,3390440.0,30,200,6,6,2585.0,9.2,498,0,5,411430,3390520,497,0,6,-99.0
259301,411440.0,3390440.0,30,200,6,6,2585.0,9.2,498,0,5,411505,3390425,497,15,5,-84.33
259301,411440.0,3390440.0,30,200,6,6,2585.0,9.2,498,0,5,411370,3390540,497,0,5,-98.5
259301,411440.0,3390440.0,30,200,6,6,2585.0,9.2,498,0,5,411460,3390470,498,15,5,-90.83
259301,411440.0,3390440.0,30,200,6,6,2585.0,9.2,498,0,5,411465,3390465,498,15,13,-88.25
259301,411440.0,3390440.0,30,200,6,6,2585.0,9.2,498,0,5,411550,3390305,496,0,6,-88.4
259301,411440.0,3390440.0,30,200,6,6,2585.0,9.2,498,0,5,411665,3390360,496,0,5,-94.5
259301,411440.0,3390440.0,30,200,6,6,2585.0,9.2,498,0,5,411555,3390310,496,0,6,-83.0
259301,411440.0,3390440.0,30,200,6,6,2585.0,9.2,498,0,5,411545,3390320,496,21,5,-88.0
259301,411440.0,3390440.0,30,200,6,6,2585.0,9.2,498,0,5,411655,3390330,496,0,13,-87.0
259301,411440.0,3390440.0,30,200,6,6,2585.0,9.2,498,0,5,411675,3390350,496,0,5,-84.25
259301,411440.0,3390440.0,30,200,6,6,2585.0,9.2,498,0,5,411625,3390400,496,21,5,-76.5
259301,411440.0,3390440.0,30,200,6,6,2585.0,9.2,498,0,5,411670,3390345,496,0,5,-109.5
259301,411440.0,3390440.0,30,200,6,6,2585.0,9.2,498,0,5,412575,3388180,489,0,5,-103.6
259301,411440.0,3390440.0,30,200,6,6,2585.0,9.2,498,0,5,411050,3388795,493,0,12,-93.5
259301,411440.0,3390440.0,30,200,6,6,2585.0,9.2,498,0,5,411750,3390390,495,12,12,-88.33
259301,411440.0,3390440.0,30,200,6,6,2585.0,9.2,498,0,5,411825,3390315,493,0,5,-94.5
259301,411440.0,3390440.0,30,200,6,6,2585.0,9.2,498,0,5,411830,3390310,493,0,5,-84.67
259301,411440.0,3390440.0,30,200,6,6,2585.0,9.2,498,0,5,411820,3390320,493,0,5,-86.0
259301,411440.0,3390440.0,30,200,6,6,2585.0,9.2,498,0,5,411740,3390400,495,12,12,-77.33
259301,411440.0,3390440.0,30,200,6,6,2585.0,9.2,498,0,5,411745,3390395,495,12,12,-80.67
259301,411440.0,3390440.0,30,200,6,6,2585.0,9.2,498,0,5,411705,3390355,495,0,5,-93.25
259301,411440.0,3390440.0,30,200,6,6,2585.0,9.2,498,0,5,411700,3390360,495,0,5,-80.5
259301,411440.0,3390440.0,30,200,6,6,2585.0,9.2,498,0,5,411720,3390380,495,0,5,-84.1
259301,411440.0,3390440.0,30,200,6,6,2585.0,9.2,498,0,5,411730,3390370,495,0,5,-84.7
259301,411440.0,3390440.0,30,200,6,6,2585.0,9.2,498,0,5,411685,3390335,496,0,5,-88.0
259301,411440.0,3390440.0,30,200,6,6,2585.0,9.2,498,0,5,411725,3390375,495,0,6,-85.75
259301,411440.0,3390440.0,30,200,6,6,2585.0,9.2,498,0,5,411735,3390365,495,0,5,-87.35
259301,411440.0,3390440.0,30,200,6,6,2585.0,9.2,498,0,5,411755,3390385,495,12,12,-86.5
259301,411440.0,3390440.0,30,200,6,6,2585.0,9.2,498,0,5,411680,3390340,496,0,6,-93.0
259301,411440.0,3390440.0,30,200,6,6,2585.0,9.2,498,0,5,411715,3390345,495,21,5,-93.5
259301,411440.0,3390440.0,30,200,6,6,2585.0,9.2,498,0,5,412035,3388080,488,9,13,-115.0
259301,411440.0,3390440.0,30,200,6,6,2585.0,9.2,498,0,5,412030,3388075,488,9,5,-104.5
259301,411440.0,3390440.0,30,200,6,6,2585.0,9.2,498,0,5,411685,3387730,489,0,5,-109.5
259301,411440.0,3390440.0,30,200,6,6,2585.0,9.2,498,0,5,411700,3387745,489,0,13,-115.5
259301,411440.0,3390440.0,30,200,6,6,2585.0,9.2,498,0,5,411845,3390350,493,0,5,-82.4
259301,411440.0,3390440.0,30,200,6,6,2585.0,9.2,498,0,5,411980,3390285,497,0,13,-90.33
259301,411440.0,3390440.0,30,200,6,6,2585.0,9.2,498,0,5,411985,3390290,497,0,5,-97.5
259301,411440.0,3390440.0,30,200,6,6,2585.0,9.2,498,0,5,411865,3390330,493,0,5,-86.54
259301,411440.0,3390440.0,30,200,6,6,2585.0,9.2,498,0,5,411870,3390335,493,0,10,-88.29
259301,411440.0,3390440.0,30,200,6,6,2585.0,9.2,498,0,5,411875,3390340,493,0,10,-97.5
259301,411440.0,3390440.0,30,200,6,6,2585.0,9.2,498,0,5,412055,3390240,496,0,5,-91.5
259301,411440.0,3390440.0,30,200,6,6,2585.0,9.2,498,0,5,412050,3390235,496,18,5,-96.8
259301,411440.0,3390440.0,30,200,6,6,2585.0,9.2,498,0,5,411860,3390325,493,0,5,-84.36
259301,411440.0,3390440.0,30,200,6,6,2585.0,9.2,498,0,5,411840,3390345,493,0,5,-83.83
259301,411440.0,3390440.0,30,200,6,6,2585.0,9.2,498,0,5,411855,3390360,493,15,6,-107.0
259301,411440.0,3390440.0,30,200,6,6,2585.0,9.2,498,0,5,412190,3388050,487,0,7,-110.5
259301,411440.0,3390440.0,30,200,6,6,2585.0,9.2,498,0,5,412165,3388075,485,0,2,-103.0
259301,411440.0,3390440.0,30,200,6,6,2585.0,9.2,498,0,5,412200,3388040,487,0,7,-115.5
259301,411440.0,3390440.0,30,200,6,6,2585.0,9.2,498,0,5,412180,3388060,486,0,6,-103.0
259301,411440.0,3390440.0,30,200,6,6,2585.0,9.2,498,0,5,411875,3387885,491,0,5,-107.33
259301,411440.0,3390440.0,30,200,6,6,2585.0,9.2,498,0,5,411700,3387740,489,0,5,-114.5
259301,411440.0,3390440.0,30,200,6,6,2585.0,9.2,498,0,5,411690,3387750,489,0,13,-113.5
259301,411440.0,3390440.0,30,200,6,6,2585.0,9.2,498,0,5,411695,3387745,489,0,13,-114.33
259301,411440.0,3390440.0,30,200,6,6,2585.0,9.2,498,0,5,411500,3390435,498,15,6,-84.25
259301,411440.0,3390440.0,30,200,6,6,2585.0,9.2,498,0,5,411425,3390520,497,0,5,-94.71
259301,411440.0,3390440.0,30,200,6,6,2585.0,9.2,498,0,5,411470,3390465,498,15,5,-82.25
259301,411440.0,3390440.0,30,200,6,6,2585.0,9.2,498,0,5,411405,3390500,497,0,12,-96.88
259301,411440.0,3390440.0,30,200,6,6,2585.0,9.2,498,0,5,411415,3390490,497,0,5,-91.43
259301,411440.0,3390440.0,30,200,6,6,2585.0,9.2,498,0,5,411365,3390540,497,0,5,-98.75
259301,411440.0,3390440.0,30,200,6,6,2585.0,9.2,498,0,5,411375,3390530,497,0,5,-95.9
259301,411440.0,3390440.0,30,200,6,6,2585.0,9.2,498,0,5,411505,3390440,497,15,6,-83.55
259301,411440.0,3390440.0,30,200,6,6,2585.0,9.2,498,0,5,411420,3390515,497,0,5,-95.05
259301,411440.0,3390440.0,30,200,6,6,2585.0,9.2,498,0,5,411430,3390505,497,0,5,-94.46
259301,411440.0,3390440.0,30,200,6,6,2585.0,9.2,498,0,5,411475,3390470,498,15,5,-85.0
259301,411440.0,3390440.0,30,200,6,6,2585.0,9.2,498,0,5,411360,3390535,497,0,12,-94.55
259301,411440.0,3390440.0,30,200,6,6,2585.0,9.2,498,0,5,411515,3390430,497,0,12,-83.9
259301,411440.0,3390440.0,30,200,6,6,2585.0,9.2,498,0,5,411370,3390525,497,0,5,-97.0
259301,411440.0,3390440.0,30,200,6,6,2585.0,9.2,498,0,5,411400,3390495,497,0,12,-96.4
259301,411440.0,3390440.0,30,200,6,6,2585.0,9.2,498,0,5,411410,3390485,497,0,5,-98.5
259301,411440.0,3390440.0,30,200,6,6,2585.0,9.2,498,0,5,411435,3390510,497,0,5,-91.57
259301,411440.0,3390440.0,30,200,6,6,2585.0,9.2,498,0,5,411455,3390450,498,15,5,-96.5
259301,411440.0,3390440.0,30,200,6,6,2585.0,9.2,498,0,5,411510,3390425,497,0,5,-83.53
259301,411440.0,3390440.0,30,200,6,6,2585.0,9.2,498,0,5,411465,3390480,498,15,5,-87.78
259301,411440.0,3390440.0,30,200,6,6,2585.0,9.2,498,0,5,411495,3390410,498,15,6,-82.71
259301,411440.0,3390440.0,30,200,6,6,2585.0,9.2,498,0,5,411460,3390475,498,15,5,-86.85
259301,411440.0,3390440.0,30,200,6,6,2585.0,9.2,498,0,5,412480,3388190,486,0,5,-102.0
259301,411440.0,3390440.0,30,200,6,6,2585.0,9.2,498,0,5,412510,3388180,486,0,2,-100.55
259301,411440.0,3390440.0,30,200,6,6,2585.0,9.2,498,0,5,412515,3388175,487,0,5,-101.53
259301,411440.0,3390440.0,30,200,6,6,2585.0,9.2,498,0,5,412485,3388185,486,0,5,-100.0
259301,411440.0,3390440.0,30,200,6,6,2585.0,9.2,498,0,5,411455,3390505,497,0,13,-91.69
259301,411440.0,3390440.0,30,200,6,6,2585.0,9.2,498,0,5,411475,3390485,498,0,13,-85.64
259301,411440.0,3390440.0,30,200,6,6,2585.0,9.2,498,0,5,411460,3390500,497,0,5,-88.12
259301,411440.0,3390440.0,30,200,6,6,2585.0,9.2,498,0,5,411445,3390515,497,0,13,-92.4
259301,411440.0,3390440.0,30,200,6,6,2585.0,9.2,498,0,5,411470,3390490,497,0,13,-84.62
259301,411440.0,3390440.0,30,200,6,6,2585.0,9.2,498,0,5,411465,3390495,497,0,5,-86.43
259301,411440.0,3390440.0,30,200,6,6,2585.0,9.2,498,0,5,411450,3390510,497,0,13,-97.78
259301,411440.0,3390440.0,30,200,6,6,2585.0,9.2,498,0,5,411440,3390520,497,0,5,-95.5
259301,411440.0,3390440.0,30,200,6,6,2585.0,9.2,498,0,5,412180,3387915,488,0,2,-95.5
259301,411440.0,3390440.0,30,200,6,6,2585.0,9.2,498,0,5,412160,3387895,491,0,7,-92.67
259301,411440.0,3390440.0,30,200,6,6,2585.0,9.2,498,0,5,412500,3388150,486,0,5,-111.0
259301,411440.0,3390440.0,30,200,6,6,2585.0,9.2,498,0,5,411520,3390360,497,21,5,-89.5
259301,411440.0,3390440.0,30,200,6,6,2585.0,9.2,498,0,5,411550,3390330,496,21,12,-86.33
259301,411440.0,3390440.0,30,200,6,6,2585.0,9.2,498,0,5,411545,3390335,496,21,12,-80.67
259301,411440.0,3390440.0,30,200,6,6,2585.0,9.2,498,0,5,411555,3390325,496,0,12,-85.57
259301,411440.0,3390440.0,30,200,6,6,2585.0,9.2,498,0,5,411660,3390300,496,0,5,-102.5
259301,411440.0,3390440.0,30,200,6,6,2585.0,9.2,498,0,5,411535,3390345,496,21,5,-86.33
259301,411440.0,3390440.0,30,200,6,6,2585.0,9.2,498,0,5,411895,3387675,489,18,5,-119.5
259301,411440.0,3390440.0,30,200,6,6,2585.0,9.2,498,0,5,412375,3387955,484,0,2,-96.0
259301,411440.0,3390440.0,30,200,6,6,2585.0,9.2,498,0,5,411940,3390270,496,0,13,-94.5
259301,411440.0,3390440.0,30,200,6,6,2585.0,9.2,498,0,5,411980,3390310,496,0,13,-101.5
259301,411440.0,3390440.0,30,200,6,6,2585.0,9.2,498,0,5,411955,3390275,496,0,5,-88.5
259301,411440.0,3390440.0,30,200,6,6,2585.0,9.2,498,0,5,411960,3390290,496,0,13,-91.57
259301,411440.0,3390440.0,30,200,6,6,2585.0,9.2,498,0,5,411965,3390285,497,0,13,-90.0
259301,411440.0,3390440.0,30,200,6,6,2585.0,9.2,498,0,5,412060,3390230,496,18,5,-95.8
259301,411440.0,3390440.0,30,200,6,6,2585.0,9.2,498,0,5,411875,3390355,493,0,10,-118.5
259301,411440.0,3390440.0,30,200,6,6,2585.0,9.2,498,0,5,411865,3390345,493,0,5,-81.75
259301,411440.0,3390440.0,30,200,6,6,2585.0,9.2,498,0,5,412075,3390235,496,0,5,-92.2
259301,411440.0,3390440.0,30,200,6,6,2585.0,9.2,498,0,5,412070,3390240,495,0,5,-96.79
259301,411440.0,3390440.0,30,200,6,6,2585.0,9.2,498,0,5,411840,3390330,493,0,6,-83.55
259301,411440.0,3390440.0,30,200,6,6,2585.0,9.2,498,0,5,411845,3390325,493,0,6,-88.2
259301,411440.0,3390440.0,30,200,6,6,2585.0,9.2,498,0,5,411855,3390335,493,0,5,-80.92
259301,411440.0,3390440.0,30,200,6,6,2585.0,9.2,498,0,5,411770,3390420,494,0,6,-97.5
259301,411440.0,3390440.0,30,200,6,6,2585.0,9.2,498,0,5,411810,3390460,494,0,5,-103.5
259301,411440.0,3390440.0,30,200,6,6,2585.0,9.2,498,0,5,411950,3390280,496,0,5,-90.0
259301,411440.0,3390440.0,30,200,6,6,2585.0,9.2,498,0,5,411860,3390350,493,0,5,-92.33
259301,411440.0,3390440.0,30,200,6,6,2585.0,9.2,498,0,5,411850,3390340,493,0,6,-78.82
259301,411440.0,3390440.0,30,200,6,6,2585.0,9.2,498,0,5,411610,3390465,496,6,12,-82.5
259301,411440.0,3390440.0,30,200,6,6,2585.0,9.2,498,0,5,411615,3390470,495,6,12,-85.6
259301,411440.0,3390440.0,30,200,6,6,2585.0,9.2,498,0,5,411655,3390430,495,0,5,-75.0
259301,411440.0,3390440.0,30,200,6,6,2585.0,9.2,498,0,5,411580,3390495,496,0,6,-87.5
259301,411440.0,3390440.0,30,200,6,6,2585.0,9.2,498,0,5,411640,3390435,495,0,12,-78.33
259301,411440.0,3390440.0,30,200,6,6,2585.0,9.2,498,0,5,411630,3390445,495,0,5,-84.25
259301,411440.0,3390440.0,30,200,6,6,2585.0,9.2,498,0,5,411600,3390475,496,6,12,-99.0
259301,411440.0,3390440.0,30,200,6,6,2585.0,9.2,498,0,5,411560,3390515,496,0,5,-83.5
259301,411440.0,3390440.0,30,200,6,6,2585.0,9.2,498,0,5,411670,3390405,495,0,5,-75.63
259301,411440.0,3390440.0,30,200,6,6,2585.0,9.2,498,0,5,411660,3390415,495,0,5,-79.2
259301,411440.0,3390440.0,30,200,6,6,2585.0,9.2,498,0,5,411675,3390410,495,0,5,-76.83
259301,411440.0,3390440.0,30,200,6,6,2585.0,9.2,498,0,5,411665,3390420,495,0,5,-75.78
259301,411440.0,3390440.0,30,200,6,6,2585.0,9.2,498,0,5,411645,3390440,495,0,5,-87.0
259301,411440.0,3390440.0,30,200,6,6,2585.0,9.2,498,0,5,411650,3390425,495,0,5,-76.33
259301,411440.0,3390440.0,30,200,6,6,2585.0,9.2,498,0,5,411685,3387745,489,0,5,-112.33
259301,411440.0,3390440.0,30,200,6,6,2585.0,9.2,498,0,5,411680,3387750,489,0,5,-116.0
259301,411440.0,3390440.0,30,200,6,6,2585.0,9.2,498,0,5,412015,3388075,488,0,5,-109.8
259301,411440.0,3390440.0,30,200,6,6,2585.0,9.2,498,0,5,412095,3388155,485,0,2,-100.5
259301,411440.0,3390440.0,30,200,6,6,2585.0,9.2,498,0,5,411830,3387660,490,0,13,-101.0
259301,411440.0,3390440.0,30,200,6,6,2585.0,9.2,498,0,5,411725,3387585,489,0,12,-112.0
259301,411440.0,3390440.0,30,200,6,6,2585.0,9.2,498,0,5,411355,3390545,497,0,12,-93.4
259301,411440.0,3390440.0,30,200,6,6,2585.0,9.2,498,0,5,411330,3390530,497,27,5,-95.75
259301,411440.0,3390440.0,30,200,6,6,2585.0,9.2,498,0,5,411335,3390525,497,27,6,-103.0
259301,411440.0,3390440.0,30,200,6,6,2585.0,9.2,498,0,5,411325,3390535,497,0,5,-100.0
259301,411440.0,3390440.0,30,200,6,6,2585.0,9.2,498,0,5,411345,3390555,497,0,6,-96.5
259301,411440.0,3390440.0,30,200,6,6,2585.0,9.2,498,0,5,411635,3390490,495,0,5,-87.0
259301,411440.0,3390440.0,30,200,6,6,2585.0,9.2,498,0,5,411565,3390480,496,21,12,-79.5
259301,411440.0,3390440.0,30,200,6,6,2585.0,9.2,498,0,5,411545,3390420,496,0,12,-83.0
259301,411440.0,3390440.0,30,200,6,6,2585.0,9.2,498,0,5,411560,3390475,497,21,5,-87.5
259301,411440.0,3390440.0,30,200,6,6,2585.0,9.2,498,0,5,412000,3390275,497,0,5,-86.25
259301,411440.0,3390440.0,30,200,6,6,2585.0,9.2,498,0,5,411580,3390455,496,0,5,-81.38
259301,411440.0,3390440.0,30,200,6,6,2585.0,9.2,498,0,5,411575,3390470,496,21,5,-82.67
259301,411440.0,3390440.0,30,200,6,6,2585.0,9.2,498,0,5,411570,3390465,496,21,5,-81.43
259301,411440.0,3390440.0,30,200,6,6,2585.0,9.2,498,0,5,411535,3390430,497,21,12,-81.44
259301,411440.0,3390440.0,30,200,6,6,2585.0,9.2,498,0,5,412035,3390250,496,0,5,-91.5
259301,411440.0,3390440.0,30,200,6,6,2585.0,9.2,498,0,5,412010,3390265,497,0,5,-93.27
259301,411440.0,3390440.0,30,200,6,6,2585.0,9.2,498,0,5,412020,3390255,497,0,5,-94.5
259301,411440.0,3390440.0,30,200,6,6,2585.0,9.2,498,0,5,412025,3390260,496,0,5,-92.29
259301,411440.0,3390440.0,30,200,6,6,2585.0,9.2,498,0,5,412030,3390245,496,0,13,-94.0
259301,411440.0,3390440.0,30,200,6,6,2585.0,9.2,498,0,5,411595,3390450,496,21,5,-82.33
259301,411440.0,3390440.0,30,200,6,6,2585.0,9.2,498,0,5,411525,3390440,497,0,12,-82.39
259301,411440.0,3390440.0,30,200,6,6,2585.0,9.2,498,0,5,412015,3390270,496,0,5,-90.0
259301,411440.0,3390440.0,30,200,6,6,2585.0,9.2,498,0,5,411520,3390435,497,0,12,-83.16
259301,411440.0,3390440.0,30,200,6,6,2585.0,9.2,498,0,5,411590,3390445,496,0,5,-81.5
259301,411440.0,3390440.0,30,200,6,6,2585.0,9.2,498,0,5,411530,3390425,497,21,5,-82.69
259301,411440.0,3390440.0,30,200,6,6,2585.0,9.2,498,0,5,411585,3390460,496,21,5,-81.83
259301,411440.0,3390440.0,30,200,6,6,2585.0,9.2,498,0,5,412015,3388180,487,0,13,-90.5
259301,411440.0,3390440.0,30,200,6,6,2585.0,9.2,498,0,5,412000,3388165,488,0,13,-97.0
259301,411440.0,3390440.0,30,200,6,6,2585.0,9.2,498,0,5,412010,3388175,488,0,13,-96.25
259301,411440.0,3390440.0,30,200,6,6,2585.0,9.2,498,0,5,412005,3388170,488,0,5,-93.92
259301,411440.0,3390440.0,30,200,6,6,2585.0,9.2,498,0,5,411710,3390355,495,21,5,-85.8
259301,411440.0,3390440.0,30,200,6,6,2585.0,9.2,498,0,5,411745,3390390,495,12,12,-88.14
259301,411440.0,3390440.0,30,200,6,6,2585.0,9.2,498,0,5,411695,3390340,496,0,5,-86.33
259301,411440.0,3390440.0,30,200,6,6,2585.0,9.2,498,0,5,411715,3390360,495,21,5,-88.08
259301,411440.0,3390440.0,30,200,6,6,2585.0,9.2,498,0,5,411730,3390375,495,0,5,-85.03
259301,411440.0,3390440.0,30,200,6,6,2585.0,9.2,498,0,5,411725,3390370,495,0,6,-87.69
259301,411440.0,3390440.0,30,200,6,6,2585.0,9.2,498,0,5,411720,3390365,495,0,6,-86.23
259301,411440.0,3390440.0,30,200,6,6,2585.0,9.2,498,0,5,411835,3390320,493,0,6,-90.0
259301,411440.0,3390440.0,30,200,6,6,2585.0,9.2,498,0,5,411825,3390310,493,0,5,-89.6
259301,411440.0,3390440.0,30,200,6,6,2585.0,9.2,498,0,5,411690,3390335,496,0,5,-79.5
259301,411440.0,3390440.0,30,200,6,6,2585.0,9.2,498,0,5,411735,3390380,495,0,5,-86.08
259301,411440.0,3390440.0,30,200,6,6,2585.0,9.2,498,0,5,411740,3390385,495,0,12,-89.17
259301,411440.0,3390440.0,30,200,6,6,2585.0,9.2,498,0,5,411680,3390325,496,0,5,-106.33
259301,411440.0,3390440.0,30,200,6,6,2585.0,9.2,498,0,5,411830,3390315,493,0,5,-85.0
259301,411440.0,3390440.0,30,200,6,6,2585.0,9.2,498,0,5,411695,3390365,495,0,5,-76.5
259301,411440.0,3390440.0,30,200,6,6,2585.0,9.2,498,0,5,411700,3390400,495,0,5,-83.82
259301,411440.0,3390440.0,30,200,6,6,2585.0,9.2,498,0,5,411715,3390385,495,0,5,-83.84
259301,411440.0,3390440.0,30,200,6,6,2585.0,9.2,498,0,5,411690,3390370,495,0,5,-92.0
259301,411440.0,3390440.0,30,200,6,6,2585.0,9.2,498,0,5,411745,3390355,495,0,5,-88.61
259301,411440.0,3390440.0,30,200,6,6,2585.0,9.2,498,0,5,411750,3390350,495,27,5,-91.33
259301,411440.0,3390440.0,30,200,6,6,2585.0,9.2,498,0,5,411705,3390395,495,0,12,-83.25
259301,411440.0,3390440.0,30,200,6,6,2585.0,9.2,498,0,5,411725,3390335,495,0,5,-93.36
259301,411440.0,3390440.0,30,200,6,6,2585.0,9.2,498,0,5,411720,3390340,495,0,5,-100.33
259301,411440.0,3390440.0,30,200,6,6,2585.0,9.2,498,0,5,411680,3390380,495,21,5,-83.75
259301,411440.0,3390440.0,30,200,6,6,2585.0,9.2,498,0,5,411685,3390375,495,21,5,-82.25
259301,411440.0,3390440.0,30,200,6,6,2585.0,9.2,498,0,5,411710,3390390,495,0,12,-83.15
259301,411440.0,3390440.0,30,200,6,6,2585.0,9.2,498,0,5,411735,3390325,495,0,12,-86.33
259301,411440.0,3390440.0,30,200,6,6,2585.0,9.2,498,0,5,411755,3390345,495,27,5,-84.8
259301,411440.0,3390440.0,30,200,6,6,2585.0,9.2,498,0,5,411740,3390360,495,0,5,-88.18
259301,411440.0,3390440.0,30,200,6,6,2585.0,9.2,498,0,5,411730,3390330,495,0,5,-95.17
259301,411440.0,3390440.0,30,200,6,6,2585.0,9.2,498,0,5,412360,3388165,485,0,7,-104.0
259301,411440.0,3390440.0,30,200,6,6,2585.0,9.2,498,0,5,412365,3387670,482,0,7,-101.5
259301,411440.0,3390440.0,30,200,6,6,2585.0,9.2,498,0,5,412375,3387680,483,0,7,-106.5
259301,411440.0,3390440.0,30,200,6,6,2585.0,9.2,498,0,5,412180,3388045,487,0,6,-107.2
259301,411440.0,3390440.0,30,200,6,6,2585.0,9.2,498,0,5,412190,3388055,486,0,7,-108.33
259301,411440.0,3390440.0,30,200,6,6,2585.0,9.2,498,0,5,412170,3388075,485,0,2,-104.67
259301,411440.0,3390440.0,30,200,6,6,2585.0,9.2,498,0,5,412135,3388175,483,0,7,-94.88
259301,411440.0,3390440.0,30,200,6,6,2585.0,9.2,498,0,5,412120,3388170,483,0,2,-96.0
259301,411440.0,3390440.0,30,200,6,6,2585.0,9.2,498,0,5,411455,3390530,497,0,13,-90.5
259301,411440.0,3390440.0,30,200,6,6,2585.0,9.2,498,0,5,411490,3390485,497,0,13,-83.23
259301,411440.0,3390440.0,30,200,6,6,2585.0,9.2,498,0,5,411480,3390495,497,0,13,-86.17
259301,411440.0,3390440.0,30,200,6,6,2585.0,9.2,498,0,5,411485,3390500,497,0,5,-85.67
259301,411440.0,3390440.0,30,200,6,6,2585.0,9.2,498,0,5,411495,3390490,497,0,13,-82.91
259301,411440.0,3390440.0,30,200,6,6,2585.0,9.2,498,0,5,411385,3390480,497,0,12,-125.33
259301,411440.0,3390440.0,30,200,6,6,2585.0,9.2,498,0,5,412185,3387985,487,0,7,-96.5
259301,411440.0,3390440.0,30,200,6,6,2585.0,9.2,498,0,5,411570,3390475,496,21,5,-72.0
259301,411440.0,3390440.0,30,200,6,6,2585.0,9.2,498,0,5,411560,3390465,497,21,12,-79.08
259301,411440.0,3390440.0,30,200,6,6,2585.0,9.2,498,0,5,411535,3390440,497,0,12,-79.79
259301,411440.0,3390440.0,30,200,6,6,2585.0,9.2,498,0,5,411565,3390470,497,21,5,-78.83
259301,411440.0,3390440.0,30,200,6,6,2585.0,9.2,498,0,5,411595,3390460,496,21,5,-86.0
259301,411440.0,3390440.0,30,200,6,6,2585.0,9.2,498,0,5,412025,3390250,496,0,5,-86.5
259301,411440.0,3390440.0,30,200,6,6,2585.0,9.2,498,0,5,411520,3390425,497,0,5,-82.64
259301,411440.0,3390440.0,30,200,6,6,2585.0,9.2,498,0,5,412030,3390255,496,0,5,-89.86
259301,411440.0,3390440.0,30,200,6,6,2585.0,9.2,498,0,5,411525,3390430,497,0,5,-82.38
259301,411440.0,3390440.0,30,200,6,6,2585.0,9.2,498,0,5,411530,3390435,497,0,12,-81.05
259301,411440.0,3390440.0,30,200,6,6,2585.0,9.2,498,0,5,411585,3390450,496,21,5,-79.62
259301,411440.0,3390440.0,30,200,6,6,2585.0,9.2,498,0,5,412000,3390265,497,0,13,-89.75
259301,411440.0,3390440.0,30,200,6,6,2585.0,9.2,498,0,5,411590,3390455,496,21,5,-83.29
259301,411440.0,3390440.0,30,200,6,6,2585.0,9.2,498,0,5,412005,3390270,497,0,5,-93.33
259301,411440.0,3390440.0,30,200,6,6,2585.0,9.2,498,0,5,411580,3390445,496,0,5,-78.15
259301,411440.0,3390440.0,30,200,6,6,2585.0,9.2,498,0,5,411555,3390420,496,0,12,-82.0
259301,411440.0,3390440.0,30,200,6,6,2585.0,9.2,498,0,5,411575,3390480,496,0,5,-84.8
259301,411440.0,3390440.0,30,200,6,6,2585.0,9.2,498,0,5,411580,3390340,496,0,12,-84.91
259301,411440.0,3390440.0,30,200,6,6,2585.0,9.2,498,0,5,411590,3390330,496,0,5,-96.75
259301,411440.0,3390440.0,30,200,6,6,2585.0,9.2,498,0,5,411585,3390335,496,0,5,-81.57
259301,411440.0,3390440.0,30,200,6,6,2585.0,9.2,498,0,5,411595,3390325,496,0,5,-99.67
259301,411440.0,3390440.0,30,200,6,6,2585.0,9.2,498,0,5,411520,3390400,497,21,5,-81.25
259301,411440.0,3390440.0,30,200,6,6,2585.0,9.2,498,0,5,411850,3387600,487,0,5,-99.0
259301,411440.0,3390440.0,30,200,6,6,2585.0,9.2,498,0,5,411595,3390415,496,21,5,-75.33
259301,411440.0,3390440.0,30,200,6,6,2585.0,9.2,498,0,5,411590,3390420,496,21,5,-78.7
259301,411440.0,3390440.0,30,200,6,6,2585.0,9.2,498,0,5,411555,3390455,497,0,12,-79.53
259301,411440.0,3390440.0,30,200,6,6,2585.0,9.2,498,0,5,411575,3390435,496,0,12,-79.71
259301,411440.0,3390440.0,30,200,6,6,2585.0,9.2,498,0,5,411565,3390425,496,21,5,-88.0
259301,411440.0,3390440.0,30,200,6,6,2585.0,9.2,498,0,5,411530,3390480,497,0,12,-80.98
259301,411440.0,3390440.0,30,200,6,6,2585.0,9.2,498,0,5,412060,3390250,495,0,5,-90.25
259301,411440.0,3390440.0,30,200,6,6,2585.0,9.2,498,0,5,411540,3390450,497,0,5,-79.26
259301,411440.0,3390440.0,30,200,6,6,2585.0,9.2,498,0,5,411535,3390475,497,0,12,-79.74
259301,411440.0,3390440.0,30,200,6,6,2585.0,9.2,498,0,5,411545,3390445,497,0,5,-81.17
259301,411440.0,3390440.0,30,200,6,6,2585.0,9.2,498,0,5,411520,3390470,497,0,6,-80.8
259301,411440.0,3390440.0,30,200,6,6,2585.0,9.2,498,0,5,411550,3390460,497,0,12,-76.72
259301,411440.0,3390440.0,30,200,6,6,2585.0,9.2,498,0,5,411525,3390465,497,0,12,-80.03
259301,411440.0,3390440.0,30,200,6,6,2585.0,9.2,498,0,5,411570,3390440,496,0,12,-79.38
259301,411440.0,3390440.0,30,200,6,6,2585.0,9.2,498,0,5,412065,3390245,495,0,5,-93.63
259301,411440.0,3390440.0,30,200,6,6,2585.0,9.2,498,0,5,411560,3390430,496,21,5,-86.27
259301,411440.0,3390440.0,30,200,6,6,2585.0,9.2,498,0,5,411410,3390650,497,0,12,-97.0
259301,411440.0,3390440.0,30,200,6,6,2585.0,9.2,498,0,5,411415,3390645,498,0,12,-95.67
259301,411440.0,3390440.0,30,200,6,6,2585.0,9.2,498,0,5,412050,3388170,486,0,5,-96.58
259301,411440.0,3390440.0,30,200,6,6,2585.0,9.2,498,0,5,412055,3388165,486,0,5,-98.83
259301,411440.0,3390440.0,30,200,6,6,2585.0,9.2,498,0,5,412045,3388175,487,0,5,-95.29
259301,411440.0,3390440.0,30,200,6,6,2585.0,9.2,498,0,5,411740,3390330,495,27,12,-99.0
259301,411440.0,3390440.0,30,200,6,6,2585.0,9.2,498,0,5,411705,3390365,495,21,5,-83.22
259301,411440.0,3390440.0,30,200,6,6,2585.0,9.2,498,0,5,411735,3390355,495,0,5,-89.24
259301,411440.0,3390440.0,30,200,6,6,2585.0,9.2,498,0,5,411680,3390390,495,0,5,-79.63
259301,411440.0,3390440.0,30,200,6,6,2585.0,9.2,498,0,5,411690,3390400,495,0,5,-81.12
259301,411440.0,3390440.0,30,200,6,6,2585.0,9.2,498,0,5,411685,3390385,495,21,5,-80.38
259301,411440.0,3390440.0,30,200,6,6,2585.0,9.2,498,0,5,411695,3390395,495,0,5,-81.34
259301,411440.0,3390440.0,30,200,6,6,2585.0,9.2,498,0,5,411720,3390350,495,21,5,-89.5
259301,411440.0,3390440.0,30,200,6,6,2585.0,9.2,498,0,5,411710,3390380,495,0,5,-83.35
259301,411440.0,3390440.0,30,200,6,6,2585.0,9.2,498,0,5,411750,3390340,495,27,5,-88.0
259301,411440.0,3390440.0,30,200,6,6,2585.0,9.2,498,0,5,411725,3390345,495,0,5,-94.4
259301,411440.0,3390440.0,30,200,6,6,2585.0,9.2,498,0,5,411835,3390255,493,0,12,-95.5
259301,411440.0,3390440.0,30,200,6,6,2585.0,9.2,498,0,5,411755,3390335,495,27,5,-89.67
259301,411440.0,3390440.0,30,200,6,6,2585.0,9.2,498,0,5,411715,3390375,495,0,5,-81.56
259301,411440.0,3390440.0,30,200,6,6,2585.0,9.2,498,0,5,411730,3390360,495,0,5,-86.88
259301,411440.0,3390440.0,30,200,6,6,2585.0,9.2,498,0,5,411700,3390370,495,21,6,-85.0
259301,411440.0,3390440.0,30,200,6,6,2585.0,9.2,498,0,5,411805,3390335,493,0,5,-85.0
259301,411440.0,3390440.0,30,200,6,6,2585.0,9.2,498,0,5,411825,3390355,494,0,5,-83.0
259301,411440.0,3390440.0,30,200,6,6,2585.0,9.2,498,0,5,411835,3390345,493,0,5,-78.09
259301,411440.0,3390440.0,30,200,6,6,2585.0,9.2,498,0,5,411700,3390320,496,0,12,-103.0
259301,411440.0,3390440.0,30,200,6,6,2585.0,9.2,498,0,5,411715,3390305,496,0,5,-104.0
259301,411440.0,3390440.0,30,200,6,6,2585.0,9.2,498,0,5,411705,3390315,496,0,5,-100.46
259301,411440.0,3390440.0,30,200,6,6,2585.0,9.2,498,0,5,411800,3390340,494,0,5,-86.75
259301,411440.0,3390440.0,30,200,6,6,2585.0,9.2,498,0,5,411765,3390375,495,0,12,-84.1
259301,411440.0,3390440.0,30,200,6,6,2585.0,9.2,498,0,5,411810,3390330,493,0,5,-92.64
259301,411440.0,3390440.0,30,200,6,6,2585.0,9.2,498,0,5,411710,3390310,496,0,5,-103.4
259301,411440.0,3390440.0,30,200,6,6,2585.0,9.2,498,0,5,411815,3390325,493,0,5,-81.75
259301,411440.0,3390440.0,30,200,6,6,2585.0,9.2,498,0,5,411770,3390370,495,0,12,-87.42
259301,411440.0,3390440.0,30,200,6,6,2585.0,9.2,498,0,5,411775,3390365,495,0,12,-85.54
259301,411440.0,3390440.0,30,200,6,6,2585.0,9.2,498,0,5,411685,3390295,496,0,12,-103.5
259301,411440.0,3390440.0,30,200,6,6,2585.0,9.2,498,0,5,411830,3390350,494,0,5,-84.5
259301,411440.0,3390440.0,30,200,6,6,2585.0,9.2,498,0,5,411760,3390380,495,0,5,-87.0
259301,411440.0,3390440.0,30,200,6,6,2585.0,9.2,498,0,5,411350,3387735,489,0,5,-100.0
259301,411440.0,3390440.0,30,200,6,6,2585.0,9.2,498,0,5,411355,3390505,497,0,5,-101.0
259301,411440.0,3390440.0,30,200,6,6,2585.0,9.2,498,0,5,411350,3390510,497,0,12,-106.6
259301,411440.0,3390440.0,30,200,6,6,2585.0,9.2,498,0,5,411340,3390520,497,0,5,-103.33
259301,411440.0,3390440.0,30,200,6,6,2585.0,9.2,498,0,5,412190,3388170,483,0,7,-104.5
259301,411440.0,3390440.0,30,200,6,6,2585.0,9.2,498,0,5,412180,3388030,487,0,6,-109.25
259301,411440.0,3390440.0,30,200,6,6,2585.0,9.2,498,0,5,412185,3388025,487,0,6,-102.0
259301,411440.0,3390440.0,30,200,6,6,2585.0,9.2,498,0,5,412460,3388180,486,0,7,-98.5
259301,411440.0,3390440.0,30,200,6,6,2585.0,9.2,498,0,5,412465,3388175,486,0,7,-98.67
259301,411440.0,3390440.0,30,200,6,6,2585.0,9.2,498,0,5,412470,3388170,486,0,7,-100.0
259301,411440.0,3390440.0,30,200,6,6,2585.0,9.2,498,0,5,412175,3388055,486,0,7,-106.25
259301,411440.0,3390440.0,30,200,6,6,2585.0,9.2,498,0,5,412170,3388060,486,0,2,-106.67
259301,411440.0,3390440.0,30,200,6,6,2585.0,9.2,498,0,5,412185,3388010,487,0,6,-101.25
259301,411440.0,3390440.0,30,200,6,6,2585.0,9.2,498,0,5,412180,3388005,487,0,6,-100.67
259301,411440.0,3390440.0,30,200,6,6,2585.0,9.2,498,0,5,411900,3387705,488,0,13,-110.0
259301,411440.0,3390440.0,30,200,6,6,2585.0,9.2,498,0,5,411840,3387725,490,0,6,-104.6
259301,411440.0,3390440.0,30,200,6,6,2585.0,9.2,498,0,5,411845,3387730,490,0,5,-104.5
259301,411440.0,3390440.0,30,200,6,6,2585.0,9.2,498,0,5,411850,3387735,490,0,5,-107.33
259301,411440.0,3390440.0,30,200,6,6,2585.0,9.2,498,0,5,411855,3387740,490,0,5,-107.0
259301,411440.0,3390440.0,30,200,6,6,2585.0,9.2,498,0,5,411640,3390400,496,21,13,-66.4
259301,411440.0,3390440.0,30,200,6,6,2585.0,9.2,498,0,5,411560,3390320,496,0,5,-84.09
259301,411440.0,3390440.0,30,200,6,6,2585.0,9.2,498,0,5,411575,3390305,496,21,5,-87.0
259301,411440.0,3390440.0,30,200,6,6,2585.0,9.2,498,0,5,411655,3390385,496,21,5,-82.67
259301,411440.0,3390440.0,30,200,6,6,2585.0,9.2,498,0,5,411675,3390365,496,0,5,-83.33
259301,411440.0,3390440.0,30,200,6,6,2585.0,9.2,498,0,5,411580,3390300,496,21,6,-89.5
259301,411440.0,3390440.0,30,200,6,6,2585.0,9.2,498,0,5,411565,3390315,496,0,5,-85.0
259301,411440.0,3390440.0,30,200,6,6,2585.0,9.2,498,0,5,411670,3390370,496,0,5,-89.4
259301,411440.0,3390440.0,30,200,6,6,2585.0,9.2,498,0,5,411650,3390390,496,21,5,-76.67
259301,411440.0,3390440.0,30,200,6,6,2585.0,9.2,498,0,5,412180,3387995,487,0,6,-97.0
259301,411440.0,3390440.0,30,200,6,6,2585.0,9.2,498,0,5,412185,3388000,487,0,7,-101.0
259301,411440.0,3390440.0,30,200,6,6,2585.0,9.2,498,0,5,411500,3390380,497,0,5,-85.75
259301,411440.0,3390440.0,30,200,6,6,2585.0,9.2,498,0,5,411495,3390385,498,0,12,-85.5
259301,411440.0,3390440.0,30,200,6,6,2585.0,9.2,498,0,5,412210,3388170,484,0,7,-97.0
259301,411440.0,3390440.0,30,200,6,6,2585.0,9.2,498,0,5,411785,3390360,494,0,12,-83.17
259301,411440.0,3390440.0,30,200,6,6,2585.0,9.2,498,0,5,411810,3390365,494,0,12,-80.33
259301,411440.0,3390440.0,30,200,6,6,2585.0,9.2,498,0,5,411770,3390325,494,27,5,-84.33
259301,411440.0,3390440.0,30,200,6,6,2585.0,9.2,498,0,5,411825,3390400,494,0,6,-112.57
259301,411440.0,3390440.0,30,200,6,6,2585.0,9.2,498,0,5,411790,3390345,494,0,5,-91.32
259301,411440.0,3390440.0,30,200,6,6,2585.0,9.2,498,0,5,411795,3390350,494,0,5,-90.52
259301,411440.0,3390440.0,30,200,6,6,2585.0,9.2,498,0,5,411780,3390355,494,0,5,-87.91
259301,411440.0,3390440.0,30,200,6,6,2585.0,9.2,498,0,5,411765,3390340,494,0,5,-93.25
259301,411440.0,3390440.0,30,200,6,6,2585.0,9.2,498,0,5,411800,3390375,495,12,12,-85.5
259301,411440.0,3390440.0,30,200,6,6,2585.0,9.2,498,0,5,411775,3390330,494,27,5,-95.17
259301,411440.0,3390440.0,30,200,6,6,2585.0,9.2,498,0,5,412170,3387900,489,0,2,-94.5
259301,411440.0,3390440.0,30,200,6,6,2585.0,9.2,498,0,5,412390,3388040,484,0,7,-100.0
259301,411440.0,3390440.0,30,200,6,6,2585.0,9.2,498,0,5,412185,3387995,487,0,7,-100.5
259301,411440.0,3390440.0,30,200,6,6,2585.0,9.2,498,0,5,411640,3390375,496,21,12,-74.0
259301,411440.0,3390440.0,30,200,6,6,2585.0,9.2,498,0,5,411655,3390370,496,0,12,-69.0
259301,411440.0,3390440.0,30,200,6,6,2585.0,9.2,498,0,5,411660,3390395,496,21,13,-74.29
259301,411440.0,3390440.0,30,200,6,6,2585.0,9.2,498,0,5,411675,3390390,495,21,5,-81.2
259301,411440.0,3390440.0,30,200,6,6,2585.0,9.2,498,0,5,411665,3390400,495,0,13,-74.64
259301,411440.0,3390440.0,30,200,6,6,2585.0,9.2,498,0,5,411670,3390385,496,21,13,-79.14
259301,411440.0,3390440.0,30,200,6,6,2585.0,9.2,498,0,5,411285,3388465,499,0,6,-101.5
259301,411440.0,3390440.0,30,200,6,6,2585.0,9.2,498,0,5,411600,3390345,496,21,5,-96.0
259301,411440.0,3390440.0,30,200,6,6,2585.0,9.2,498,0,5,411635,3390340,496,0,13,-116.5
259301,411440.0,3390440.0,30,200,6,6,2585.0,9.2,498,0,5,411610,3390355,496,0,5,-86.5
259301,411440.0,3390440.0,30,200,6,6,2585.0,9.2,498,0,5,411570,3390315,496,0,5,-87.0
259301,411440.0,3390440.0,30,200,6,6,2585.0,9.2,498,0,5,411560,3390305,496,0,6,-87.0
259301,411440.0,3390440.0,30,200,6,6,2585.0,9.2,498,0,5,411670,3390375,496,0,5,-81.2
259301,411440.0,3390440.0,30,200,6,6,2585.0,9.2,498,0,5,411565,3390310,496,0,5,-88.5
259301,411440.0,3390440.0,30,200,6,6,2585.0,9.2,498,0,5,411585,3390290,496,21,6,-93.0
259301,411440.0,3390440.0,30,200,6,6,2585.0,9.2,498,0,5,411645,3390390,496,21,5,-78.75
259301,411440.0,3390440.0,30,200,6,6,2585.0,9.2,498,0,5,411655,3390400,496,0,13,-71.88
259301,411440.0,3390440.0,30,200,6,6,2585.0,9.2,498,0,5,411665,3390370,496,0,12,-88.0
259301,411440.0,3390440.0,30,200,6,6,2585.0,9.2,498,0,5,411675,3390380,496,21,5,-83.21
259301,411440.0,3390440.0,30,200,6,6,2585.0,9.2,498,0,5,411650,3390395,496,21,13,-78.0
259301,411440.0,3390440.0,30,200,6,6,2585.0,9.2,498,0,5,411475,3390525,497,27,5,-92.5
259301,411440.0,3390440.0,30,200,6,6,2585.0,9.2,498,0,5,411510,3390490,497,0,13,-85.0
259301,411440.0,3390440.0,30,200,6,6,2585.0,9.2,498,0,5,411515,3390485,497,0,5,-83.5
259301,411440.0,3390440.0,30,200,6,6,2585.0,9.2,498,0,5,411505,3390495,497,27,13,-82.67
259301,411440.0,3390440.0,30,200,6,6,2585.0,9.2,498,0,5,411485,3390515,497,0,13,-85.8
259301,411440.0,3390440.0,30,200,6,6,2585.0,9.2,498,0,5,411860,3387670,489,18,12,-113.0
259301,411440.0,3390440.0,30,200,6,6,2585.0,9.2,498,0,5,411850,3387660,489,6,5,-115.0
259301,411440.0,3390440.0,30,200,6,6,2585.0,9.2,498,0,5,411955,3387890,490,24,12,-107.0
259301,411440.0,3390440.0,30,200,6,6,2585.0,9.2,498,0,5,411645,3387560,489,24,6,-111.75
259301,411440.0,3390440.0,30,200,6,6,2585.0,9.2,498,0,5,411835,3387690,491,0,5,-108.0
259301,411440.0,3390440.0,30,200,6,6,2585.0,9.2,498,0,5,412005,3388160,488,0,5,-100.8
259301,411440.0,3390440.0,30,200,6,6,2585.0,9.2,498,0,5,411465,3390515,497,0,5,-85.0
259301,411440.0,3390440.0,30,200,6,6,2585.0,9.2,498,0,5,411455,3390485,498,15,13,-85.35
259301,411440.0,3390440.0,30,200,6,6,2585.0,9.2,498,0,5,411475,3390505,497,0,5,-91.5
259301,411440.0,3390440.0,30,200,6,6,2585.0,9.2,498,0,5,411470,3390510,497,0,5,-86.8
259301,411440.0,3390440.0,30,200,6,6,2585.0,9.2,498,0,5,411430,3390470,498,0,5,-94.5
259301,411440.0,3390440.0,30,200,6,6,2585.0,9.2,498,0,5,411460,3390520,497,0,13,-93.33
259301,411440.0,3390440.0,30,200,6,6,2585.0,9.2,498,0,5,411450,3390490,498,0,5,-89.22
259301,411440.0,3390440.0,30,200,6,6,2585.0,9.2,498,0,5,411440,3390500,497,0,5,-92.04
259301,411440.0,3390440.0,30,200,6,6,2585.0,9.2,498,0,5,411445,3390495,497,0,5,-92.26
259301,411440.0,3390440.0,30,200,6,6,2585.0,9.2,498,0,5,411420,3390480,497,27,5,-91.0
259301,411440.0,3390440.0,30,200,6,6,2585.0,9.2,498,0,5,411955,3388170,488,0,5,-94.0
259301,411440.0,3390440.0,30,200,6,6,2585.0,9.2,498,0,5,411885,3387895,492,0,5,-104.0
259301,411440.0,3390440.0,30,200,6,6,2585.0,9.2,498,0,5,411680,3387700,490,0,5,-106.5
259301,411440.0,3390440.0,30,200,6,6,2585.0,9.2,498,0,5,411875,3387865,491,0,13,-104.0
259301,411440.0,3390440.0,30,200,6,6,2585.0,9.2,498,0,5,411870,3387870,491,0,6,-107.8
259301,411440.0,3390440.0,30,200,6,6,2585.0,9.2,498,0,5,411755,3387745,489,0,5,-112.5
259301,411440.0,3390440.0,30,200,6,6,2585.0,9.2,498,0,5,411535,3390590,496,0,5,-89.0
259301,411440.0,3390440.0,30,200,6,6,2585.0,9.2,498,0,5,411545,3390580,496,6,13,-91.5
259301,411440.0,3390440.0,30,200,6,6,2585.0,9.2,498,0,5,411520,3390595,496,0,13,-90.0
259301,411440.0,3390440.0,30,200,6,6,2585.0,9.2,498,0,5,411900,3390295,493,0,5,-90.6
259301,411440.0,3390440.0,30,200,6,6,2585.0,9.2,498,0,5,411710,3390405,495,12,12,-90.0
259301,411440.0,3390440.0,30,200,6,6,2585.0,9.2,498,0,5,411715,3390410,494,0,12,-81.33
259301,411440.0,3390440.0,30,200,6,6,2585.0,9.2,498,0,5,411705,3390420,494,0,12,-85.25
259301,411440.0,3390440.0,30,200,6,6,2585.0,9.2,498,0,5,411695,3390430,494,0,12,-97.54
259301,411440.0,3390440.0,30,200,6,6,2585.0,9.2,498,0,5,411690,3390425,495,0,5,-87.0
259301,411440.0,3390440.0,30,200,6,6,2585.0,9.2,498,0,5,411895,3390310,493,0,5,-88.31
259301,411440.0,3390440.0,30,200,6,6,2585.0,9.2,498,0,5,411880,3390315,493,0,5,-88.85
259301,411440.0,3390440.0,30,200,6,6,2585.0,9.2,498,0,5,411840,3390275,493,0,12,-110.0
259301,411440.0,3390440.0,30,200,6,6,2585.0,9.2,498,0,5,411885,3390320,493,0,5,-86.27
259301,411440.0,3390440.0,30,200,6,6,2585.0,9.2,498,0,5,411945,3390340,494,0,5,-110.0
259301,411440.0,3390440.0,30,200,6,6,2585.0,9.2,498,0,5,411685,3390440,494,0,12,-95.0
259301,411440.0,3390440.0,30,200,6,6,2585.0,9.2,498,0,5,411680,3390435,495,0,12,-90.0
259301,411440.0,3390440.0,30,200,6,6,2585.0,9.2,498,0,5,411700,3390415,495,12,5,-87.8
259301,411440.0,3390440.0,30,200,6,6,2585.0,9.2,498,0,5,411915,3390290,494,0,5,-83.0
259301,411440.0,3390440.0,30,200,6,6,2585.0,9.2,498,0,5,411905,3390300,494,0,5,-89.25
259301,411440.0,3390440.0,30,200,6,6,2585.0,9.2,498,0,5,411890,3390305,493,0,5,-86.38
259301,411440.0,3390440.0,30,200,6,6,2585.0,9.2,498,0,5,412445,3388170,486,0,7,-107.0
259301,411440.0,3390440.0,30,200,6,6,2585.0,9.2,498,0,5,412450,3388175,486,0,7,-102.25
259301,411440.0,3390440.0,30,200,6,6,2585.0,9.2,498,0,5,412455,3388180,486,0,7,-96.57
259301,411440.0,3390440.0,30,200,6,6,2585.0,9.2,498,0,5,412460,3388185,486,0,7,-108.0
259301,411440.0,3390440.0,30,200,6,6,2585.0,9.2,498,0,5,411055,3388790,493,54,12,-96.0
259301,411440.0,3390440.0,30,200,6,6,2585.0,9.2,498,0,5,411185,3387665,489,12,13,-98.0
259301,411440.0,3390440.0,30,200,6,6,2585.0,9.2,498,0,5,411840,3387735,490,0,6,-107.0
259301,411440.0,3390440.0,30,200,6,6,2585.0,9.2,498,0,5,411845,3387740,490,0,5,-105.67
259301,411440.0,3390440.0,30,200,6,6,2585.0,9.2,498,0,5,412000,3390240,498,0,5,-95.0
259301,411440.0,3390440.0,30,200,6,6,2585.0,9.2,498,0,5,411950,3390290,496,0,13,-89.75
259301,411440.0,3390440.0,30,200,6,6,2585.0,9.2,498,0,5,411940,3390300,495,0,5,-95.0
259301,411440.0,3390440.0,30,200,6,6,2585.0,9.2,498,0,5,411985,3390255,498,15,13,-88.5
259301,411440.0,3390440.0,30,200,6,6,2585.0,9.2,498,0,5,411975,3390265,498,15,5,-91.5
259301,411440.0,3390440.0,30,200,6,6,2585.0,9.2,498,0,5,411880,3390360,493,0,5,-88.33
259301,411440.0,3390440.0,30,200,6,6,2585.0,9.2,498,0,5,411890,3390350,493,0,5,-96.5
259301,411440.0,3390440.0,30,200,6,6,2585.0,9.2,498,0,5,411955,3390285,496,0,5,-92.0
259301,411440.0,3390440.0,30,200,6,6,2585.0,9.2,498,0,5,411960,3390280,497,0,5,-91.0
259301,411440.0,3390440.0,30,200,6,6,2585.0,9.2,498,0,5,411915,3390325,494,51,10,-82.5
259301,411440.0,3390440.0,30,200,6,6,2585.0,9.2,498,0,5,411945,3390295,496,0,13,-92.0
259301,411440.0,3390440.0,30,200,6,6,2585.0,9.2,498,0,5,411930,3390310,495,0,5,-94.5
259301,411440.0,3390440.0,30,200,6,6,2585.0,9.2,498,0,5,411970,3390270,497,15,5,-94.67
259301,411440.0,3390440.0,30,200,6,6,2585.0,9.2,498,0,5,411040,3388820,494,0,5,-100.33
259301,411440.0,3390440.0,30,200,6,6,2585.0,9.2,498,0,5,411650,3390335,496,0,13,-90.5
259301,411440.0,3390440.0,30,200,6,6,2585.0,9.2,498,0,5,411660,3390345,496,6,13,-103.67
259301,411440.0,3390440.0,30,200,6,6,2585.0,9.2,498,0,5,411550,3390315,496,0,5,-83.67
259301,411440.0,3390440.0,30,200,6,6,2585.0,9.2,498,0,5,411555,3390320,496,0,5,-85.0
259301,411440.0,3390440.0,30,200,6,6,2585.0,9.2,498,0,5,411635,3390400,496,21,13,-75.5
259301,411440.0,3390440.0,30,200,6,6,2585.0,9.2,498,0,5,411670,3390355,496,0,5,-98.0
259301,411440.0,3390440.0,30,200,6,6,2585.0,9.2,498,0,5,411675,3390360,496,0,5,-86.25
259301,411440.0,3390440.0,30,200,6,6,2585.0,9.2,498,0,5,411535,3390300,496,21,5,-87.0
259301,411440.0,3390440.0,30,200,6,6,2585.0,9.2,498,0,5,411665,3390350,496,0,5,-102.33
259301,411440.0,3390440.0,30,200,6,6,2585.0,9.2,498,0,5,411620,3390385,496,0,12,-79.0
259301,411440.0,3390440.0,30,200,6,6,2585.0,9.2,498,0,5,411545,3390310,496,21,6,-91.0
259301,411440.0,3390440.0,30,200,6,6,2585.0,9.2,498,0,5,411655,3387560,489,24,6,-111.0
259301,411440.0,3390440.0,30,200,6,6,2585.0,9.2,498,0,5,411835,3387700,491,0,5,-107.67
259301,411440.0,3390440.0,30,200,6,6,2585.0,9.2,498,0,5,412005,3388150,488,0,5,-103.0
259301,411440.0,3390440.0,30,200,6,6,2585.0,9.2,498,0,5,412015,3388160,487,0,13,-97.33
259301,411440.0,3390440.0,30,200,6,6,2585.0,9.2,498,0,5,411040,3388800,493,54,5,-100.0
259301,411440.0,3390440.0,30,200,6,6,2585.0,9.2,498,0,5,411570,3390380,496,21,5,-85.0
259301,411440.0,3390440.0,30,200,6,6,2585.0,9.2,498,0,5,411675,3390315,496,0,5,-98.0
259301,411440.0,3390440.0,30,200,6,6,2585.0,9.2,498,0,5,411665,3390305,496,0,6,-104.67
259301,411440.0,3390440.0,30,200,6,6,2585.0,9.2,498,0,5,411545,3390345,496,21,5,-84.33
259301,411440.0,3390440.0,30,200,6,6,2585.0,9.2,498,0,5,411515,3390445,497,0,12,-81.19
259301,411440.0,3390440.0,30,200,6,6,2585.0,9.2,498,0,5,411495,3390465,498,15,13,-86.6
259301,411440.0,3390440.0,30,200,6,6,2585.0,9.2,498,0,5,411365,3390515,497,0,5,-95.11
259301,411440.0,3390440.0,30,200,6,6,2585.0,9.2,498,0,5,411370,3390510,497,0,5,-96.33
259301,411440.0,3390440.0,30,200,6,6,2585.0,9.2,498,0,5,411385,3390495,497,0,5,-92.5
259301,411440.0,3390440.0,30,200,6,6,2585.0,9.2,498,0,5,411505,3390455,497,15,6,-84.0
259301,411440.0,3390440.0,30,200,6,6,2585.0,9.2,498,0,5,411485,3390475,498,0,5,-83.27
259301,411440.0,3390440.0,30,200,6,6,2585.0,9.2,498,0,5,411490,3390470,498,0,13,-84.67
259301,411440.0,3390440.0,30,200,6,6,2585.0,9.2,498,0,5,411395,3390485,497,0,12,-100.5
259301,411440.0,3390440.0,30,200,6,6,2585.0,9.2,498,0,5,411480,3390480,498,0,13,-87.0
259301,411440.0,3390440.0,30,200,6,6,2585.0,9.2,498,0,5,411500,3390460,498,15,5,-83.6
259301,411440.0,3390440.0,30,200,6,6,2585.0,9.2,498,0,5,411360,3390520,497,0,12,-96.58
259301,411440.0,3390440.0,30,200,6,6,2585.0,9.2,498,0,5,411375,3390505,497,0,5,-98.0
259301,411440.0,3390440.0,30,200,6,6,2585.0,9.2,498,0,5,411510,3390450,497,15,6,-84.27
259301,411440.0,3390440.0,30,200,6,6,2585.0,9.2,498,0,5,412200,3388170,484,0,7,-103.67
259301,411440.0,3390440.0,30,200,6,6,2585.0,9.2,498,0,5,412215,3388175,484,0,14,-100.0
259301,411440.0,3390440.0,30,200,6,6,2585.0,9.2,498,0,5,411275,3388430,496,0,6,-108.5
259301,411440.0,3390440.0,30,200,6,6,2585.0,9.2,498,0,5,411510,3390385,497,0,5,-83.0
259301,411440.0,3390440.0,30,200,6,6,2585.0,9.2,498,0,5,411505,3390400,497,0,12,-82.83
259301,411440.0,3390440.0,30,200,6,6,2585.0,9.2,498,0,5,411515,3390390,497,21,12,-83.25
259301,411440.0,3390440.0,30,200,6,6,2585.0,9.2,498,0,5,411500,3390395,498,0,12,-84.57
259301,411440.0,3390440.0,30,200,6,6,2585.0,9.2,498,0,5,412385,3388175,485,0,7,-97.5
259301,411440.0,3390440.0,30,200,6,6,2585.0,9.2,498,0,5,412535,3388180,487,0,10,-102.91
259301,411440.0,3390440.0,30,200,6,6,2585.0,9.2,498,0,5,412525,3388170,487,0,10,-98.6
259301,411440.0,3390440.0,30,200,6,6,2585.0,9.2,498,0,5,412540,3388185,487,0,10,-97.0
259301,411440.0,3390440.0,30,200,6,6,2585.0,9.2,498,0,5,412530,3388175,487,0,10,-101.75
259301,411440.0,3390440.0,30,200,6,6,2585.0,9.2,498,0,5,411335,3390515,497,27,6,-97.0
259301,411440.0,3390440.0,30,200,6,6,2585.0,9.2,498,0,5,411355,3390495,497,27,5,-105.5
259301,411440.0,3390440.0,30,200,6,6,2585.0,9.2,498,0,5,411640,3387565,489,0,6,-113.67
259301,411440.0,3390440.0,30,200,6,6,2585.0,9.2,498,0,5,411645,3387570,489,0,5,-113.0
259301,411440.0,3390440.0,30,200,6,6,2585.0,9.2,498,0,5,411985,3387910,489,0,5,-108.5
259301,411440.0,3390440.0,30,200,6,6,2585.0,9.2,498,0,5,411795,3387720,491,0,12,-109.33
259301,411440.0,3390440.0,30,200,6,6,2585.0,9.2,498,0,5,411810,3387735,491,0,5,-105.0
259301,411440.0,3390440.0,30,200,6,6,2585.0,9.2,498,0,5,411825,3387750,490,0,5,-111.0
259301,411440.0,3390440.0,30,200,6,6,2585.0,9.2,498,0,5,412075,3388160,486,0,2,-95.0
259301,411440.0,3390440.0,30,200,6,6,2585.0,9.2,498,0,5,411815,3387740,490,0,12,-111.0
259301,411440.0,3390440.0,30,200,6,6,2585.0,9.2,498,0,5,412180,3387960,487,0,7,-96.5
259301,411440.0,3390440.0,30,200,6,6,2585.0,9.2,498,0,5,412185,3387955,487,0,7,-101.5
259301,411440.0,3390440.0,30,200,6,6,2585.0,9.2,498,0,5,412175,3387925,488,0,7,-93.2
259301,411440.0,3390440.0,30,200,6,6,2585.0,9.2,498,0,5,411345,3390535,497,0,6,-98.12
259301,411440.0,3390440.0,30,200,6,6,2585.0,9.2,498,0,5,411350,3390530,497,0,12,-97.38
259301,411440.0,3390440.0,30,200,6,6,2585.0,9.2,498,0,5,411330,3390550,497,0,5,-105.33
259301,411440.0,3390440.0,30,200,6,6,2585.0,9.2,498,0,5,411340,3390540,497,0,6,-96.0
259301,411440.0,3390440.0,30,200,6,6,2585.0,9.2,498,0,5,411335,3390545,497,0,5,-97.0
259301,411440.0,3390440.0,30,200,6,6,2585.0,9.2,498,0,5,411355,3390525,497,0,12,-96.43
259301,411440.0,3390440.0,30,200,6,6,2585.0,9.2,498,0,5,412055,3388170,486,0,5,-94.81
259301,411440.0,3390440.0,30,200,6,6,2585.0,9.2,498,0,5,412040,3388175,487,0,5,-95.33
259301,411440.0,3390440.0,30,200,6,6,2585.0,9.2,498,0,5,412070,3388185,485,0,2,-105.0
259301,411440.0,3390440.0,30,200,6,6,2585.0,9.2,498,0,5,412050,3388165,487,0,5,-97.58
259301,411440.0,3390440.0,30,200,6,6,2585.0,9.2,498,0,5,412045,3388180,486,0,5,-101.33
259301,411440.0,3390440.0,30,200,6,6,2585.0,9.2,498,0,5,411490,3390465,498,15,13,-84.89
259301,411440.0,3390440.0,30,200,6,6,2585.0,9.2,498,0,5,411390,3390485,497,0,12,-108.0
259301,411440.0,3390440.0,30,200,6,6,2585.0,9.2,498,0,5,411385,3390500,497,0,5,-95.75
259301,411440.0,3390440.0,30,200,6,6,2585.0,9.2,498,0,5,411505,3390460,497,15,5,-81.77
259301,411440.0,3390440.0,30,200,6,6,2585.0,9.2,498,0,5,411495,3390470,498,0,13,-82.38
259301,411440.0,3390440.0,30,200,6,6,2585.0,9.2,498,0,5,411485,3390480,498,0,13,-84.74
259301,411440.0,3390440.0,30,200,6,6,2585.0,9.2,498,0,5,411515,3390450,497,0,12,-81.48
259301,411440.0,3390440.0,30,200,6,6,2585.0,9.2,498,0,5,411500,3390455,498,15,5,-80.83
259301,411440.0,3390440.0,30,200,6,6,2585.0,9.2,498,0,5,411360,3390515,497,0,12,-96.13
259301,411440.0,3390440.0,30,200,6,6,2585.0,9.2,498,0,5,411510,3390445,497,15,6,-82.31
259301,411440.0,3390440.0,30,200,6,6,2585.0,9.2,498,0,5,411480,3390475,498,0,5,-85.57
259301,411440.0,3390440.0,30,200,6,6,2585.0,9.2,498,0,5,411395,3390490,497,0,12,-99.0
259301,411440.0,3390440.0,30,200,6,6,2585.0,9.2,498,0,5,411365,3390520,497,0,12,-95.7
259301,411440.0,3390440.0,30,200,6,6,2585.0,9.2,498,0,5,411375,3390510,497,0,5,-88.33
259301,411440.0,3390440.0,30,200,6,6,2585.0,9.2,498,0,5,411220,3388190,489,0,5,-99.0
259301,411440.0,3390440.0,30,200,6,6,2585.0,9.2,498,0,5,411030,3388810,493,54,12,-99.5
259301,411440.0,3390440.0,30,200,6,6,2585.0,9.2,498,0,5,412485,3388175,486,0,2,-103.67
259301,411440.0,3390440.0,30,200,6,6,2585.0,9.2,498,0,5,412480,3388180,486,0,5,-100.5
259301,411440.0,3390440.0,30,200,6,6,2585.0,9.2,498,0,5,412495,3388165,486,0,2,-100.5
259301,411440.0,3390440.0,30,200,6,6,2585.0,9.2,498,0,5,412515,3388185,487,0,5,-97.67
259301,411440.0,3390440.0,30,200,6,6,2585.0,9.2,498,0,5,412490,3388170,486,0,2,-98.67
259301,411440.0,3390440.0,30,200,6,6,2585.0,9.2,498,0,5,412510,3388190,486,0,2,-97.67
259301,411440.0,3390440.0,30,200,6,6,2585.0,9.2,498,0,5,411275,3388450,498,0,6,-110.5
259301,411440.0,3390440.0,30,200,6,6,2585.0,9.2,498,0,5,411445,3390570,496,6,5,-92.5
259301,411440.0,3390440.0,30,200,6,6,2585.0,9.2,498,0,5,411465,3390525,497,27,13,-93.0
259301,411440.0,3390440.0,30,200,6,6,2585.0,9.2,498,0,5,411445,3390545,496,0,6,-97.0
259301,411440.0,3390440.0,30,200,6,6,2585.0,9.2,498,0,5,411505,3390485,497,0,13,-83.5
259301,411440.0,3390440.0,30,200,6,6,2585.0,9.2,498,0,5,411500,3390490,497,0,13,-83.0
259301,411440.0,3390440.0,30,200,6,6,2585.0,9.2,498,0,5,411515,3390495,497,27,5,-84.0
259301,411440.0,3390440.0,30,200,6,6,2585.0,9.2,498,0,5,411505,3390360,497,21,5,-76.0
259301,411440.0,3390440.0,30,200,6,6,2585.0,9.2,498,0,5,411710,3390360,495,21,5,-88.25
259301,411440.0,3390440.0,30,200,6,6,2585.0,9.2,498,0,5,411715,3390355,495,21,5,-89.0
259301,411440.0,3390440.0,30,200,6,6,2585.0,9.2,498,0,5,411750,3390400,495,0,12,-82.5
259301,411440.0,3390440.0,30,200,6,6,2585.0,9.2,498,0,5,411700,3390350,496,0,5,-88.33
259301,411440.0,3390440.0,30,200,6,6,2585.0,9.2,498,0,5,411725,3390365,495,0,5,-88.76
259301,411440.0,3390440.0,30,200,6,6,2585.0,9.2,498,0,5,411720,3390370,495,0,5,-85.41
259301,411440.0,3390440.0,30,200,6,6,2585.0,9.2,498,0,5,411730,3390380,495,0,6,-84.24
259301,411440.0,3390440.0,30,200,6,6,2585.0,9.2,498,0,5,411735,3390375,495,0,5,-85.88
259301,411440.0,3390440.0,30,200,6,6,2585.0,9.2,498,0,5,411685,3390325,496,0,5,-97.5
259301,411440.0,3390440.0,30,200,6,6,2585.0,9.2,498,0,5,411740,3390390,495,12,12,-86.67
259301,411440.0,3390440.0,30,200,6,6,2585.0,9.2,498,0,5,411830,3390320,493,0,5,-92.25
259301,411440.0,3390440.0,30,200,6,6,2585.0,9.2,498,0,5,411835,3390315,493,0,6,-88.4
259301,411440.0,3390440.0,30,200,6,6,2585.0,9.2,498,0,5,411705,3390345,496,21,5,-88.67
259301,411440.0,3390440.0,30,200,6,6,2585.0,9.2,498,0,5,411745,3390385,495,0,12,-87.83
259301,411440.0,3390440.0,30,200,6,6,2585.0,9.2,498,0,5,411825,3390305,492,0,5,-89.0
259301,411440.0,3390440.0,30,200,6,6,2585.0,9.2,498,0,5,411270,3388460,499,0,6,-106.0
259301,411440.0,3390440.0,30,200,6,6,2585.0,9.2,498,0,5,411275,3388455,498,0,6,-102.5
259301,411440.0,3390440.0,30,200,6,6,2585.0,9.2,498,0,5,411765,3390330,494,27,5,-97.0
259301,411440.0,3390440.0,30,200,6,6,2585.0,9.2,498,0,5,411800,3390365,494,12,12,-93.8
259301,411440.0,3390440.0,30,200,6,6,2585.0,9.2,498,0,5,411730,3390295,495,0,5,-90.5
259301,411440.0,3390440.0,30,200,6,6,2585.0,9.2,498,0,5,411780,3390345,494,0,5,-86.3
259301,411440.0,3390440.0,30,200,6,6,2585.0,9.2,498,0,5,411795,3390360,494,0,12,-88.67
259301,411440.0,3390440.0,30,200,6,6,2585.0,9.2,498,0,5,411770,3390335,494,0,5,-92.5
259301,411440.0,3390440.0,30,200,6,6,2585.0,9.2,498,0,5,411785,3390350,494,0,5,-86.94
259301,411440.0,3390440.0,30,200,6,6,2585.0,9.2,498,0,5,411790,3390355,494,0,12,-84.12
259301,411440.0,3390440.0,30,200,6,6,2585.0,9.2,498,0,5,411805,3390370,494,12,12,-94.67
259301,411440.0,3390440.0,30,200,6,6,2585.0,9.2,498,0,5,411855,3387835,490,0,6,-107.0
259301,411440.0,3390440.0,30,200,6,6,2585.0,9.2,498,0,5,411885,3387785,489,6,5,-116.0
259301,411440.0,3390440.0,30,200,6,6,2585.0,9.2,498,0,5,411865,3387805,490,0,5,-104.22
259301,411440.0,3390440.0,30,200,6,6,2585.0,9.2,498,0,5,411860,3387810,490,0,5,-103.93
259301,411440.0,3390440.0,30,200,6,6,2585.0,9.2,498,0,5,411870,3387820,490,0,5,-103.2
259301,411440.0,3390440.0,30,200,6,6,2585.0,9.2,498,0,5,411875,3387815,490,0,13,-102.0
259301,411440.0,3390440.0,30,200,6,6,2585.0,9.2,498,0,5,412125,3390300,497,0,11,-99.5
259301,411440.0,3390440.0,30,200,6,6,2585.0,9.2,498,0,5,411610,3390405,496,21,5,-79.5
259301,411440.0,3390440.0,30,200,6,6,2585.0,9.2,498,0,5,411605,3390420,496,0,12,-79.5
259301,411440.0,3390440.0,30,200,6,6,2585.0,9.2,498,0,5,411625,3390440,495,0,12,-80.0
259301,411440.0,3390440.0,30,200,6,6,2585.0,9.2,498,0,5,411655,3390450,495,0,12,-80.0
259301,411440.0,3390440.0,30,200,6,6,2585.0,9.2,498,0,5,411525,3390500,497,27,6,-84.0
259301,411440.0,3390440.0,30,200,6,6,2585.0,9.2,498,0,5,411635,3390430,495,0,12,-76.55
259301,411440.0,3390440.0,30,200,6,6,2585.0,9.2,498,0,5,411630,3390425,496,0,12,-71.33
259301,411440.0,3390440.0,30,200,6,6,2585.0,9.2,498,0,5,411615,3390410,496,21,5,-78.5
259301,411440.0,3390440.0,30,200,6,6,2585.0,9.2,498,0,5,411535,3390490,497,0,12,-81.75
259301,411440.0,3390440.0,30,200,6,6,2585.0,9.2,498,0,5,411550,3390505,497,0,5,-88.33
259301,411440.0,3390440.0,30,200,6,6,2585.0,9.2,498,0,5,411530,3390485,497,0,12,-80.1
259301,411440.0,3390440.0,30,200,6,6,2585.0,9.2,498,0,5,411555,3390510,496,0,6,-76.5
259301,411440.0,3390440.0,30,200,6,6,2585.0,9.2,498,0,5,411640,3390455,495,0,12,-83.67
259301,411440.0,3390440.0,30,200,6,6,2585.0,9.2,498,0,5,411620,3390435,496,0,12,-77.78
259301,411440.0,3390440.0,30,200,6,6,2585.0,9.2,498,0,5,412080,3390255,496,0,11,-96.0
259301,411440.0,3390440.0,30,200,6,6,2585.0,9.2,498,0,5,412090,3390245,496,15,11,-98.5
259301,411440.0,3390440.0,30,200,6,6,2585.0,9.2,498,0,5,411540,3390515,497,0,6,-81.5
259301,411440.0,3390440.0,30,200,6,6,2585.0,9.2,498,0,5,411520,3390495,497,27,5,-86.2
259301,411440.0,3390440.0,30,200,6,6,2585.0,9.2,498,0,5,411600,3390415,496,21,5,-82.0
259301,411440.0,3390440.0,30,200,6,6,2585.0,9.2,498,0,5,411650,3390445,495,0,12,-75.67
259301,411440.0,3390440.0,30,200,6,6,2585.0,9.2,498,0,5,411010,3388740,490,18,5,-104.0
259301,411440.0,3390440.0,30,200,6,6,2585.0,9.2,498,0,5,411035,3388755,491,0,6,-94.0
259301,411440.0,3390440.0,30,200,6,6,2585.0,9.2,498,0,5,411630,3387570,489,0,6,-114.5
259301,411440.0,3390440.0,30,200,6,6,2585.0,9.2,498,0,5,411645,3387555,489,24,7,-111.0
259301,411440.0,3390440.0,30,200,6,6,2585.0,9.2,498,0,5,412000,3388160,488,0,13,-103.4
259301,411440.0,3390440.0,30,200,6,6,2585.0,9.2,498,0,5,411835,3387685,491,0,5,-109.0
259301,411440.0,3390440.0,30,200,6,6,2585.0,9.2,498,0,5,412520,3388190,487,0,10,-99.0
259301,411440.0,3390440.0,30,200,6,6,2585.0,9.2,498,0,5,412550,3388180,488,0,10,-100.4
259301,411440.0,3390440.0,30,200,6,6,2585.0,9.2,498,0,5,412555,3388175,488,0,10,-100.2
259301,411440.0,3390440.0,30,200,6,6,2585.0,9.2,498,0,5,412530,3388200,487,0,10,-107.0
259301,411440.0,3390440.0,30,200,6,6,2585.0,9.2,498,0,5,412015,3388200,487,0,5,-93.0
259301,411440.0,3390440.0,30,200,6,6,2585.0,9.2,498,0,5,412030,3388175,487,0,5,-95.86
259301,411440.0,3390440.0,30,200,6,6,2585.0,9.2,498,0,5,412020,3388165,487,0,13,-94.15
259301,411440.0,3390440.0,30,200,6,6,2585.0,9.2,498,0,5,412025,3388170,487,0,5,-95.8
259301,411440.0,3390440.0,30,200,6,6,2585.0,9.2,498,0,5,411355,3390520,497,0,12,-96.8
259301,411440.0,3390440.0,30,200,6,6,2585.0,9.2,498,0,5,411350,3390515,497,0,12,-93.0
259301,411440.0,3390440.0,30,200,6,6,2585.0,9.2,498,0,5,411340,3390505,497,0,12,-100.5
259301,411440.0,3390440.0,30,200,6,6,2585.0,9.2,498,0,5,411875,3387890,491,0,6,-105.67
259301,411440.0,3390440.0,30,200,6,6,2585.0,9.2,498,0,5,412085,3388160,485,0,2,-98.0
259301,411440.0,3390440.0,30,200,6,6,2585.0,9.2,498,0,5,411880,3387875,492,0,5,-104.75
259301,411440.0,3390440.0,30,200,6,6,2585.0,9.2,498,0,5,412165,3388175,482,0,7,-96.0
259301,411440.0,3390440.0,30,200,6,6,2585.0,9.2,498,0,5,412170,3388170,483,0,7,-99.0
259301,411440.0,3390440.0,30,200,6,6,2585.0,9.2,498,0,5,411270,3388455,499,0,6,-106.5
259301,411440.0,3390440.0,30,200,6,6,2585.0,9.2,498,0,5,411280,3388460,499,0,6,-102.5
259301,411440.0,3390440.0,30,200,6,6,2585.0,9.2,498,0,5,411025,3388755,491,36,6,-98.33
259301,411440.0,3390440.0,30,200,6,6,2585.0,9.2,498,0,5,411460,3390505,497,0,5,-85.8
259301,411440.0,3390440.0,30,200,6,6,2585.0,9.2,498,0,5,411440,3390485,498,0,13,-90.26
259301,411440.0,3390440.0,30,200,6,6,2585.0,9.2,498,0,5,411445,3390490,497,0,13,-90.94
259301,411440.0,3390440.0,30,200,6,6,2585.0,9.2,498,0,5,411430,3390475,498,0,5,-93.5
259301,411440.0,3390440.0,30,200,6,6,2585.0,9.2,498,0,5,411435,3390480,498,0,5,-91.0
259301,411440.0,3390440.0,30,200,6,6,2585.0,9.2,498,0,5,411455,3390500,497,0,13,-88.76
259301,411440.0,3390440.0,30,200,6,6,2585.0,9.2,498,0,5,411450,3390495,497,0,5,-89.34
259301,411440.0,3390440.0,30,200,6,6,2585.0,9.2,498,0,5,411465,3390510,497,0,5,-86.25
259301,411440.0,3390440.0,30,200,6,6,2585.0,9.2,498,0,5,411475,3390520,497,27,5,-85.67
259301,411440.0,3390440.0,30,200,6,6,2585.0,9.2,498,0,5,411470,3390515,497,0,5,-87.0
259301,411440.0,3390440.0,30,200,6,6,2585.0,9.2,498,0,5,411730,3390430,494,0,6,-89.0
259301,411440.0,3390440.0,30,200,6,6,2585.0,9.2,498,0,5,412090,3390230,496,0,5,-100.67
259301,411440.0,3390440.0,30,200,6,6,2585.0,9.2,498,0,5,411855,3390305,493,0,6,-100.71
259301,411440.0,3390440.0,30,200,6,6,2585.0,9.2,498,0,5,412135,3390185,496,0,6,-98.0
259301,411440.0,3390440.0,30,200,6,6,2585.0,9.2,498,0,5,411865,3390295,493,0,6,-88.5
259301,411440.0,3390440.0,30,200,6,6,2585.0,9.2,498,0,5,412120,3390200,496,0,5,-97.0
259301,411440.0,3390440.0,30,200,6,6,2585.0,9.2,498,0,5,412085,3390235,496,0,5,-96.29
259301,411440.0,3390440.0,30,200,6,6,2585.0,9.2,498,0,5,412080,3390240,496,0,5,-85.0
259301,411440.0,3390440.0,30,200,6,6,2585.0,9.2,498,0,5,412100,3390220,496,0,5,-97.89
259301,411440.0,3390440.0,30,200,6,6,2585.0,9.2,498,0,5,412095,3390225,496,0,5,-102.4
259301,411440.0,3390440.0,30,200,6,6,2585.0,9.2,498,0,5,412115,3390205,496,0,12,-93.75
259301,411440.0,3390440.0,30,200,6,6,2585.0,9.2,498,0,5,411735,3390425,494,15,5,-92.33
259301,411440.0,3390440.0,30,200,6,6,2585.0,9.2,498,0,5,412105,3390215,496,0,12,-96.29
259301,411440.0,3390440.0,30,200,6,6,2585.0,9.2,498,0,5,412110,3390210,496,0,12,-97.0
259301,411440.0,3390440.0,30,200,6,6,2585.0,9.2,498,0,5,411850,3390310,493,0,5,-98.86
259301,411440.0,3390440.0,30,200,6,6,2585.0,9.2,498,0,5,412125,3390195,496,0,6,-99.0
259301,411440.0,3390440.0,30,200,6,6,2585.0,9.2,498,0,5,411740,3390420,494,0,6,-81.0
259301,411440.0,3390440.0,30,200,6,6,2585.0,9.2,498,0,5,411535,3390625,496,15,13,-87.5
259301,411440.0,3390440.0,30,200,6,6,2585.0,9.2,498,0,5,411840,3390320,493,0,6,-88.29
259301,411440.0,3390440.0,30,200,6,6,2585.0,9.2,498,0,5,411750,3390410,495,0,5,-107.0
259301,411440.0,3390440.0,30,200,6,6,2585.0,9.2,498,0,5,411845,3390315,493,0,6,-88.83
259301,411440.0,3390440.0,30,200,6,6,2585.0,9.2,498,0,5,411850,3387800,489,0,6,-105.75
259301,411440.0,3390440.0,30,200,6,6,2585.0,9.2,498,0,5,411885,3387825,490,24,13,-109.0
259301,411440.0,3390440.0,30,200,6,6,2585.0,9.2,498,0,5,411855,3387795,489,0,6,-109.13
259301,411440.0,3390440.0,30,200,6,6,2585.0,9.2,498,0,5,411880,3387830,490,0,5,-105.5
259301,411440.0,3390440.0,30,200,6,6,2585.0,9.2,498,0,5,411860,3387770,489,0,5,-108.0
259301,411440.0,3390440.0,30,200,6,6,2585.0,9.2,498,0,5,411845,3387785,489,0,6,-107.5
259301,411440.0,3390440.0,30,200,6,6,2585.0,9.2,498,0,5,411870,3387780,489,0,5,-109.25
259301,411440.0,3390440.0,30,200,6,6,2585.0,9.2,498,0,5,411875,3387775,489,0,13,-113.0
259301,411440.0,3390440.0,30,200,6,6,2585.0,9.2,498,0,5,412540,3388175,487,0,10,-99.0
259301,411440.0,3390440.0,30,200,6,6,2585.0,9.2,498,0,5,412530,3388185,487,0,10,-102.33
259301,411440.0,3390440.0,30,200,6,6,2585.0,9.2,498,0,5,412545,3388180,488,0,10,-100.75
259301,411440.0,3390440.0,30,200,6,6,2585.0,9.2,498,0,5,412190,3388175,483,0,7,-101.25
259301,411440.0,3390440.0,30,200,6,6,2585.0,9.2,498,0,5,412395,3387945,485,0,2,-105.0
259301,411440.0,3390440.0,30,200,6,6,2585.0,9.2,498,0,5,412390,3387950,485,9,2,-91.0
259301,411440.0,3390440.0,30,200,6,6,2585.0,9.2,498,0,5,412385,3387955,484,0,2,-93.5
259301,411440.0,3390440.0,30,200,6,6,2585.0,9.2,498,0,5,412300,3387670,480,0,7,-95.0
259301,411440.0,3390440.0,30,200,6,6,2585.0,9.2,498,0,5,411325,3390540,497,0,5,-95.5
259301,411440.0,3390440.0,30,200,6,6,2585.0,9.2,498,0,5,411355,3390550,497,0,12,-97.5
259301,411440.0,3390440.0,30,200,6,6,2585.0,9.2,498,0,5,411335,3390530,497,0,6,-101.63
259301,411440.0,3390440.0,30,200,6,6,2585.0,9.2,498,0,5,411985,3387890,489,0,5,-102.5
259301,411440.0,3390440.0,30,200,6,6,2585.0,9.2,498,0,5,411810,3387755,490,0,5,-106.5
259301,411440.0,3390440.0,30,200,6,6,2585.0,9.2,498,0,5,412055,3388160,487,0,5,-98.0
259301,411440.0,3390440.0,30,200,6,6,2585.0,9.2,498,0,5,411800,3387745,490,0,5,-109.0
259301,411440.0,3390440.0,30,200,6,6,2585.0,9.2,498,0,5,411830,3387735,490,0,6,-107.0
259301,411440.0,3390440.0,30,200,6,6,2585.0,9.2,498,0,5,411815,3387760,490,0,12,-106.5
259301,411440.0,3390440.0,30,200,6,6,2585.0,9.2,498,0,5,411825,3387730,490,0,6,-103.5
259301,411440.0,3390440.0,30,200,6,6,2585.0,9.2,498,0,5,412155,3388060,486,0,2,-98.5
259301,411440.0,3390440.0,30,200,6,6,2585.0,9.2,498,0,5,411760,3390390,495,12,12,-85.33
259301,411440.0,3390440.0,30,200,6,6,2585.0,9.2,498,0,5,411810,3390360,494,0,5,-83.14
259301,411440.0,3390440.0,30,200,6,6,2585.0,9.2,498,0,5,411835,3390335,493,0,5,-84.19
259301,411440.0,3390440.0,30,200,6,6,2585.0,9.2,498,0,5,411820,3390330,493,0,5,-88.09
259301,411440.0,3390440.0,30,200,6,6,2585.0,9.2,498,0,5,411825,3390325,493,0,5,-89.0
259301,411440.0,3390440.0,30,200,6,6,2585.0,9.2,498,0,5,411805,3390345,494,0,5,-89.62
259301,411440.0,3390440.0,30,200,6,6,2585.0,9.2,498,0,5,411800,3390350,494,0,5,-86.09
259301,411440.0,3390440.0,30,200,6,6,2585.0,9.2,498,0,5,411685,3390305,496,0,12,-96.25
259301,411440.0,3390440.0,30,200,6,6,2585.0,9.2,498,0,5,411785,3390365,495,0,5,-83.43
259301,411440.0,3390440.0,30,200,6,6,2585.0,9.2,498,0,5,411680,3390310,496,0,5,-109.67
259301,411440.0,3390440.0,30,200,6,6,2585.0,9.2,498,0,5,411815,3390355,494,0,5,-85.8
259301,411440.0,3390440.0,30,200,6,6,2585.0,9.2,498,0,5,411830,3390340,493,0,5,-82.22
259301,411440.0,3390440.0,30,200,6,6,2585.0,9.2,498,0,5,411695,3390315,496,0,12,-103.67
259301,411440.0,3390440.0,30,200,6,6,2585.0,9.2,498,0,5,411710,3390300,496,0,5,-98.33
259301,411440.0,3390440.0,30,200,6,6,2585.0,9.2,498,0,5,411770,3390400,495,0,5,-90.0
259301,411440.0,3390440.0,30,200,6,6,2585.0,9.2,498,0,5,411690,3390320,496,0,12,-93.25
259301,411440.0,3390440.0,30,200,6,6,2585.0,9.2,498,0,5,411780,3390370,495,0,5,-83.5
259301,411440.0,3390440.0,30,200,6,6,2585.0,9.2,498,0,5,411595,3390455,496,21,5,-81.57
259301,411440.0,3390440.0,30,200,6,6,2585.0,9.2,498,0,5,411555,3390415,496,0,12,-81.0
259301,411440.0,3390440.0,30,200,6,6,2585.0,9.2,498,0,5,411535,3390435,497,21,12,-79.44
259301,411440.0,3390440.0,30,200,6,6,2585.0,9.2,498,0,5,411550,3390420,496,0,12,-80.67
259301,411440.0,3390440.0,30,200,6,6,2585.0,9.2,498,0,5,411590,3390460,496,21,5,-84.0
259301,411440.0,3390440.0,30,200,6,6,2585.0,9.2,498,0,5,412025,3390245,497,15,13,-94.0
259301,411440.0,3390440.0,30,200,6,6,2585.0,9.2,498,0,5,412030,3390260,496,0,5,-90.67
259301,411440.0,3390440.0,30,200,6,6,2585.0,9.2,498,0,5,411520,3390430,497,0,12,-82.85
259301,411440.0,3390440.0,30,200,6,6,2585.0,9.2,498,0,5,411580,3390450,496,0,5,-79.52
259301,411440.0,3390440.0,30,200,6,6,2585.0,9.2,498,0,5,411525,3390425,497,0,5,-81.73
259301,411440.0,3390440.0,30,200,6,6,2585.0,9.2,498,0,5,411530,3390440,497,0,12,-81.41
259301,411440.0,3390440.0,30,200,6,6,2585.0,9.2,498,0,5,412035,3390255,496,0,5,-95.5
259301,411440.0,3390440.0,30,200,6,6,2585.0,9.2,498,0,5,412000,3390270,497,0,13,-92.8
259301,411440.0,3390440.0,30,200,6,6,2585.0,9.2,498,0,5,411565,3390465,496,21,5,-85.25
259301,411440.0,3390440.0,30,200,6,6,2585.0,9.2,498,0,5,412020,3390250,497,0,5,-91.33
259301,411440.0,3390440.0,30,200,6,6,2585.0,9.2,498,0,5,411560,3390470,497,21,5,-81.08
259301,411440.0,3390440.0,30,200,6,6,2585.0,9.2,498,0,5,411600,3390510,496,0,12,-85.67
259301,411440.0,3390440.0,30,200,6,6,2585.0,9.2,498,0,5,411585,3390445,496,0,5,-79.0
259301,411440.0,3390440.0,30,200,6,6,2585.0,9.2,498,0,5,412005,3390265,497,0,5,-97.36
259301,411440.0,3390440.0,30,200,6,6,2585.0,9.2,498,0,5,412015,3390275,496,15,5,-96.33
259301,411440.0,3390440.0,30,200,6,6,2585.0,9.2,498,0,5,411575,3390475,496,21,5,-85.0
259301,411440.0,3390440.0,30,200,6,6,2585.0,9.2,498,0,5,411340,3390550,497,0,5,-96.5
259301,411440.0,3390440.0,30,200,6,6,2585.0,9.2,498,0,5,411320,3390530,497,27,13,-103.0
259301,411440.0,3390440.0,30,200,6,6,2585.0,9.2,498,0,5,411330,3390540,497,0,5,-104.8
259301,411440.0,3390440.0,30,200,6,6,2585.0,9.2,498,0,5,411335,3390535,497,0,5,-97.0
259301,411440.0,3390440.0,30,200,6,6,2585.0,9.2,498,0,5,411350,3390560,497,0,6,-93.67
259301,411440.0,3390440.0,30,200,6,6,2585.0,9.2,498,0,5,411345,3390545,497,0,6,-97.8
259301,411440.0,3390440.0,30,200,6,6,2585.0,9.2,498,0,5,411860,3387845,490,0,6,-101.5
259301,411440.0,3390440.0,30,200,6,6,2585.0,9.2,498,0,5,411870,3387855,491,0,5,-103.33
259301,411440.0,3390440.0,30,200,6,6,2585.0,9.2,498,0,5,411875,3387860,491,0,13,-101.6
259301,411440.0,3390440.0,30,200,6,6,2585.0,9.2,498,0,5,411880,3387905,492,0,5,-109.33
259301,411440.0,3390440.0,30,200,6,6,2585.0,9.2,498,0,5,411885,3387910,492,0,5,-104.0
259301,411440.0,3390440.0,30,200,6,6,2585.0,9.2,498,0,5,411865,3387850,491,0,6,-106.5
259301,411440.0,3390440.0,30,200,6,6,2585.0,9.2,498,0,5,411605,3390410,496,21,5,-74.33
259301,411440.0,3390440.0,30,200,6,6,2585.0,9.2,498,0,5,411640,3390445,495,0,5,-93.0
259301,411440.0,3390440.0,30,200,6,6,2585.0,9.2,498,0,5,411655,3390460,495,0,5,-85.0
259301,411440.0,3390440.0,30,200,6,6,2585.0,9.2,498,0,5,411615,3390420,496,0,5,-75.67
259301,411440.0,3390440.0,30,200,6,6,2585.0,9.2,498,0,5,411550,3390515,496,0,6,-82.33
259301,411440.0,3390440.0,30,200,6,6,2585.0,9.2,498,0,5,411610,3390415,496,21,5,-75.8
259301,411440.0,3390440.0,30,200,6,6,2585.0,9.2,498,0,5,411545,3390510,497,0,6,-93.25
259301,411440.0,3390440.0,30,200,6,6,2585.0,9.2,498,0,5,411560,3390525,496,0,12,-88.5
259301,411440.0,3390440.0,30,200,6,6,2585.0,9.2,498,0,5,411535,3390500,497,0,6,-80.67
259301,411440.0,3390440.0,30,200,6,6,2585.0,9.2,498,0,5,411630,3390435,495,0,12,-77.5
259301,411440.0,3390440.0,30,200,6,6,2585.0,9.2,498,0,5,411625,3390430,496,0,12,-76.43
259301,411440.0,3390440.0,30,200,6,6,2585.0,9.2,498,0,5,411650,3390455,495,0,12,-87.0
259301,411440.0,3390440.0,30,200,6,6,2585.0,9.2,498,0,5,411520,3390485,497,0,6,-81.0
259301,411440.0,3390440.0,30,200,6,6,2585.0,9.2,498,0,5,411530,3390495,497,0,6,-83.0
259301,411440.0,3390440.0,30,200,6,6,2585.0,9.2,498,0,5,411620,3390425,496,0,12,-81.0
259301,411440.0,3390440.0,30,200,6,6,2585.0,9.2,498,0,5,412080,3390245,496,0,11,-89.5
259301,411440.0,3390440.0,30,200,6,6,2585.0,9.2,498,0,5,411635,3390440,495,0,5,-80.0
259301,411440.0,3390440.0,30,200,6,6,2585.0,9.2,498,0,5,411525,3390490,497,0,6,-83.38
259301,411440.0,3390440.0,30,200,6,6,2585.0,9.2,498,0,5,411890,3387780,489,6,5,-114.0
259301,411440.0,3390440.0,30,200,6,6,2585.0,9.2,498,0,5,411860,3387830,490,0,6,-105.0
259301,411440.0,3390440.0,30,200,6,6,2585.0,9.2,498,0,5,411865,3387825,490,0,5,-106.93
259301,411440.0,3390440.0,30,200,6,6,2585.0,9.2,498,0,5,411870,3387840,491,0,5,-109.33
259301,411440.0,3390440.0,30,200,6,6,2585.0,9.2,498,0,5,411880,3387770,489,6,5,-115.2
259301,411440.0,3390440.0,30,200,6,6,2585.0,9.2,498,0,5,411850,3387820,490,0,6,-109.33
259301,411440.0,3390440.0,30,200,6,6,2585.0,9.2,498,0,5,411845,3387805,489,5,6,-102.5
259301,411440.0,3390440.0,30,200,6,6,2585.0,9.2,498,0,5,411875,3387835,490,0,5,-102.0
259301,411440.0,3390440.0,30,200,6,6,2585.0,9.2,498,0,5,411855,3387815,490,0,6,-103.38
259301,411440.0,3390440.0,30,200,6,6,2585.0,9.2,498,0,5,411640,3390830,492,0,5,-107.5
259301,411440.0,3390440.0,30,200,6,6,2585.0,9.2,498,0,5,411970,3388170,488,0,13,-91.0
259301,411440.0,3390440.0,30,200,6,6,2585.0,9.2,498,0,5,411570,3390485,496,21,12,-80.0
259301,411440.0,3390440.0,30,200,6,6,2585.0,9.2,498,0,5,411660,3390435,495,0,5,-75.17
259301,411440.0,3390440.0,30,200,6,6,2585.0,9.2,498,0,5,411610,3390445,496,0,5,-77.75
259301,411440.0,3390440.0,30,200,6,6,2585.0,9.2,498,0,5,411645,3390420,495,0,5,-76.25
259301,411440.0,3390440.0,30,200,6,6,2585.0,9.2,498,0,5,411650,3390405,495,0,13,-76.87
259301,411440.0,3390440.0,30,200,6,6,2585.0,9.2,498,0,5,411640,3390415,496,0,5,-73.11
259301,411440.0,3390440.0,30,200,6,6,2585.0,9.2,498,0,5,411675,3390430,495,0,5,-82.5
259301,411440.0,3390440.0,30,200,6,6,2585.0,9.2,498,0,5,411655,3390410,495,0,5,-75.87
259301,411440.0,3390440.0,30,200,6,6,2585.0,9.2,498,0,5,411615,3390450,496,6,5,-69.5
259301,411440.0,3390440.0,30,200,6,6,2585.0,9.2,498,0,5,411560,3390495,496,21,12,-89.0
259301,411440.0,3390440.0,30,200,6,6,2585.0,9.2,498,0,5,411575,3390490,496,21,12,-79.0
259301,411440.0,3390440.0,30,200,6,6,2585.0,9.2,498,0,5,411665,3390440,495,0,12,-73.0
259301,411440.0,3390440.0,30,200,6,6,2585.0,9.2,498,0,5,411670,3390425,495,0,5,-79.83
259301,411440.0,3390440.0,30,200,6,6,2585.0,9.2,498,0,5,411850,3387025,486,0,5,-108.33
259301,411440.0,3390440.0,30,200,6,6,2585.0,9.2,498,0,5,411720,3390405,495,0,12,-85.88
259301,411440.0,3390440.0,30,200,6,6,2585.0,9.2,498,0,5,411725,3390410,494,0,5,-81.38
259301,411440.0,3390440.0,30,200,6,6,2585.0,9.2,498,0,5,411860,3390305,493,0,5,-91.67
259301,411440.0,3390440.0,30,200,6,6,2585.0,9.2,498,0,5,411850,3390295,493,0,5,-105.0
259301,411440.0,3390440.0,30,200,6,6,2585.0,9.2,498,0,5,412105,3390230,496,0,5,-99.33
259301,411440.0,3390440.0,30,200,6,6,2585.0,9.2,498,0,5,412100,3390225,496,0,5,-103.33
259301,411440.0,3390440.0,30,200,6,6,2585.0,9.2,498,0,5,411865,3390310,493,0,5,-94.24
259301,411440.0,3390440.0,30,200,6,6,2585.0,9.2,498,0,5,412095,3390220,496,0,5,-92.0
259301,411440.0,3390440.0,30,200,6,6,2585.0,9.2,498,0,5,411855,3390300,493,0,6,-98.14
259301,411440.0,3390440.0,30,200,6,6,2585.0,9.2,498,0,5,411875,3390320,493,0,5,-87.96
259301,411440.0,3390440.0,30,200,6,6,2585.0,9.2,498,0,5,411870,3390315,493,0,5,-90.0
259301,411440.0,3390440.0,30,200,6,6,2585.0,9.2,498,0,5,412110,3390235,497,0,5,-100.5
259301,411440.0,3390440.0,30,200,6,6,2585.0,9.2,498,0,5,411735,3390420,494,0,5,-90.0
259301,411440.0,3390440.0,30,200,6,6,2585.0,9.2,498,0,5,411730,3390415,494,0,5,-85.75
259301,411440.0,3390440.0,30,200,6,6,2585.0,9.2,498,0,5,411650,3390385,496,0,5,-61.0
259301,411440.0,3390440.0,30,200,6,6,2585.0,9.2,498,0,5,411655,3390390,496,21,5,-70.33
259301,411440.0,3390440.0,30,200,6,6,2585.0,9.2,498,0,5,411640,3390395,496,21,5,-75.0
259301,411440.0,3390440.0,30,200,6,6,2585.0,9.2,498,0,5,411565,3390320,496,0,5,-85.2
259301,411440.0,3390440.0,30,200,6,6,2585.0,9.2,498,0,5,411645,3390400,496,21,13,-72.3
259301,411440.0,3390440.0,30,200,6,6,2585.0,9.2,498,0,5,411670,3390365,496,0,12,-85.25
259301,411440.0,3390440.0,30,200,6,6,2585.0,9.2,498,0,5,411665,3390380,496,0,5,-83.86
259301,411440.0,3390440.0,30,200,6,6,2585.0,9.2,498,0,5,411675,3390370,496,0,5,-94.5
259301,411440.0,3390440.0,30,200,6,6,2585.0,9.2,498,0,5,411560,3390315,496,0,5,-83.2
259301,411440.0,3390440.0,30,200,6,6,2585.0,9.2,498,0,5,412180,3387925,488,0,7,-98.5
259301,411440.0,3390440.0,30,200,6,6,2585.0,9.2,498,0,5,412005,3388175,488,0,13,-88.0
259301,411440.0,3390440.0,30,200,6,6,2585.0,9.2,498,0,5,412010,3388170,488,0,5,-95.83
259301,411440.0,3390440.0,30,200,6,6,2585.0,9.2,498,0,5,412015,3388165,487,0,13,-103.25
259301,411440.0,3390440.0,30,200,6,6,2585.0,9.2,498,0,5,411890,3387760,489,6,5,-117.0
259301,411440.0,3390440.0,30,200,6,6,2585.0,9.2,498,0,5,411895,3387755,489,6,5,-114.0
259301,411440.0,3390440.0,30,200,6,6,2585.0,9.2,498,0,5,411840,3387710,490,0,5,-111.0
259301,411440.0,3390440.0,30,200,6,6,2585.0,9.2,498,0,5,411845,3387705,490,0,13,-105.0
259301,411440.0,3390440.0,30,200,6,6,2585.0,9.2,498,0,5,411695,3387610,490,0,12,-115.33
259301,411440.0,3390440.0,30,200,6,6,2585.0,9.2,498,0,5,411675,3387750,489,0,5,-116.0
259301,411440.0,3390440.0,30,200,6,6,2585.0,9.2,498,0,5,411845,3387695,491,0,13,-105.0
259301,411440.0,3390440.0,30,200,6,6,2585.0,9.2,498,0,5,411540,3390605,496,0,5,-95.67
259301,411440.0,3390440.0,30,200,6,6,2585.0,9.2,498,0,5,411910,3390255,495,0,13,-86.5
259301,411440.0,3390440.0,30,200,6,6,2585.0,9.2,498,0,5,411885,3390270,494,72,5,-89.5
259301,411440.0,3390440.0,30,200,6,6,2585.0,9.2,498,0,5,411745,3390410,495,0,12,-87.5
259301,411440.0,3390440.0,30,200,6,6,2585.0,9.2,498,0,5,411545,3390610,495,0,5,-95.0
259301,411440.0,3390440.0,30,200,6,6,2585.0,9.2,498,0,5,412105,3390210,496,0,12,-96.5
259301,411440.0,3390440.0,30,200,6,6,2585.0,9.2,498,0,5,411855,3390320,493,0,5,-84.53
259301,411440.0,3390440.0,30,200,6,6,2585.0,9.2,498,0,5,412100,3390205,496,0,12,-98.67
259301,411440.0,3390440.0,30,200,6,6,2585.0,9.2,498,0,5,412110,3390215,497,0,12,-96.75
259301,411440.0,3390440.0,30,200,6,6,2585.0,9.2,498,0,5,412115,3390220,497,0,11,-91.29
259301,411440.0,3390440.0,30,200,6,6,2585.0,9.2,498,0,5,412085,3390230,496,0,5,-98.64
259301,411440.0,3390440.0,30,200,6,6,2585.0,9.2,498,0,5,411700,3390445,494,0,6,-98.0
259301,411440.0,3390440.0,30,200,6,6,2585.0,9.2,498,0,5,411845,3390310,493,0,6,-95.4
259301,411440.0,3390440.0,30,200,6,6,2585.0,9.2,498,0,5,411840,3390305,493,0,6,-91.86
259301,411440.0,3390440.0,30,200,6,6,2585.0,9.2,498,0,5,412090,3390235,496,0,5,-104.0
259301,411440.0,3390440.0,30,200,6,6,2585.0,9.2,498,0,5,411740,3390405,495,0,5,-88.0
259301,411440.0,3390440.0,30,200,6,6,2585.0,9.2,498,0,5,411720,3390425,494,12,5,-86.0
259301,411440.0,3390440.0,30,200,6,6,2585.0,9.2,498,0,5,411870,3390295,493,0,6,-94.0
259301,411440.0,3390440.0,30,200,6,6,2585.0,9.2,498,0,5,411875,3390300,493,0,5,-86.5
259301,411440.0,3390440.0,30,200,6,6,2585.0,9.2,498,0,5,411850,3390315,493,0,5,-86.3
259301,411440.0,3390440.0,30,200,6,6,2585.0,9.2,498,0,5,412200,3388080,485,15,7,-109.5
259301,411440.0,3390440.0,30,200,6,6,2585.0,9.2,498,0,5,411885,3387775,489,0,13,-114.08
259301,411440.0,3390440.0,30,200,6,6,2585.0,9.2,498,0,5,411850,3387810,490,0,6,-108.88
259301,411440.0,3390440.0,30,200,6,6,2585.0,9.2,498,0,5,411870,3387830,490,0,5,-106.42
259301,411440.0,3390440.0,30,200,6,6,2585.0,9.2,498,0,5,411855,3387805,489,0,6,-107.11
259301,411440.0,3390440.0,30,200,6,6,2585.0,9.2,498,0,5,411875,3387825,490,0,5,-105.0
259301,411440.0,3390440.0,30,200,6,6,2585.0,9.2,498,0,5,411865,3387835,490,0,5,-106.0
259301,411440.0,3390440.0,30,200,6,6,2585.0,9.2,498,0,5,411860,3387840,490,0,6,-105.5
259301,411440.0,3390440.0,30,200,6,6,2585.0,9.2,498,0,5,411880,3387780,489,0,5,-115.5
259301,411440.0,3390440.0,30,200,6,6,2585.0,9.2,498,0,5,411975,3390290,497,0,13,-96.8
259301,411440.0,3390440.0,30,200,6,6,2585.0,9.2,498,0,5,411970,3390285,497,0,13,-92.25
259301,411440.0,3390440.0,30,200,6,6,2585.0,9.2,498,0,5,411875,3390350,493,0,10,-96.17
259301,411440.0,3390440.0,30,200,6,6,2585.0,9.2,498,0,5,411845,3390340,493,0,6,-81.25
259301,411440.0,3390440.0,30,200,6,6,2585.0,9.2,498,0,5,412075,3390230,496,0,5,-95.0
259301,411440.0,3390440.0,30,200,6,6,2585.0,9.2,498,0,5,411850,3390325,493,0,5,-87.59
259301,411440.0,3390440.0,30,200,6,6,2585.0,9.2,498,0,5,411865,3390360,493,0,5,-112.6
259301,411440.0,3390440.0,30,200,6,6,2585.0,9.2,498,0,5,412060,3390235,496,0,5,-94.25
259301,411440.0,3390440.0,30,200,6,6,2585.0,9.2,498,0,5,412065,3390240,495,0,5,-96.56
259301,411440.0,3390440.0,30,200,6,6,2585.0,9.2,498,0,5,412070,3390225,496,0,5,-92.67
259301,411440.0,3390440.0,30,200,6,6,2585.0,9.2,498,0,5,411855,3390330,493,0,5,-84.81
259301,411440.0,3390440.0,30,200,6,6,2585.0,9.2,498,0,5,411870,3390345,493,0,10,-101.2
259301,411440.0,3390440.0,30,200,6,6,2585.0,9.2,498,0,5,411840,3390335,493,0,5,-82.57
259301,411440.0,3390440.0,30,200,6,6,2585.0,9.2,498,0,5,411940,3390275,496,0,13,-93.0
259301,411440.0,3390440.0,30,200,6,6,2585.0,9.2,498,0,5,411945,3390280,496,0,5,-90.67
259301,411440.0,3390440.0,30,200,6,6,2585.0,9.2,498,0,5,411960,3390295,496,0,13,-100.33
259301,411440.0,3390440.0,30,200,6,6,2585.0,9.2,498,0,5,411965,3390300,496,0,5,-97.0
259301,411440.0,3390440.0,30,200,6,6,2585.0,9.2,498,0,5,411820,3388170,488,0,5,-106.0
259301,411440.0,3390440.0,30,200,6,6,2585.0,9.2,498,0,5,411490,3390370,498,0,12,-88.0
259301,411440.0,3390440.0,30,200,6,6,2585.0,9.2,498,0,5,411500,3390400,498,0,12,-85.0
259301,411440.0,3390440.0,30,200,6,6,2585.0,9.2,498,0,5,411505,3390395,497,0,5,-85.45
259301,411440.0,3390440.0,30,200,6,6,2585.0,9.2,498,0,5,411510,3390390,497,0,5,-83.29
259301,411440.0,3390440.0,30,200,6,6,2585.0,9.2,498,0,5,411485,3390375,498,0,12,-83.5
259301,411440.0,3390440.0,30,200,6,6,2585.0,9.2,498,0,5,411515,3390385,497,21,12,-86.5
259301,411440.0,3390440.0,30,200,6,6,2585.0,9.2,498,0,5,411495,3390365,497,0,5,-87.5
259301,411440.0,3390440.0,30,200,6,6,2585.0,9.2,498,0,5,411935,3390310,495,0,6,-91.5
259301,411440.0,3390440.0,30,200,6,6,2585.0,9.2,498,0,5,411985,3390260,498,15,13,-97.0
259301,411440.0,3390440.0,30,200,6,6,2585.0,9.2,498,0,5,411960,3390275,497,0,5,-96.0
259301,411440.0,3390440.0,30,200,6,6,2585.0,9.2,498,0,5,411930,3390305,495,0,6,-81.0
259301,411440.0,3390440.0,30,200,6,6,2585.0,9.2,498,0,5,411945,3390300,495,0,13,-88.8
259301,411440.0,3390440.0,30,200,6,6,2585.0,9.2,498,0,5,411955,3390290,496,0,13,-94.09
259301,411440.0,3390440.0,30,200,6,6,2585.0,9.2,498,0,5,411975,3390270,497,0,5,-97.5
259301,411440.0,3390440.0,30,200,6,6,2585.0,9.2,498,0,5,411950,3390285,496,0,5,-94.67
259301,411440.0,3390440.0,30,200,6,6,2585.0,9.2,498,0,5,411880,3390355,493,0,5,-101.0
259301,411440.0,3390440.0,30,200,6,6,2585.0,9.2,498,0,5,411875,3390370,493,0,5,-94.5
259301,411440.0,3390440.0,30,200,6,6,2585.0,9.2,498,0,5,411965,3390280,497,0,5,-93.5
259301,411440.0,3390440.0,30,200,6,6,2585.0,9.2,498,0,5,411795,3390450,494,0,5,-103.5
259301,411440.0,3390440.0,30,200,6,6,2585.0,9.2,498,0,5,411940,3390295,495,0,5,-94.33
259301,411440.0,3390440.0,30,200,6,6,2585.0,9.2,498,0,5,412090,3388155,485,0,2,-95.0
259301,411440.0,3390440.0,30,200,6,6,2585.0,9.2,498,0,5,411710,3387735,489,0,5,-112.5
259301,411440.0,3390440.0,30,200,6,6,2585.0,9.2,498,0,5,411995,3388175,488,0,13,-94.0
259301,411440.0,3390440.0,30,200,6,6,2585.0,9.2,498,0,5,411980,3388170,488,0,5,-93.0
259301,411440.0,3390440.0,30,200,6,6,2585.0,9.2,498,0,5,411985,3388165,488,0,5,-94.6
259301,411440.0,3390440.0,30,200,6,6,2585.0,9.2,498,0,5,411855,3387605,488,0,5,-98.67
259301,411440.0,3390440.0,30,200,6,6,2585.0,9.2,498,0,5,412400,3388170,485,0,7,-101.0
259301,411440.0,3390440.0,30,200,6,6,2585.0,9.2,498,0,5,411510,3390380,497,21,5,-80.0
259301,411440.0,3390440.0,30,200,6,6,2585.0,9.2,498,0,5,411490,3390400,498,12,6,-86.0
259301,411440.0,3390440.0,30,200,6,6,2585.0,9.2,498,0,5,411485,3390385,498,12,6,-86.0
259301,411440.0,3390440.0,30,200,6,6,2585.0,9.2,498,0,5,411495,3390395,498,0,12,-86.0
259301,411440.0,3390440.0,30,200,6,6,2585.0,9.2,498,0,5,411515,3390375,497,21,12,-89.5
259301,411440.0,3390440.0,30,200,6,6,2585.0,9.2,498,0,5,411930,3390290,495,0,5,-92.25
259301,411440.0,3390440.0,30,200,6,6,2585.0,9.2,498,0,5,411985,3390275,497,0,5,-95.13
259301,411440.0,3390440.0,30,200,6,6,2585.0,9.2,498,0,5,411880,3390340,493,0,10,-98.33
259301,411440.0,3390440.0,30,200,6,6,2585.0,9.2,498,0,5,411895,3390325,493,0,10,-86.0
259301,411440.0,3390440.0,30,200,6,6,2585.0,9.2,498,0,5,411995,3390265,497,0,13,-92.0
259301,411440.0,3390440.0,30,200,6,6,2585.0,9.2,498,0,5,411925,3390295,495,0,6,-90.13
259301,411440.0,3390440.0,30,200,6,6,2585.0,9.2,498,0,5,411855,3390365,494,0,6,-97.5
259301,411440.0,3390440.0,30,200,6,6,2585.0,9.2,498,0,5,411990,3390270,497,0,5,-94.14
259301,411440.0,3390440.0,30,200,6,6,2585.0,9.2,498,0,5,411980,3390280,497,0,13,-93.5
259301,411440.0,3390440.0,30,200,6,6,2585.0,9.2,498,0,5,411920,3390300,494,0,5,-86.0
259301,411440.0,3390440.0,30,200,6,6,2585.0,9.2,498,0,5,411935,3390285,495,0,5,-88.5
259301,411440.0,3390440.0,30,200,6,6,2585.0,9.2,498,0,5,411750,3390510,493,21,5,-112.33
259301,411440.0,3390440.0,30,200,6,6,2585.0,9.2,498,0,5,411850,3390370,494,0,5,-89.0
259301,411440.0,3390440.0,30,200,6,6,2585.0,9.2,498,0,5,411885,3390335,493,0,10,-98.33
259301,411440.0,3390440.0,30,200,6,6,2585.0,9.2,498,0,5,411025,3388740,490,18,5,-98.0
259301,411440.0,3390440.0,30,200,6,6,2585.0,9.2,498,0,5,411005,3388760,491,36,6,-104.5
259301,411440.0,3390440.0,30,200,6,6,2585.0,9.2,498,0,5,411030,3390650,498,0,13,-107.5
259301,411440.0,3390440.0,30,200,6,6,2585.0,9.2,498,0,5,411975,3388175,489,0,5,-93.0
259301,411440.0,3390440.0,30,200,6,6,2585.0,9.2,498,0,5,411020,3388765,491,0,6,-101.5
259301,411440.0,3390440.0,30,200,6,6,2585.0,9.2,498,0,5,411030,3388775,492,0,5,-98.33
259301,411440.0,3390440.0,30,200,6,6,2585.0,9.2,498,0,5,412120,3388180,483,0,2,-95.33
259301,411440.0,3390440.0,30,200,6,6,2585.0,9.2,498,0,5,412125,3388175,483,0,2,-92.56
259301,411440.0,3390440.0,30,200,6,6,2585.0,9.2,498,0,5,412080,3388220,485,0,6,-93.0
259301,411440.0,3390440.0,30,200,6,6,2585.0,9.2,498,0,5,412130,3388170,483,0,2,-95.56
259301,411440.0,3390440.0,30,200,6,6,2585.0,9.2,498,0,5,412135,3388165,483,0,5,-93.43
259301,411440.0,3390440.0,30,200,6,6,2585.0,9.2,498,0,5,411795,3390370,495,12,12,-86.5
259301,411440.0,3390440.0,30,200,6,6,2585.0,9.2,498,0,5,411790,3390365,494,0,12,-88.8
259301,411440.0,3390440.0,30,200,6,6,2585.0,9.2,498,0,5,411820,3390335,493,0,5,-83.95
259301,411440.0,3390440.0,30,200,6,6,2585.0,9.2,498,0,5,411835,3390330,493,0,5,-83.75
259301,411440.0,3390440.0,30,200,6,6,2585.0,9.2,498,0,5,411805,3390360,494,0,5,-82.17
259301,411440.0,3390440.0,30,200,6,6,2585.0,9.2,498,0,5,411810,3390345,494,0,5,-82.81
259301,411440.0,3390440.0,30,200,6,6,2585.0,9.2,498,0,5,411830,3390325,493,0,5,-85.13
259301,411440.0,3390440.0,30,200,6,6,2585.0,9.2,498,0,5,411680,3390315,496,0,5,-106.5
259301,411440.0,3390440.0,30,200,6,6,2585.0,9.2,498,0,5,411825,3390340,493,0,5,-81.35
259301,411440.0,3390440.0,30,200,6,6,2585.0,9.2,498,0,5,411695,3390310,496,0,12,-107.6
259301,411440.0,3390440.0,30,200,6,6,2585.0,9.2,498,0,5,411800,3390355,494,0,12,-84.73
259301,411440.0,3390440.0,30,200,6,6,2585.0,9.2,498,0,5,411780,3390375,495,12,12,-87.67
259301,411440.0,3390440.0,30,200,6,6,2585.0,9.2,498,0,5,411685,3390320,496,0,5,-100.0
259301,411440.0,3390440.0,30,200,6,6,2585.0,9.2,498,0,5,411770,3390385,495,0,12,-90.0
259301,411440.0,3390440.0,30,200,6,6,2585.0,9.2,498,0,5,411700,3390295,496,0,5,-110.33
259301,411440.0,3390440.0,30,200,6,6,2585.0,9.2,498,0,5,411815,3390350,494,0,5,-83.67
259301,411440.0,3390440.0,30,200,6,6,2585.0,9.2,498,0,5,411905,3387895,492,0,5,-112.0
259301,411440.0,3390440.0,30,200,6,6,2585.0,9.2,498,0,5,411735,3387745,489,0,13,-112.5
259301,411440.0,3390440.0,30,200,6,6,2585.0,9.2,498,0,5,411865,3387855,491,0,6,-103.33
259301,411440.0,3390440.0,30,200,6,6,2585.0,9.2,498,0,5,411870,3387850,491,0,13,-106.89
259301,411440.0,3390440.0,30,200,6,6,2585.0,9.2,498,0,5,411875,3387845,491,0,13,-104.2
259301,411440.0,3390440.0,30,200,6,6,2585.0,9.2,498,0,5,411855,3388190,488,0,5,-102.0
259301,411440.0,3390440.0,30,200,6,6,2585.0,9.2,498,0,5,412415,3388170,485,0,7,-103.0
259301,411440.0,3390440.0,30,200,6,6,2585.0,9.2,498,0,5,412410,3388165,485,0,7,-99.0
259301,411440.0,3390440.0,30,200,6,6,2585.0,9.2,498,0,5,411450,3390535,497,0,13,-90.5
259301,411440.0,3390440.0,30,200,6,6,2585.0,9.2,498,0,5,411485,3390490,497,0,13,-86.54
259301,411440.0,3390440.0,30,200,6,6,2585.0,9.2,498,0,5,411490,3390495,497,0,5,-86.0
259301,411440.0,3390440.0,30,200,6,6,2585.0,9.2,498,0,5,411395,3390480,497,0,12,-107.0
259301,411440.0,3390440.0,30,200,6,6,2585.0,9.2,498,0,5,411480,3390485,497,0,13,-83.7
259301,411440.0,3390440.0,30,200,6,6,2585.0,9.2,498,0,5,411500,3390505,497,27,13,-87.0
259301,411440.0,3390440.0,30,200,6,6,2585.0,9.2,498,0,5,412160,3388165,482,0,7,-101.0
259301,411440.0,3390440.0,30,200,6,6,2585.0,9.2,498,0,5,412170,3388175,483,0,7,-99.57
259301,411440.0,3390440.0,30,200,6,6,2585.0,9.2,498,0,5,412165,3388170,482,0,7,-99.93
259301,411440.0,3390440.0,30,200,6,6,2585.0,9.2,498,0,5,412175,3388180,483,0,7,-101.0
259301,411440.0,3390440.0,30,200,6,6,2585.0,9.2,498,0,5,411025,3388785,492,0,5,-95.0
259301,411440.0,3390440.0,30,200,6,6,2585.0,9.2,498,0,5,412380,3388175,485,0,7,-101.5
259301,411440.0,3390440.0,30,200,6,6,2585.0,9.2,498,0,5,411640,3390845,492,0,2,-98.0
259301,411440.0,3390440.0,30,200,6,6,2585.0,9.2,498,0,5,411505,3390570,496,0,12,-90.33
259301,411440.0,3390440.0,30,200,6,6,2585.0,9.2,498,0,5,411470,3390615,498,0,6,-116.0
259301,411440.0,3390440.0,30,200,6,6,2585.0,9.2,498,0,5,411500,3390565,496,0,12,-88.0
259301,411440.0,3390440.0,30,200,6,6,2585.0,9.2,498,0,5,411850,3387605,487,0,5,-106.0
259301,411440.0,3390440.0,30,200,6,6,2585.0,9.2,498,0,5,412170,3387915,489,0,7,-93.5
259301,411440.0,3390440.0,30,200,6,6,2585.0,9.2,498,0,5,412175,3387920,488,0,7,-96.0
259301,411440.0,3390440.0,30,200,6,6,2585.0,9.2,498,0,5,412390,3388015,484,0,14,-99.0
259301,411440.0,3390440.0,30,200,6,6,2585.0,9.2,498,0,5,412165,3387910,489,0,7,-91.0
259301,411440.0,3390440.0,30,200,6,6,2585.0,9.2,498,0,5,412395,3387715,485,0,7,-107.0
259301,411440.0,3390440.0,30,200,6,6,2585.0,9.2,498,0,5,412365,3387685,482,0,7,-102.0
259301,411440.0,3390440.0,30,200,6,6,2585.0,9.2,498,0,5,411585,3390415,496,21,5,-75.5
259301,411440.0,3390440.0,30,200,6,6,2585.0,9.2,498,0,5,412075,3390245,496,0,5,-95.0
259301,411440.0,3390440.0,30,200,6,6,2585.0,9.2,498,0,5,411525,3390475,497,0,5,-80.94
259301,411440.0,3390440.0,30,200,6,6,2585.0,9.2,498,0,5,411520,3390480,497,0,6,-82.0
259301,411440.0,3390440.0,30,200,6,6,2585.0,9.2,498,0,5,411560,3390440,496,21,12,-80.7
259301,411440.0,3390440.0,30,200,6,6,2585.0,9.2,498,0,5,411535,3390465,497,0,12,-78.62
259301,411440.0,3390440.0,30,200,6,6,2585.0,9.2,498,0,5,411530,3390470,497,0,12,-79.16
259301,411440.0,3390440.0,30,200,6,6,2585.0,9.2,498,0,5,411545,3390455,497,0,5,-78.98
259301,411440.0,3390440.0,30,200,6,6,2585.0,9.2,498,0,5,411540,3390460,497,0,5,-80.7
259301,411440.0,3390440.0,30,200,6,6,2585.0,9.2,498,0,5,412070,3390250,495,0,5,-97.5
259301,411440.0,3390440.0,30,200,6,6,2585.0,9.2,498,0,5,411550,3390450,497,0,5,-78.66
259301,411440.0,3390440.0,30,200,6,6,2585.0,9.2,498,0,5,412065,3390255,495,0,5,-100.67
259301,411440.0,3390440.0,30,200,6,6,2585.0,9.2,498,0,5,411565,3390435,496,21,12,-82.82
259301,411440.0,3390440.0,30,200,6,6,2585.0,9.2,498,0,5,411570,3390430,496,21,5,-81.0
259301,411440.0,3390440.0,30,200,6,6,2585.0,9.2,498,0,5,411555,3390445,497,0,5,-80.62
259301,411440.0,3390440.0,30,200,6,6,2585.0,9.2,498,0,5,411580,3390420,496,21,5,-86.25
259301,411440.0,3390440.0,30,200,6,6,2585.0,9.2,498,0,5,411575,3390425,496,0,5,-82.57
259301,411440.0,3390440.0,30,200,6,6,2585.0,9.2,498,0,5,411805,3387745,490,0,5,-110.43
259301,411440.0,3390440.0,30,200,6,6,2585.0,9.2,498,0,5,412050,3388160,487,0,5,-100.25
259301,411440.0,3390440.0,30,200,6,6,2585.0,9.2,498,0,5,412055,3388155,487,0,5,-98.0
259301,411440.0,3390440.0,30,200,6,6,2585.0,9.2,498,0,5,412025,3388085,488,0,5,-111.5
259301,411440.0,3390440.0,30,200,6,6,2585.0,9.2,498,0,5,411835,3387735,490,0,6,-105.86
259301,411440.0,3390440.0,30,200,6,6,2585.0,9.2,498,0,5,411830,3387740,490,0,6,-105.5
259301,411440.0,3390440.0,30,200,6,6,2585.0,9.2,498,0,5,411800,3387750,490,0,12,-110.67
259301,411440.0,3390440.0,30,200,6,6,2585.0,9.2,498,0,5,411345,3390505,497,0,12,-101.5
259301,411440.0,3390440.0,30,200,6,6,2585.0,9.2,498,0,5,411355,3390515,497,0,12,-100.67
259301,411440.0,3390440.0,30,200,6,6,2585.0,9.2,498,0,5,411350,3390520,497,0,12,-94.75
259301,411440.0,3390440.0,30,200,6,6,2585.0,9.2,498,0,5,411745,3390420,494,0,6,-93.25
259301,411440.0,3390440.0,30,200,6,6,2585.0,9.2,498,0,5,411565,3390600,495,0,5,-85.0
259301,411440.0,3390440.0,30,200,6,6,2585.0,9.2,498,0,5,412125,3390200,496,0,5,-93.0
259301,411440.0,3390440.0,30,200,6,6,2585.0,9.2,498,0,5,412120,3390195,496,0,5,-99.0
259301,411440.0,3390440.0,30,200,6,6,2585.0,9.2,498,0,5,412080,3390235,496,0,5,-96.29
259301,411440.0,3390440.0,30,200,6,6,2585.0,9.2,498,0,5,412100,3390215,496,0,12,-98.5
259301,411440.0,3390440.0,30,200,6,6,2585.0,9.2,498,0,5,412105,3390220,496,0,5,-97.63
259301,411440.0,3390440.0,30,200,6,6,2585.0,9.2,498,0,5,412090,3390225,496,0,5,-101.63
259301,411440.0,3390440.0,30,200,6,6,2585.0,9.2,498,0,5,412115,3390210,497,0,12,-102.86
259301,411440.0,3390440.0,30,200,6,6,2585.0,9.2,498,0,5,411855,3390310,493,0,5,-99.25
259301,411440.0,3390440.0,30,200,6,6,2585.0,9.2,498,0,5,412110,3390205,496,0,12,-97.0
259301,411440.0,3390440.0,30,200,6,6,2585.0,9.2,498,0,5,411850,3390305,493,0,6,-100.43
259301,411440.0,3390440.0,30,200,6,6,2585.0,9.2,498,0,5,412095,3390230,496,0,5,-100.71
259301,411440.0,3390440.0,30,200,6,6,2585.0,9.2,498,0,5,411540,3390615,495,0,5,-93.0
259301,411440.0,3390440.0,30,200,6,6,2585.0,9.2,498,0,5,412085,3390240,496,0,11,-94.33
259301,411440.0,3390440.0,30,200,6,6,2585.0,9.2,498,0,5,411845,3390320,493,0,6,-86.93
259301,411440.0,3390440.0,30,200,6,6,2585.0,9.2,498,0,5,411740,3390415,494,0,6,-93.0
259301,411440.0,3390440.0,30,200,6,6,2585.0,9.2,498,0,5,411755,3390410,495,0,5,-100.0
259301,411440.0,3390440.0,30,200,6,6,2585.0,9.2,498,0,5,411730,3390425,494,0,5,-89.4
259301,411440.0,3390440.0,30,200,6,6,2585.0,9.2,498,0,5,411865,3390300,493,0,6,-94.83
259301,411440.0,3390440.0,30,200,6,6,2585.0,9.2,498,0,5,411840,3390315,493,0,6,-94.6
259301,411440.0,3390440.0,30,200,6,6,2585.0,9.2,498,0,5,411415,3390500,497,0,5,-93.4
259301,411440.0,3390440.0,30,200,6,6,2585.0,9.2,498,0,5,411450,3390455,498,15,13,-85.5
259301,411440.0,3390440.0,30,200,6,6,2585.0,9.2,498,0,5,411375,3390540,497,0,5,-96.8
259301,411440.0,3390440.0,30,200,6,6,2585.0,9.2,498,0,5,411360,3390525,497,0,12,-97.22
259301,411440.0,3390440.0,30,200,6,6,2585.0,9.2,498,0,5,411470,3390475,498,15,5,-84.92
259301,411440.0,3390440.0,30,200,6,6,2585.0,9.2,498,0,5,411410,3390495,497,0,5,-93.0
259301,411440.0,3390440.0,30,200,6,6,2585.0,9.2,498,0,5,411365,3390530,497,0,12,-97.57
259301,411440.0,3390440.0,30,200,6,6,2585.0,9.2,498,0,5,411435,3390520,497,0,6,-88.33
259301,411440.0,3390440.0,30,200,6,6,2585.0,9.2,498,0,5,411515,3390440,497,0,12,-82.34
259301,411440.0,3390440.0,30,200,6,6,2585.0,9.2,498,0,5,411505,3390430,497,15,5,-83.43
259301,411440.0,3390440.0,30,200,6,6,2585.0,9.2,498,0,5,411510,3390435,497,15,12,-82.88
259301,411440.0,3390440.0,30,200,6,6,2585.0,9.2,498,0,5,411425,3390510,497,0,6,-98.53
259301,411440.0,3390440.0,30,200,6,6,2585.0,9.2,498,0,5,411495,3390420,498,15,6,-86.0
259301,411440.0,3390440.0,30,200,6,6,2585.0,9.2,498,0,5,411420,3390505,497,0,5,-94.97
259301,411440.0,3390440.0,30,200,6,6,2585.0,9.2,498,0,5,411475,3390480,498,0,5,-86.41
259301,411440.0,3390440.0,30,200,6,6,2585.0,9.2,498,0,5,411370,3390535,497,0,5,-97.29
259301,411440.0,3390440.0,30,200,6,6,2585.0,9.2,498,0,5,411465,3390470,498,15,5,-87.0
259301,411440.0,3390440.0,30,200,6,6,2585.0,9.2,498,0,5,411405,3390490,497,0,5,-94.5
259301,411440.0,3390440.0,30,200,6,6,2585.0,9.2,498,0,5,411460,3390465,498,15,13,-85.4
259301,411440.0,3390440.0,30,200,6,6,2585.0,9.2,498,0,5,411430,3390515,497,0,6,-94.5
259301,411440.0,3390440.0,30,200,6,6,2585.0,9.2,498,0,5,412525,3388205,487,0,10,-99.5
259301,411440.0,3390440.0,30,200,6,6,2585.0,9.2,498,0,5,412480,3388170,486,0,5,-102.0
259301,411440.0,3390440.0,30,200,6,6,2585.0,9.2,498,0,5,412490,3388180,486,0,2,-105.0
259301,411440.0,3390440.0,30,200,6,6,2585.0,9.2,498,0,5,412495,3388175,486,0,2,-101.0
259301,411440.0,3390440.0,30,200,6,6,2585.0,9.2,498,0,5,412485,3388165,486,0,2,-97.0
259301,411440.0,3390440.0,30,200,6,6,2585.0,9.2,498,0,5,412505,3388185,486,0,2,-97.0
259301,411440.0,3390440.0,30,200,6,6,2585.0,9.2,498,0,5,411700,3387610,490,0,12,-118.0
259301,411440.0,3390440.0,30,200,6,6,2585.0,9.2,498,0,5,411705,3387605,490,15,12,-116.0
259301,411440.0,3390440.0,30,200,6,6,2585.0,9.2,498,0,5,412200,3388175,484,0,7,-104.33
259301,411440.0,3390440.0,30,200,6,6,2585.0,9.2,498,0,5,411775,3390380,495,12,12,-89.0
259301,411440.0,3390440.0,30,200,6,6,2585.0,9.2,498,0,5,411695,3390300,496,0,12,-96.5
259301,411440.0,3390440.0,30,200,6,6,2585.0,9.2,498,0,5,411710,3390315,496,0,5,-103.2
259301,411440.0,3390440.0,30,200,6,6,2585.0,9.2,498,0,5,411820,3390345,494,0,5,-83.79
259301,411440.0,3390440.0,30,200,6,6,2585.0,9.2,498,0,5,411760,3390365,495,0,5,-87.0
259301,411440.0,3390440.0,30,200,6,6,2585.0,9.2,498,0,5,411810,3390335,493,0,5,-83.69
259301,411440.0,3390440.0,30,200,6,6,2585.0,9.2,498,0,5,411805,3390330,493,0,5,-86.0
259301,411440.0,3390440.0,30,200,6,6,2585.0,9.2,498,0,5,411815,3390340,493,0,5,-90.03
259301,411440.0,3390440.0,30,200,6,6,2585.0,9.2,498,0,5,411715,3390320,496,0,5,-99.8
259301,411440.0,3390440.0,30,200,6,6,2585.0,9.2,498,0,5,411825,3390350,494,0,5,-82.0
259301,411440.0,3390440.0,30,200,6,6,2585.0,9.2,498,0,5,411690,3390295,496,0,12,-106.6
259301,411440.0,3390440.0,30,200,6,6,2585.0,9.2,498,0,5,411770,3390375,495,0,12,-85.67
259301,411440.0,3390440.0,30,200,6,6,2585.0,9.2,498,0,5,411765,3390370,495,0,12,-86.67
259301,411440.0,3390440.0,30,200,6,6,2585.0,9.2,498,0,5,411705,3390310,496,0,5,-100.5
259301,411440.0,3390440.0,30,200,6,6,2585.0,9.2,498,0,5,411800,3390325,493,27,5,-90.5
259301,411440.0,3390440.0,30,200,6,6,2585.0,9.2,498,0,5,411680,3390285,496,0,12,-95.0
259301,411440.0,3390440.0,30,200,6,6,2585.0,9.2,498,0,5,411830,3390355,494,0,5,-89.2
259301,411440.0,3390440.0,30,200,6,6,2585.0,9.2,498,0,5,412970,3387710,487,0,10,-107.0
259301,411440.0,3390440.0,30,200,6,6,2585.0,9.2,498,0,5,411825,3390380,494,0,5,-104.0
259301,411440.0,3390440.0,30,200,6,6,2585.0,9.2,498,0,5,411830,3390365,494,15,5,-86.0
259301,411440.0,3390440.0,30,200,6,6,2585.0,9.2,498,0,5,411795,3390330,493,27,5,-89.5
259301,411440.0,3390440.0,30,200,6,6,2585.0,9.2,498,0,5,411790,3390325,493,0,5,-82.0
259301,411440.0,3390440.0,30,200,6,6,2585.0,9.2,498,0,5,411760,3390355,495,0,5,-86.08
259301,411440.0,3390440.0,30,200,6,6,2585.0,9.2,498,0,5,411720,3390315,496,0,5,-102.0
259301,411440.0,3390440.0,30,200,6,6,2585.0,9.2,498,0,5,411785,3390340,494,0,5,-93.57
259301,411440.0,3390440.0,30,200,6,6,2585.0,9.2,498,0,5,411725,3390320,496,0,5,-94.63
259301,411440.0,3390440.0,30,200,6,6,2585.0,9.2,498,0,5,411770,3390345,494,0,5,-89.0
259301,411440.0,3390440.0,30,200,6,6,2585.0,9.2,498,0,5,411775,3390350,494,0,5,-87.46
259301,411440.0,3390440.0,30,200,6,6,2585.0,9.2,498,0,5,411780,3390335,494,0,5,-101.75
259301,411440.0,3390440.0,30,200,6,6,2585.0,9.2,498,0,5,411765,3390360,495,0,5,-82.7
259301,411440.0,3390440.0,30,200,6,6,2585.0,9.2,498,0,5,411835,3390355,494,0,5,-73.5
259301,411440.0,3390440.0,30,200,6,6,2585.0,9.2,498,0,5,411685,3390285,496,0,12,-101.67
259301,411440.0,3390440.0,30,200,6,6,2585.0,9.2,498,0,5,411825,3390345,493,0,5,-83.27
259301,411440.0,3390440.0,30,200,6,6,2585.0,9.2,498,0,5,411765,3390365,495,0,12,-83.6
259301,411440.0,3390440.0,30,200,6,6,2585.0,9.2,498,0,5,411715,3390315,496,0,5,-101.67
259301,411440.0,3390440.0,30,200,6,6,2585.0,9.2,498,0,5,411710,3390320,496,0,5,-104.67
259301,411440.0,3390440.0,30,200,6,6,2585.0,9.2,498,0,5,411815,3390335,493,0,5,-87.2
259301,411440.0,3390440.0,30,200,6,6,2585.0,9.2,498,0,5,411805,3390325,493,27,5,-83.8
259301,411440.0,3390440.0,30,200,6,6,2585.0,9.2,498,0,5,411820,3390350,494,0,5,-80.05
259301,411440.0,3390440.0,30,200,6,6,2585.0,9.2,498,0,5,411760,3390370,495,0,12,-88.89
259301,411440.0,3390440.0,30,200,6,6,2585.0,9.2,498,0,5,411810,3390340,493,0,5,-86.52
259301,411440.0,3390440.0,30,200,6,6,2585.0,9.2,498,0,5,411700,3390310,496,0,12,-101.75
259301,411440.0,3390440.0,30,200,6,6,2585.0,9.2,498,0,5,411705,3390305,496,0,5,-101.0
259301,411440.0,3390440.0,30,200,6,6,2585.0,9.2,498,0,5,411800,3390330,493,27,5,-91.86
259301,411440.0,3390440.0,30,200,6,6,2585.0,9.2,498,0,5,411680,3390290,496,0,12,-97.5
259301,411440.0,3390440.0,30,200,6,6,2585.0,9.2,498,0,5,411770,3390380,495,12,12,-85.67
259301,411440.0,3390440.0,30,200,6,6,2585.0,9.2,498,0,5,411825,3387675,490,0,6,-107.0
259301,411440.0,3390440.0,30,200,6,6,2585.0,9.2,498,0,5,411990,3388150,488,0,5,-105.0
259301,411440.0,3390440.0,30,200,6,6,2585.0,9.2,498,0,5,411820,3387680,491,0,6,-117.0
259301,411440.0,3390440.0,30,200,6,6,2585.0,9.2,498,0,5,411655,3390360,496,0,5,-89.5
259301,411440.0,3390440.0,30,200,6,6,2585.0,9.2,498,0,5,411605,3390390,496,0,12,-81.67
259301,411440.0,3390440.0,30,200,6,6,2585.0,9.2,498,0,5,411610,3390395,496,0,12,-79.0
259301,411440.0,3390440.0,30,200,6,6,2585.0,9.2,498,0,5,411575,3390280,496,0,5,-101.5
259301,411440.0,3390440.0,30,200,6,6,2585.0,9.2,498,0,5,412095,3388165,485,0,2,-96.75
259301,411440.0,3390440.0,30,200,6,6,2585.0,9.2,498,0,5,412090,3388170,485,0,2,-95.24
259301,411440.0,3390440.0,30,200,6,6,2585.0,9.2,498,0,5,412085,3388175,485,0,2,-93.96
259301,411440.0,3390440.0,30,200,6,6,2585.0,9.2,498,0,5,412080,3388180,485,0,2,-99.67
259301,411440.0,3390440.0,30,200,6,6,2585.0,9.2,498,0,5,412060,3388175,486,0,5,-95.75
259301,411440.0,3390440.0,30,200,6,6,2585.0,9.2,498,0,5,412045,3388200,486,0,5,-94.0
259301,411440.0,3390440.0,30,200,6,6,2585.0,9.2,498,0,5,412070,3388165,486,0,2,-92.94
259301,411440.0,3390440.0,30,200,6,6,2585.0,9.2,498,0,5,412075,3388170,486,0,2,-94.35
259301,411440.0,3390440.0,30,200,6,6,2585.0,9.2,498,0,5,412050,3388185,486,0,5,-94.5
259301,411440.0,3390440.0,30,200,6,6,2585.0,9.2,498,0,5,412105,3388180,484,0,2,-93.5
259301,411440.0,3390440.0,30,200,6,6,2585.0,9.2,498,0,5,412100,3388175,484,0,2,-93.93
259301,411440.0,3390440.0,30,200,6,6,2585.0,9.2,498,0,5,412115,3388170,484,0,2,-95.64
259301,411440.0,3390440.0,30,200,6,6,2585.0,9.2,498,0,5,412110,3388165,484,0,2,-97.75
259301,411440.0,3390440.0,30,200,6,6,2585.0,9.2,498,0,5,411785,3390400,495,12,5,-92.0
259301,411440.0,3390440.0,30,200,6,6,2585.0,9.2,498,0,5,411765,3390380,495,0,12,-87.5
259301,411440.0,3390440.0,30,200,6,6,2585.0,9.2,498,0,5,411815,3390330,493,0,5,-88.07
259301,411440.0,3390440.0,30,200,6,6,2585.0,9.2,498,0,5,411770,3390365,495,0,12,-83.07
259301,411440.0,3390440.0,30,200,6,6,2585.0,9.2,498,0,5,411685,3390300,496,0,12,-96.75
259301,411440.0,3390440.0,30,200,6,6,2585.0,9.2,498,0,5,411700,3390315,496,0,12,-103.33
259301,411440.0,3390440.0,30,200,6,6,2585.0,9.2,498,0,5,411705,3390320,496,0,12,-103.33
259301,411440.0,3390440.0,30,200,6,6,2585.0,9.2,498,0,5,411715,3390310,496,0,5,-100.5
259301,411440.0,3390440.0,30,200,6,6,2585.0,9.2,498,0,5,411830,3390345,493,0,5,-84.07
259301,411440.0,3390440.0,30,200,6,6,2585.0,9.2,498,0,5,411820,3390355,494,0,5,-89.0
259301,411440.0,3390440.0,30,200,6,6,2585.0,9.2,498,0,5,411800,3390335,493,0,5,-94.0
259301,411440.0,3390440.0,30,200,6,6,2585.0,9.2,498,0,5,411775,3390370,495,0,12,-85.14
259301,411440.0,3390440.0,30,200,6,6,2585.0,9.2,498,0,5,411805,3390340,493,0,5,-87.3
259301,411440.0,3390440.0,30,200,6,6,2585.0,9.2,498,0,5,411760,3390375,495,0,12,-82.25
259301,411440.0,3390440.0,30,200,6,6,2585.0,9.2,498,0,5,411810,3390325,493,27,5,-84.29
259301,411440.0,3390440.0,30,200,6,6,2585.0,9.2,498,0,5,411835,3390350,494,0,5,-83.33
259301,411440.0,3390440.0,30,200,6,6,2585.0,9.2,498,0,5,412085,3388165,485,0,2,-96.92
259301,411440.0,3390440.0,30,200,6,6,2585.0,9.2,498,0,5,412095,3388175,485,0,2,-93.76
259301,411440.0,3390440.0,30,200,6,6,2585.0,9.2,498,0,5,412080,3388170,485,0,2,-93.87
259301,411440.0,3390440.0,30,200,6,6,2585.0,9.2,498,0,5,411535,3390450,497,0,5,-79.0
259301,411440.0,3390440.0,30,200,6,6,2585.0,9.2,498,0,5,411550,3390465,497,0,12,-79.84
259301,411440.0,3390440.0,30,200,6,6,2585.0,9.2,498,0,5,411545,3390480,497,0,5,-80.85
259301,411440.0,3390440.0,30,200,6,6,2585.0,9.2,498,0,5,411585,3390440,496,0,5,-78.72
259301,411440.0,3390440.0,30,200,6,6,2585.0,9.2,498,0,5,412055,3390250,495,0,5,-83.4
259301,411440.0,3390440.0,30,200,6,6,2585.0,9.2,498,0,5,411580,3390435,496,0,12,-79.86
259301,411440.0,3390440.0,30,200,6,6,2585.0,9.2,498,0,5,411520,3390455,497,0,12,-80.35
259301,411440.0,3390440.0,30,200,6,6,2585.0,9.2,498,0,5,411525,3390460,497,0,12,-80.47
259301,411440.0,3390440.0,30,200,6,6,2585.0,9.2,498,0,5,411540,3390475,497,0,12,-78.19
259301,411440.0,3390440.0,30,200,6,6,2585.0,9.2,498,0,5,411530,3390445,497,0,12,-78.72
259301,411440.0,3390440.0,30,200,6,6,2585.0,9.2,498,0,5,412050,3390245,496,0,5,-97.55
259301,411440.0,3390440.0,30,200,6,6,2585.0,9.2,498,0,5,411595,3390430,496,0,12,-75.21
259301,411440.0,3390440.0,30,200,6,6,2585.0,9.2,498,0,5,412045,3390260,496,0,13,-112.5
259301,411440.0,3390440.0,30,200,6,6,2585.0,9.2,498,0,5,411590,3390425,496,21,12,-76.3
259301,411440.0,3390440.0,30,200,6,6,2585.0,9.2,498,0,5,411555,3390470,497,21,5,-82.44
259301,411440.0,3390440.0,30,200,6,6,2585.0,9.2,498,0,5,412160,3390315,498,63,5,-101.5
259301,411440.0,3390440.0,30,200,6,6,2585.0,9.2,498,0,5,412145,3388175,482,0,6,-101.63
259301,411440.0,3390440.0,30,200,6,6,2585.0,9.2,498,0,5,412150,3388170,482,0,6,-97.89
259301,411440.0,3390440.0,30,200,6,6,2585.0,9.2,498,0,5,412525,3388180,487,0,10,-101.22
259301,411440.0,3390440.0,30,200,6,6,2585.0,9.2,498,0,5,412520,3388175,487,0,10,-101.67
259301,411440.0,3390440.0,30,200,6,6,2585.0,9.2,498,0,5,411870,3387795,489,0,5,-108.67
259301,411440.0,3390440.0,30,200,6,6,2585.0,9.2,498,0,5,411855,3387780,489,0,5,-108.14
259301,411440.0,3390440.0,30,200,6,6,2585.0,9.2,498,0,5,411860,3387785,489,0,5,-106.4
259301,411440.0,3390440.0,30,200,6,6,2585.0,9.2,498,0,5,411850,3387775,489,0,6,-110.25
259301,411440.0,3390440.0,30,200,6,6,2585.0,9.2,498,0,5,411865,3387790,489,0,5,-103.75
259301,411440.0,3390440.0,30,200,6,6,2585.0,9.2,498,0,5,411845,3387770,489,0,6,-112.0
259301,411440.0,3390440.0,30,200,6,6,2585.0,9.2,498,0,5,411875,3387800,490,0,13,-101.0
259301,411440.0,3390440.0,30,200,6,6,2585.0,9.2,498,0,5,411880,3387805,490,6,13,-106.0
259301,411440.0,3390440.0,30,200,6,6,2585.0,9.2,498,0,5,411505,3390445,497,15,6,-83.0
259301,411440.0,3390440.0,30,200,6,6,2585.0,9.2,498,0,5,411365,3390505,497,0,5,-102.33
259301,411440.0,3390440.0,30,200,6,6,2585.0,9.2,498,0,5,411480,3390470,498,0,5,-86.6
259301,411440.0,3390440.0,30,200,6,6,2585.0,9.2,498,0,5,411395,3390495,497,0,12,-103.0
259301,411440.0,3390440.0,30,200,6,6,2585.0,9.2,498,0,5,411485,3390465,498,15,13,-85.2
259301,411440.0,3390440.0,30,200,6,6,2585.0,9.2,498,0,5,411390,3390500,497,0,12,-97.0
259301,411440.0,3390440.0,30,200,6,6,2585.0,9.2,498,0,5,411490,3390480,497,0,13,-84.78
259301,411440.0,3390440.0,30,200,6,6,2585.0,9.2,498,0,5,411495,3390475,498,0,13,-85.34
259301,411440.0,3390440.0,30,200,6,6,2585.0,9.2,498,0,5,411510,3390460,497,15,6,-81.89
259301,411440.0,3390440.0,30,200,6,6,2585.0,9.2,498,0,5,411375,3390515,497,0,5,-92.13
259301,411440.0,3390440.0,30,200,6,6,2585.0,9.2,498,0,5,411360,3390510,497,0,5,-96.0
259301,411440.0,3390440.0,30,200,6,6,2585.0,9.2,498,0,5,411515,3390455,497,0,6,-81.96
259301,411440.0,3390440.0,30,200,6,6,2585.0,9.2,498,0,5,411370,3390520,497,0,5,-93.56
259301,411440.0,3390440.0,30,200,6,6,2585.0,9.2,498,0,5,411385,3390485,497,0,12,-102.33
259301,411440.0,3390440.0,30,200,6,6,2585.0,9.2,498,0,5,411380,3390490,497,0,5,-116.0
259301,411440.0,3390440.0,30,200,6,6,2585.0,9.2,498,0,5,411685,3390430,495,0,12,-92.0
259301,411440.0,3390440.0,30,200,6,6,2585.0,9.2,498,0,5,411905,3390290,494,0,5,-103.0
259301,411440.0,3390440.0,30,200,6,6,2585.0,9.2,498,0,5,411895,3390320,493,0,10,-86.75
259301,411440.0,3390440.0,30,200,6,6,2585.0,9.2,498,0,5,411700,3390405,495,0,5,-88.3
259301,411440.0,3390440.0,30,200,6,6,2585.0,9.2,498,0,5,411705,3390410,495,12,5,-87.5
259301,411440.0,3390440.0,30,200,6,6,2585.0,9.2,498,0,5,411680,3390425,495,0,5,-89.25
259301,411440.0,3390440.0,30,200,6,6,2585.0,9.2,498,0,5,411880,3390305,493,0,5,-90.0
259301,411440.0,3390440.0,30,200,6,6,2585.0,9.2,498,0,5,411925,3390350,494,0,5,-97.5
259301,411440.0,3390440.0,30,200,6,6,2585.0,9.2,498,0,5,411915,3390300,494,0,5,-89.14
259301,411440.0,3390440.0,30,200,6,6,2585.0,9.2,498,0,5,412140,3390205,497,0,5,-96.0
259301,411440.0,3390440.0,30,200,6,6,2585.0,9.2,498,0,5,412120,3390225,497,0,11,-94.0
259301,411440.0,3390440.0,30,200,6,6,2585.0,9.2,498,0,5,411710,3390415,494,0,12,-84.33
259301,411440.0,3390440.0,30,200,6,6,2585.0,9.2,498,0,5,411690,3390435,494,0,12,-92.75
259301,411440.0,3390440.0,30,200,6,6,2585.0,9.2,498,0,5,411695,3390440,494,12,5,-93.0
259301,411440.0,3390440.0,30,200,6,6,2585.0,9.2,498,0,5,411855,3390280,493,0,5,-102.5
259301,411440.0,3390440.0,30,200,6,6,2585.0,9.2,498,0,5,411885,3390310,493,0,5,-87.0
259301,411440.0,3390440.0,30,200,6,6,2585.0,9.2,498,0,5,412145,3390210,497,6,5,-97.0
259301,411440.0,3390440.0,30,200,6,6,2585.0,9.2,498,0,5,411910,3390295,494,0,5,-93.7
259301,411440.0,3390440.0,30,200,6,6,2585.0,9.2,498,0,5,411890,3390315,493,0,5,-89.13
259301,411440.0,3390440.0,30,200,6,6,2585.0,9.2,498,0,5,411485,3390525,497,27,13,-88.0
259301,411440.0,3390440.0,30,200,6,6,2585.0,9.2,498,0,5,411435,3390475,498,0,5,-95.4
259301,411440.0,3390440.0,30,200,6,6,2585.0,9.2,498,0,5,411445,3390485,498,0,13,-89.5
259301,411440.0,3390440.0,30,200,6,6,2585.0,9.2,498,0,5,411425,3390465,498,0,13,-95.0
259301,411440.0,3390440.0,30,200,6,6,2585.0,9.2,498,0,5,411440,3390490,497,0,13,-91.41
259301,411440.0,3390440.0,30,200,6,6,2585.0,9.2,498,0,5,411465,3390505,497,0,5,-89.78
259301,411440.0,3390440.0,30,200,6,6,2585.0,9.2,498,0,5,411455,3390495,497,0,5,-86.78
259301,411440.0,3390440.0,30,200,6,6,2585.0,9.2,498,0,5,411450,3390500,497,0,5,-89.06
259301,411440.0,3390440.0,30,200,6,6,2585.0,9.2,498,0,5,411460,3390510,497,0,13,-88.5
259301,411440.0,3390440.0,30,200,6,6,2585.0,9.2,498,0,5,411505,3390545,496,0,5,-88.0
259301,411440.0,3390440.0,30,200,6,6,2585.0,9.2,498,0,5,411430,3390480,498,0,5,-100.4
259301,411440.0,3390440.0,30,200,6,6,2585.0,9.2,498,0,5,411565,3390380,496,21,5,-78.5
259301,411440.0,3390440.0,30,200,6,6,2585.0,9.2,498,0,5,411555,3390350,496,0,5,-81.75
259301,411440.0,3390440.0,30,200,6,6,2585.0,9.2,498,0,5,411550,3390345,496,21,5,-82.64
259301,411440.0,3390440.0,30,200,6,6,2585.0,9.2,498,0,5,411585,3390400,496,0,5,-80.0
259301,411440.0,3390440.0,30,200,6,6,2585.0,9.2,498,0,5,411660,3390315,496,21,5,-85.5
259301,411440.0,3390440.0,30,200,6,6,2585.0,9.2,498,0,5,411655,3390290,496,6,5,-101.0
259301,411440.0,3390440.0,30,200,6,6,2585.0,9.2,498,0,5,412320,3387665,480,0,7,-95.5
259301,411440.0,3390440.0,30,200,6,6,2585.0,9.2,498,0,5,411470,3390435,498,15,13,-86.67
259301,411440.0,3390440.0,30,200,6,6,2585.0,9.2,498,0,5,411485,3390450,498,0,5,-83.86
259301,411440.0,3390440.0,30,200,6,6,2585.0,9.2,498,0,5,411515,3390480,497,0,5,-82.72
259301,411440.0,3390440.0,30,200,6,6,2585.0,9.2,498,0,5,411405,3390530,497,0,12,-110.67
259301,411440.0,3390440.0,30,200,6,6,2585.0,9.2,498,0,5,411510,3390475,497,0,5,-81.78
259301,411440.0,3390440.0,30,200,6,6,2585.0,9.2,498,0,5,411395,3390520,497,0,12,-95.73
259301,411440.0,3390440.0,30,200,6,6,2585.0,9.2,498,0,5,411505,3390470,497,0,5,-83.07
259301,411440.0,3390440.0,30,200,6,6,2585.0,9.2,498,0,5,411495,3390460,498,15,13,-84.24
259301,411440.0,3390440.0,30,200,6,6,2585.0,9.2,498,0,5,411385,3390510,497,0,12,-100.7
259301,411440.0,3390440.0,30,200,6,6,2585.0,9.2,498,0,5,411500,3390465,498,15,5,-84.84
259301,411440.0,3390440.0,30,200,6,6,2585.0,9.2,498,0,5,411390,3390515,497,0,12,-91.75
259301,411440.0,3390440.0,30,200,6,6,2585.0,9.2,498,0,5,411400,3390525,497,0,5,-94.43
259301,411440.0,3390440.0,30,200,6,6,2585.0,9.2,498,0,5,411475,3390440,498,15,5,-95.75
259301,411440.0,3390440.0,30,200,6,6,2585.0,9.2,498,0,5,411490,3390455,498,15,13,-90.67
259301,411440.0,3390440.0,30,200,6,6,2585.0,9.2,498,0,5,411265,3388455,499,0,6,-105.67
259301,411440.0,3390440.0,30,200,6,6,2585.0,9.2,498,0,5,411555,3390480,497,21,5,-83.29
259301,411440.0,3390440.0,30,200,6,6,2585.0,9.2,498,0,5,411545,3390470,497,0,12,-79.7
259301,411440.0,3390440.0,30,200,6,6,2585.0,9.2,498,0,5,411590,3390435,496,0,12,-81.17
259301,411440.0,3390440.0,30,200,6,6,2585.0,9.2,498,0,5,412040,3390245,496,0,5,-90.4
259301,411440.0,3390440.0,30,200,6,6,2585.0,9.2,498,0,5,411595,3390440,496,0,5,-77.14
259301,411440.0,3390440.0,30,200,6,6,2585.0,9.2,498,0,5,411530,3390455,497,0,12,-79.69
259301,411440.0,3390440.0,30,200,6,6,2585.0,9.2,498,0,5,411585,3390430,496,0,12,-76.5
259301,411440.0,3390440.0,30,200,6,6,2585.0,9.2,498,0,5,411520,3390445,497,0,12,-81.57
259301,411440.0,3390440.0,30,200,6,6,2585.0,9.2,498,0,5,411540,3390465,497,0,12,-79.78
259301,411440.0,3390440.0,30,200,6,6,2585.0,9.2,498,0,5,411525,3390450,497,0,12,-81.1
259301,411440.0,3390440.0,30,200,6,6,2585.0,9.2,498,0,5,411535,3390460,497,0,12,-78.04
259301,411440.0,3390440.0,30,200,6,6,2585.0,9.2,498,0,5,412045,3390250,496,0,5,-91.0
259301,411440.0,3390440.0,30,200,6,6,2585.0,9.2,498,0,5,411575,3390420,496,0,5,-79.5
259301,411440.0,3390440.0,30,200,6,6,2585.0,9.2,498,0,5,412050,3390255,496,0,5,-86.0
259301,411440.0,3390440.0,30,200,6,6,2585.0,9.2,498,0,5,411550,3390475,497,0,5,-80.82
259301,411440.0,3390440.0,30,200,6,6,2585.0,9.2,498,0,5,411580,3390425,496,21,5,-77.11
259301,411440.0,3390440.0,30,200,6,6,2585.0,9.2,498,0,5,412060,3390265,495,0,5,-103.5
259301,411440.0,3390440.0,30,200,6,6,2585.0,9.2,498,0,5,411560,3390405,496,21,5,-81.0
259301,411440.0,3390440.0,30,200,6,6,2585.0,9.2,498,0,5,411730,3390410,494,0,5,-79.67
259301,411440.0,3390440.0,30,200,6,6,2585.0,9.2,498,0,5,411535,3390605,496,15,13,-93.0
259301,411440.0,3390440.0,30,200,6,6,2585.0,9.2,498,0,5,411685,3390455,494,0,6,-92.5
259301,411440.0,3390440.0,30,200,6,6,2585.0,9.2,498,0,5,412115,3390225,497,0,11,-106.5
259301,411440.0,3390440.0,30,200,6,6,2585.0,9.2,498,0,5,412110,3390230,497,0,5,-105.0
259301,411440.0,3390440.0,30,200,6,6,2585.0,9.2,498,0,5,411865,3390315,493,0,5,-86.54
259301,411440.0,3390440.0,30,200,6,6,2585.0,9.2,498,0,5,412085,3390215,496,0,5,-104.0
259301,411440.0,3390440.0,30,200,6,6,2585.0,9.2,498,0,5,412080,3390220,496,0,5,-105.0
259301,411440.0,3390440.0,30,200,6,6,2585.0,9.2,498,0,5,411870,3390310,493,0,5,-91.38
259301,411440.0,3390440.0,30,200,6,6,2585.0,9.2,498,0,5,411875,3390305,493,0,5,-83.8
259301,411440.0,3390440.0,30,200,6,6,2585.0,9.2,498,0,5,411860,3390320,493,0,5,-88.4
259301,411440.0,3390440.0,30,200,6,6,2585.0,9.2,498,0,5,412100,3390240,496,15,5,-103.0
259301,411440.0,3390440.0,30,200,6,6,2585.0,9.2,498,0,5,411725,3390415,494,0,5,-90.8
259301,411440.0,3390440.0,30,200,6,6,2585.0,9.2,498,0,5,412105,3388165,484,0,2,-95.5
259301,411440.0,3390440.0,30,200,6,6,2585.0,9.2,498,0,5,412115,3388175,484,0,2,-94.33
259301,411440.0,3390440.0,30,200,6,6,2585.0,9.2,498,0,5,412100,3388170,484,0,2,-94.61
259301,411440.0,3390440.0,30,200,6,6,2585.0,9.2,498,0,5,411660,3390890,492,6,6,-107.0
259301,411440.0,3390440.0,30,200,6,6,2585.0,9.2,498,0,5,412055,3388200,486,0,2,-95.5
259301,411440.0,3390440.0,30,200,6,6,2585.0,9.2,498,0,5,412060,3388165,486,0,5,-95.8
259301,411440.0,3390440.0,30,200,6,6,2585.0,9.2,498,0,5,412065,3388170,486,0,5,-96.91
259301,411440.0,3390440.0,30,200,6,6,2585.0,9.2,498,0,5,412070,3388175,486,0,2,-92.67
259301,411440.0,3390440.0,30,200,6,6,2585.0,9.2,498,0,5,411840,3390350,493,0,5,-85.2
259301,411440.0,3390440.0,30,200,6,6,2585.0,9.2,498,0,5,411980,3390290,497,0,13,-97.0
259301,411440.0,3390440.0,30,200,6,6,2585.0,9.2,498,0,5,411845,3390345,493,0,6,-88.0
259301,411440.0,3390440.0,30,200,6,6,2585.0,9.2,498,0,5,412070,3390220,496,0,5,-97.0
259301,411440.0,3390440.0,30,200,6,6,2585.0,9.2,498,0,5,411875,3390335,493,0,10,-94.5
259301,411440.0,3390440.0,30,200,6,6,2585.0,9.2,498,0,5,411860,3390330,493,0,5,-84.39
259301,411440.0,3390440.0,30,200,6,6,2585.0,9.2,498,0,5,412055,3390235,496,0,5,-93.0
259301,411440.0,3390440.0,30,200,6,6,2585.0,9.2,498,0,5,411865,3390325,493,0,5,-84.6
259301,411440.0,3390440.0,30,200,6,6,2585.0,9.2,498,0,5,412050,3390240,496,0,5,-93.33
259301,411440.0,3390440.0,30,200,6,6,2585.0,9.2,498,0,5,411870,3390340,493,0,10,-97.8
259301,411440.0,3390440.0,30,200,6,6,2585.0,9.2,498,0,5,411760,3390430,494,0,5,-95.0
259301,411440.0,3390440.0,30,200,6,6,2585.0,9.2,498,0,5,412175,3387945,487,0,7,-98.0
259301,411440.0,3390440.0,30,200,6,6,2585.0,9.2,498,0,5,411345,3390530,497,0,12,-98.73
259301,411440.0,3390440.0,30,200,6,6,2585.0,9.2,498,0,5,411330,3390555,497,0,5,-115.0
259301,411440.0,3390440.0,30,200,6,6,2585.0,9.2,498,0,5,411350,3390535,497,0,12,-97.79
259301,411440.0,3390440.0,30,200,6,6,2585.0,9.2,498,0,5,411355,3390540,497,0,12,-101.14
259301,411440.0,3390440.0,30,200,6,6,2585.0,9.2,498,0,5,411340,3390525,497,0,6,-97.62
259301,411440.0,3390440.0,30,200,6,6,2585.0,9.2,498,0,5,411875,3387780,489,0,5,-115.4
259301,411440.0,3390440.0,30,200,6,6,2585.0,9.2,498,0,5,411880,3387825,490,0,13,-107.0
259301,411440.0,3390440.0,30,200,6,6,2585.0,9.2,498,0,5,411855,3387800,489,0,6,-109.67
259301,411440.0,3390440.0,30,200,6,6,2585.0,9.2,498,0,5,411870,3387775,489,0,13,-112.67
259301,411440.0,3390440.0,30,200,6,6,2585.0,9.2,498,0,5,411845,3387790,489,0,6,-103.33
259301,411440.0,3390440.0,30,200,6,6,2585.0,9.2,498,0,5,411610,3390320,496,0,5,-90.0
259301,411440.0,3390440.0,30,200,6,6,2585.0,9.2,498,0,5,411520,3390390,497,21,12,-86.5
259301,411440.0,3390440.0,30,200,6,6,2585.0,9.2,498,0,5,411580,3390330,496,0,5,-86.78
259301,411440.0,3390440.0,30,200,6,6,2585.0,9.2,498,0,5,411585,3390325,496,0,5,-85.67
259301,411440.0,3390440.0,30,200,6,6,2585.0,9.2,498,0,5,411595,3390335,496,21,5,-96.0
259301,411440.0,3390440.0,30,200,6,6,2585.0,9.2,498,0,5,411590,3390340,496,0,5,-91.25
259301,411440.0,3390440.0,30,200,6,6,2585.0,9.2,498,0,5,411565,3390345,496,0,5,-85.17
259301,411440.0,3390440.0,30,200,6,6,2585.0,9.2,498,0,5,411940,3388170,488,0,6,-98.0
259301,411440.0,3390440.0,30,200,6,6,2585.0,9.2,498,0,5,412545,3388175,488,0,10,-101.67
259301,411440.0,3390440.0,30,200,6,6,2585.0,9.2,498,0,5,412540,3388180,487,0,10,-101.5
259301,411440.0,3390440.0,30,200,6,6,2585.0,9.2,498,0,5,412535,3388185,487,0,10,-104.0
259301,411440.0,3390440.0,30,200,6,6,2585.0,9.2,498,0,5,412175,3388175,483,0,7,-101.33
259301,411440.0,3390440.0,30,200,6,6,2585.0,9.2,498,0,5,412160,3388170,482,0,7,-97.8
259301,411440.0,3390440.0,30,200,6,6,2585.0,9.2,498,0,5,411870,3387725,489,0,13,-117.0
259301,411440.0,3390440.0,30,200,6,6,2585.0,9.2,498,0,5,411845,3387760,489,0,6,-111.33
259301,411440.0,3390440.0,30,200,6,6,2585.0,9.2,498,0,5,411850,3387745,490,0,13,-110.0
259301,411440.0,3390440.0,30,200,6,6,2585.0,9.2,498,0,5,411855,3387750,489,0,13,-103.5
259301,411440.0,3390440.0,30,200,6,6,2585.0,9.2,498,0,5,411635,3388170,491,0,5,-93.0
259301,411440.0,3390440.0,30,200,6,6,2585.0,9.2,498,0,5,411565,3390405,496,21,5,-94.33
259301,411440.0,3390440.0,30,200,6,6,2585.0,9.2,498,0,5,411575,3390415,496,0,5,-79.0
259301,411440.0,3390440.0,30,200,6,6,2585.0,9.2,498,0,5,411570,3390420,496,0,5,-87.0
259301,411440.0,3390440.0,30,200,6,6,2585.0,9.2,498,0,5,411585,3390425,496,21,5,-82.09
259301,411440.0,3390440.0,30,200,6,6,2585.0,9.2,498,0,5,411520,3390450,497,0,12,-80.28
259301,411440.0,3390440.0,30,200,6,6,2585.0,9.2,498,0,5,411550,3390480,497,0,5,-84.4
259301,411440.0,3390440.0,30,200,6,6,2585.0,9.2,498,0,5,411580,3390430,496,0,12,-80.17
259301,411440.0,3390440.0,30,200,6,6,2585.0,9.2,498,0,5,411535,3390455,497,0,12,-80.04
259301,411440.0,3390440.0,30,200,6,6,2585.0,9.2,498,0,5,411595,3390435,496,0,5,-76.56
259301,411440.0,3390440.0,30,200,6,6,2585.0,9.2,498,0,5,411540,3390470,497,0,12,-78.84
259301,411440.0,3390440.0,30,200,6,6,2585.0,9.2,498,0,5,412040,3390250,496,0,5,-95.67
259301,411440.0,3390440.0,30,200,6,6,2585.0,9.2,498,0,5,411545,3390465,497,0,12,-79.02
259301,411440.0,3390440.0,30,200,6,6,2585.0,9.2,498,0,5,412050,3390260,495,0,5,-93.0
259301,411440.0,3390440.0,30,200,6,6,2585.0,9.2,498,0,5,411530,3390460,497,0,12,-79.43
259301,411440.0,3390440.0,30,200,6,6,2585.0,9.2,498,0,5,411525,3390445,497,0,12,-81.74
259301,411440.0,3390440.0,30,200,6,6,2585.0,9.2,498,0,5,412045,3390245,496,0,5,-93.64
259301,411440.0,3390440.0,30,200,6,6,2585.0,9.2,498,0,5,411555,3390475,497,21,5,-87.0
259301,411440.0,3390440.0,30,200,6,6,2585.0,9.2,498,0,5,411590,3390440,496,0,5,-79.62
259301,411440.0,3390440.0,30,200,6,6,2585.0,9.2,498,0,5,411750,3390330,495,27,12,-92.33
259301,411440.0,3390440.0,30,200,6,6,2585.0,9.2,498,0,5,411755,3390325,495,27,12,-89.0
259301,411440.0,3390440.0,30,200,6,6,2585.0,9.2,498,0,5,411680,3390400,495,0,5,-77.25
259301,411440.0,3390440.0,30,200,6,6,2585.0,9.2,498,0,5,411745,3390335,495,27,5,-86.67
259301,411440.0,3390440.0,30,200,6,6,2585.0,9.2,498,0,5,411685,3390395,495,0,5,-81.07
259301,411440.0,3390440.0,30,200,6,6,2585.0,9.2,498,0,5,411705,3390375,495,21,5,-82.93
259301,411440.0,3390440.0,30,200,6,6,2585.0,9.2,498,0,5,411720,3390360,495,21,5,-86.92
259301,411440.0,3390440.0,30,200,6,6,2585.0,9.2,498,0,5,411690,3390390,495,0,5,-83.16
259301,411440.0,3390440.0,30,200,6,6,2585.0,9.2,498,0,5,411695,3390385,495,0,5,-79.0
259301,411440.0,3390440.0,30,200,6,6,2585.0,9.2,498,0,5,411730,3390350,495,0,5,-92.5
259301,411440.0,3390440.0,30,200,6,6,2585.0,9.2,498,0,5,411740,3390340,495,27,5,-89.25
259301,411440.0,3390440.0,30,200,6,6,2585.0,9.2,498,0,5,411715,3390365,495,0,6,-81.33
259301,411440.0,3390440.0,30,200,6,6,2585.0,9.2,498,0,5,411725,3390355,495,0,5,-91.41
259301,411440.0,3390440.0,30,200,6,6,2585.0,9.2,498,0,5,411710,3390370,495,0,6,-83.18
259301,411440.0,3390440.0,30,200,6,6,2585.0,9.2,498,0,5,411700,3390380,495,21,5,-82.12
259301,411440.0,3390440.0,30,200,6,6,2585.0,9.2,498,0,5,411735,3390345,495,0,5,-89.33
259301,411440.0,3390440.0,30,200,6,6,2585.0,9.2,498,0,5,411350,3390525,497,0,12,-98.2
259301,411440.0,3390440.0,30,200,6,6,2585.0,9.2,498,0,5,411330,3390545,497,0,5,-98.0
259301,411440.0,3390440.0,30,200,6,6,2585.0,9.2,498,0,5,411340,3390535,497,0,6,-99.64
259301,411440.0,3390440.0,30,200,6,6,2585.0,9.2,498,0,5,411355,3390530,497,0,12,-98.42
259301,411440.0,3390440.0,30,200,6,6,2585.0,9.2,498,0,5,411345,3390540,497,0,6,-99.63
259301,411440.0,3390440.0,30,200,6,6,2585.0,9.2,498,0,5,412000,3390245,497,15,5,-96.5
259301,411440.0,3390440.0,30,200,6,6,2585.0,9.2,498,0,5,411530,3390415,497,21,5,-83.5
259301,411440.0,3390440.0,30,200,6,6,2585.0,9.2,498,0,5,411580,3390465,496,21,5,-82.43
259301,411440.0,3390440.0,30,200,6,6,2585.0,9.2,498,0,5,411550,3390435,497,21,5,-81.55
259301,411440.0,3390440.0,30,200,6,6,2585.0,9.2,498,0,5,412020,3390265,496,0,5,-98.5
259301,411440.0,3390440.0,30,200,6,6,2585.0,9.2,498,0,5,411565,3390450,496,0,5,-79.32
259301,411440.0,3390440.0,30,200,6,6,2585.0,9.2,498,0,5,411590,3390475,496,0,12,-76.67
259301,411440.0,3390440.0,30,200,6,6,2585.0,9.2,498,0,5,411600,3390485,496,0,6,-87.0
259301,411440.0,3390440.0,30,200,6,6,2585.0,9.2,498,0,5,412025,3390270,496,0,5,-104.5
259301,411440.0,3390440.0,30,200,6,6,2585.0,9.2,498,0,5,411545,3390430,497,21,5,-79.14
259301,411440.0,3390440.0,30,200,6,6,2585.0,9.2,498,0,5,412015,3390260,497,0,5,-90.82
259301,411440.0,3390440.0,30,200,6,6,2585.0,9.2,498,0,5,411570,3390455,496,0,5,-79.82
259301,411440.0,3390440.0,30,200,6,6,2585.0,9.2,498,0,5,412005,3390250,497,15,5,-86.0
259301,411440.0,3390440.0,30,200,6,6,2585.0,9.2,498,0,5,411525,3390410,497,21,12,-83.0
259301,411440.0,3390440.0,30,200,6,6,2585.0,9.2,498,0,5,411520,3390405,497,21,12,-83.55
259301,411440.0,3390440.0,30,200,6,6,2585.0,9.2,498,0,5,411555,3390440,496,21,5,-78.0
259301,411440.0,3390440.0,30,200,6,6,2585.0,9.2,498,0,5,411575,3390460,496,21,5,-79.4
259301,411440.0,3390440.0,30,200,6,6,2585.0,9.2,498,0,5,411585,3390470,496,21,5,-82.4
259301,411440.0,3390440.0,30,200,6,6,2585.0,9.2,498,0,5,411535,3390420,497,21,5,-82.0
259301,411440.0,3390440.0,30,200,6,6,2585.0,9.2,498,0,5,411540,3390425,497,21,12,-82.0
259301,411440.0,3390440.0,30,200,6,6,2585.0,9.2,498,0,5,411560,3390445,496,0,12,-80.67
259301,411440.0,3390440.0,30,200,6,6,2585.0,9.2,498,0,5,411860,3387645,489,18,12,-115.5
259301,411440.0,3390440.0,30,200,6,6,2585.0,9.2,498,0,5,411875,3387785,489,6,5,-114.0
259301,411440.0,3390440.0,30,200,6,6,2585.0,9.2,498,0,5,411870,3387790,489,6,5,-114.0
259301,411440.0,3390440.0,30,200,6,6,2585.0,9.2,498,0,5,411850,3387770,489,0,6,-114.5
259301,411440.0,3390440.0,30,200,6,6,2585.0,9.2,498,0,5,411865,3387795,489,0,5,-109.33
259301,411440.0,3390440.0,30,200,6,6,2585.0,9.2,498,0,5,411855,3387765,489,0,5,-110.25
259301,411440.0,3390440.0,30,200,6,6,2585.0,9.2,498,0,5,411860,3387800,489,0,5,-106.6
259301,411440.0,3390440.0,30,200,6,6,2585.0,9.2,498,0,5,411845,3387775,489,0,6,-104.5
259301,411440.0,3390440.0,30,200,6,6,2585.0,9.2,498,0,5,411880,3387820,490,0,13,-107.0
259301,411440.0,3390440.0,30,200,6,6,2585.0,9.2,498,0,5,411865,3387655,489,0,12,-112.5
259301,411440.0,3390440.0,30,200,6,6,2585.0,9.2,498,0,5,411860,3387660,489,0,12,-117.33
259301,411440.0,3390440.0,30,200,6,6,2585.0,9.2,498,0,5,411580,3390415,496,0,5,-84.5
259301,411440.0,3390440.0,30,200,6,6,2585.0,9.2,498,0,5,411595,3390410,496,0,5,-78.0
259301,411440.0,3390440.0,30,200,6,6,2585.0,9.2,498,0,5,411570,3390425,496,21,5,-84.75
259301,411440.0,3390440.0,30,200,6,6,2585.0,9.2,498,0,5,411585,3390420,496,21,5,-80.44
259301,411440.0,3390440.0,30,200,6,6,2585.0,9.2,498,0,5,411565,3390440,496,0,12,-81.0
259301,411440.0,3390440.0,30,200,6,6,2585.0,9.2,498,0,5,411575,3390430,496,0,12,-80.95
259301,411440.0,3390440.0,30,200,6,6,2585.0,9.2,498,0,5,411535,3390470,497,0,12,-79.72
259301,411440.0,3390440.0,30,200,6,6,2585.0,9.2,498,0,5,411555,3390450,497,0,5,-78.04
259301,411440.0,3390440.0,30,200,6,6,2585.0,9.2,498,0,5,411530,3390465,497,0,12,-79.62
259301,411440.0,3390440.0,30,200,6,6,2585.0,9.2,498,0,5,411545,3390460,497,0,12,-79.77
259301,411440.0,3390440.0,30,200,6,6,2585.0,9.2,498,0,5,411540,3390455,497,0,5,-79.32
259301,411440.0,3390440.0,30,200,6,6,2585.0,9.2,498,0,5,412070,3390245,495,0,5,-93.4
259301,411440.0,3390440.0,30,200,6,6,2585.0,9.2,498,0,5,411520,3390475,497,0,6,-81.41
259301,411440.0,3390440.0,30,200,6,6,2585.0,9.2,498,0,5,411560,3390435,496,21,5,-84.27
259301,411440.0,3390440.0,30,200,6,6,2585.0,9.2,498,0,5,411550,3390445,497,0,5,-79.81
259301,411440.0,3390440.0,30,200,6,6,2585.0,9.2,498,0,5,411525,3390480,497,0,6,-80.0
259301,411440.0,3390440.0,30,200,6,6,2585.0,9.2,498,0,5,412060,3390255,495,0,5,-93.5
259301,411440.0,3390440.0,30,200,6,6,2585.0,9.2,498,0,5,411845,3387030,486,0,5,-111.0
259301,411440.0,3390440.0,30,200,6,6,2585.0,9.2,498,0,5,411500,3390570,496,0,12,-91.0
259301,411440.0,3390440.0,30,200,6,6,2585.0,9.2,498,0,5,411485,3390585,497,0,12,-93.5
259301,411440.0,3390440.0,30,200,6,6,2585.0,9.2,498,0,5,411510,3390580,496,15,5,-91.5
259301,411440.0,3390440.0,30,200,6,6,2585.0,9.2,498,0,5,412385,3387685,483,0,7,-103.0
259301,411440.0,3390440.0,30,200,6,6,2585.0,9.2,498,0,5,411670,3390330,496,6,5,-101.67
259301,411440.0,3390440.0,30,200,6,6,2585.0,9.2,498,0,5,411615,3390385,496,0,12,-80.67
259301,411440.0,3390440.0,30,200,6,6,2585.0,9.2,498,0,5,411645,3390355,496,6,13,-108.0
259301,411440.0,3390440.0,30,200,6,6,2585.0,9.2,498,0,5,411545,3390295,496,0,5,-98.33
259301,411440.0,3390440.0,30,200,6,6,2585.0,9.2,498,0,5,412080,3388175,485,0,2,-93.16
259301,411440.0,3390440.0,30,200,6,6,2585.0,9.2,498,0,5,412095,3388170,485,0,2,-94.6
259301,411440.0,3390440.0,30,200,6,6,2585.0,9.2,498,0,5,412090,3388165,485,0,2,-92.83
259301,411440.0,3390440.0,30,200,6,6,2585.0,9.2,498,0,5,412085,3388180,485,0,2,-95.25
259301,411440.0,3390440.0,30,200,6,6,2585.0,9.2,498,0,5,411810,3390390,495,12,5,-105.0
259301,411440.0,3390440.0,30,200,6,6,2585.0,9.2,498,0,5,411755,3390285,494,0,2,-102.0
259301,411440.0,3390440.0,30,200,6,6,2585.0,9.2,498,0,5,411785,3390335,494,0,5,-98.13
259301,411440.0,3390440.0,30,200,6,6,2585.0,9.2,498,0,5,411790,3390330,494,0,5,-101.67
259301,411440.0,3390440.0,30,200,6,6,2585.0,9.2,498,0,5,411775,3390345,494,0,5,-84.67
259301,411440.0,3390440.0,30,200,6,6,2585.0,9.2,498,0,5,411765,3390355,495,0,5,-88.0
259301,411440.0,3390440.0,30,200,6,6,2585.0,9.2,498,0,5,411760,3390360,495,0,5,-87.57
259301,411440.0,3390440.0,30,200,6,6,2585.0,9.2,498,0,5,411780,3390340,494,0,5,-86.55
259301,411440.0,3390440.0,30,200,6,6,2585.0,9.2,498,0,5,411770,3390350,494,0,5,-86.77
259301,411440.0,3390440.0,30,200,6,6,2585.0,9.2,498,0,5,411725,3390315,496,0,5,-99.2
259301,411440.0,3390440.0,30,200,6,6,2585.0,9.2,498,0,5,411720,3390320,496,0,5,-100.5
259301,411440.0,3390440.0,30,200,6,6,2585.0,9.2,498,0,5,411795,3390325,493,27,5,-89.5
259301,411440.0,3390440.0,30,200,6,6,2585.0,9.2,498,0,5,411635,3390345,496,6,5,-116.67
259301,411440.0,3390440.0,30,200,6,6,2585.0,9.2,498,0,5,411600,3390340,496,21,5,-100.67
259301,411440.0,3390440.0,30,200,6,6,2585.0,9.2,498,0,5,411665,3390395,495,21,13,-78.35
259301,411440.0,3390440.0,30,200,6,6,2585.0,9.2,498,0,5,411580,3390320,496,0,12,-92.5
259301,411440.0,3390440.0,30,200,6,6,2585.0,9.2,498,0,5,411675,3390385,495,21,5,-79.73
259301,411440.0,3390440.0,30,200,6,6,2585.0,9.2,498,0,5,411560,3390300,496,0,6,-83.0
259301,411440.0,3390440.0,30,200,6,6,2585.0,9.2,498,0,5,411670,3390390,495,21,13,-75.61
259301,411440.0,3390440.0,30,200,6,6,2585.0,9.2,498,0,5,411660,3390400,495,0,13,-75.39
259301,411440.0,3390440.0,30,200,6,6,2585.0,9.2,498,0,5,411015,3388745,491,36,5,-104.5
259301,411440.0,3390440.0,30,200,6,6,2585.0,9.2,498,0,5,412065,3388185,486,0,2,-98.25
259301,411440.0,3390440.0,30,200,6,6,2585.0,9.2,498,0,5,412055,3388175,486,0,5,-93.36
259301,411440.0,3390440.0,30,200,6,6,2585.0,9.2,498,0,5,412040,3388170,487,0,5,-96.28
259301,411440.0,3390440.0,30,200,6,6,2585.0,9.2,498,0,5,412045,3388165,487,0,5,-94.71
259301,411440.0,3390440.0,30,200,6,6,2585.0,9.2,498,0,5,412050,3388180,486,0,5,-102.0
259301,411440.0,3390440.0,30,200,6,6,2585.0,9.2,498,0,5,412075,3388195,485,0,2,-100.5
259301,411440.0,3390440.0,30,200,6,6,2585.0,9.2,498,0,5,411860,3387655,489,0,12,-110.75
259301,411440.0,3390440.0,30,200,6,6,2585.0,9.2,498,0,5,411855,3387670,489,6,5,-110.5
259301,411440.0,3390440.0,30,200,6,6,2585.0,9.2,498,0,5,412035,3388160,487,0,5,-101.0
259301,411440.0,3390440.0,30,200,6,6,2585.0,9.2,498,0,5,412005,3388130,488,0,5,-101.5
259301,411440.0,3390440.0,30,200,6,6,2585.0,9.2,498,0,5,411830,3387715,491,0,6,-108.0
259301,411440.0,3390440.0,30,200,6,6,2585.0,9.2,498,0,5,411835,3387720,490,0,6,-111.0
259301,411440.0,3390440.0,30,200,6,6,2585.0,9.2,498,0,5,411600,3390460,496,21,5,-78.0
259301,411440.0,3390440.0,30,200,6,6,2585.0,9.2,498,0,5,411660,3390440,495,0,5,-80.5
259301,411440.0,3390440.0,30,200,6,6,2585.0,9.2,498,0,5,411670,3390430,495,0,5,-90.0
259301,411440.0,3390440.0,30,200,6,6,2585.0,9.2,498,0,5,411675,3390425,495,0,5,-88.0
259301,411440.0,3390440.0,30,200,6,6,2585.0,9.2,498,0,5,411615,3390445,496,0,5,-78.0
259301,411440.0,3390440.0,30,200,6,6,2585.0,9.2,498,0,5,411655,3390405,495,0,13,-72.71
259301,411440.0,3390440.0,30,200,6,6,2585.0,9.2,498,0,5,411645,3390415,495,0,5,-72.43
259301,411440.0,3390440.0,30,200,6,6,2585.0,9.2,498,0,5,411665,3390435,495,0,5,-81.33
259301,411440.0,3390440.0,30,200,6,6,2585.0,9.2,498,0,5,411575,3390485,496,21,5,-91.44
259301,411440.0,3390440.0,30,200,6,6,2585.0,9.2,498,0,5,411650,3390410,495,0,5,-72.95
259301,411440.0,3390440.0,30,200,6,6,2585.0,9.2,498,0,5,411640,3390420,495,0,5,-72.95
259301,411440.0,3390440.0,30,200,6,6,2585.0,9.2,498,0,5,412395,3388190,486,0,7,-101.0
259301,411440.0,3390440.0,30,200,6,6,2585.0,9.2,498,0,5,411880,3387895,492,0,5,-109.75
259301,411440.0,3390440.0,30,200,6,6,2585.0,9.2,498,0,5,411875,3387870,491,0,5,-105.5
259301,411440.0,3390440.0,30,200,6,6,2585.0,9.2,498,0,5,411870,3387865,491,0,6,-107.5
259301,411440.0,3390440.0,30,200,6,6,2585.0,9.2,498,0,5,411750,3387745,489,0,5,-111.5
259301,411440.0,3390440.0,30,200,6,6,2585.0,9.2,498,0,5,411560,3390425,496,21,5,-86.33
259301,411440.0,3390440.0,30,200,6,6,2585.0,9.2,498,0,5,411585,3390410,496,0,5,-80.0
259301,411440.0,3390440.0,30,200,6,6,2585.0,9.2,498,0,5,411545,3390450,497,0,5,-78.91
259301,411440.0,3390440.0,30,200,6,6,2585.0,9.2,498,0,5,411575,3390440,496,0,12,-79.32
259301,411440.0,3390440.0,30,200,6,6,2585.0,9.2,498,0,5,411530,3390475,497,0,12,-78.95
259301,411440.0,3390440.0,30,200,6,6,2585.0,9.2,498,0,5,412065,3390250,495,0,5,-90.0
259301,411440.0,3390440.0,30,200,6,6,2585.0,9.2,498,0,5,411525,3390470,497,0,12,-80.62
259301,411440.0,3390440.0,30,200,6,6,2585.0,9.2,498,0,5,412060,3390245,495,0,5,-88.71
259301,411440.0,3390440.0,30,200,6,6,2585.0,9.2,498,0,5,411520,3390465,497,0,6,-80.68
259301,411440.0,3390440.0,30,200,6,6,2585.0,9.2,498,0,5,411555,3390460,497,0,12,-77.17
259301,411440.0,3390440.0,30,200,6,6,2585.0,9.2,498,0,5,411540,3390445,497,0,5,-80.5
259301,411440.0,3390440.0,30,200,6,6,2585.0,9.2,498,0,5,411535,3390480,497,0,12,-79.83
259301,411440.0,3390440.0,30,200,6,6,2585.0,9.2,498,0,5,411595,3390420,496,21,5,-75.29
259301,411440.0,3390440.0,30,200,6,6,2585.0,9.2,498,0,5,411590,3390415,496,21,5,-78.75
259301,411440.0,3390440.0,30,200,6,6,2585.0,9.2,498,0,5,411570,3390435,496,21,12,-83.43
259301,411440.0,3390440.0,30,200,6,6,2585.0,9.2,498,0,5,411550,3390455,497,0,5,-78.18
259301,411440.0,3390440.0,30,200,6,6,2585.0,9.2,498,0,5,412040,3390265,496,0,13,-104.0
259301,411440.0,3390440.0,30,200,6,6,2585.0,9.2,498,0,5,411565,3390430,496,21,5,-89.0
259301,411440.0,3390440.0,30,200,6,6,2585.0,9.2,498,0,5,411535,3390410,497,21,12,-84.5
259301,411440.0,3390440.0,30,200,6,6,2585.0,9.2,498,0,5,411560,3390455,497,0,12,-78.17
259301,411440.0,3390440.0,30,200,6,6,2585.0,9.2,498,0,5,411565,3390460,496,0,5,-79.33
259301,411440.0,3390440.0,30,200,6,6,2585.0,9.2,498,0,5,411540,3390435,497,21,12,-82.9
259301,411440.0,3390440.0,30,200,6,6,2585.0,9.2,498,0,5,411575,3390450,496,0,5,-78.77
259301,411440.0,3390440.0,30,200,6,6,2585.0,9.2,498,0,5,411530,3390405,497,21,12,-83.33
259301,411440.0,3390440.0,30,200,6,6,2585.0,9.2,498,0,5,411545,3390440,497,21,5,-78.73
259301,411440.0,3390440.0,30,200,6,6,2585.0,9.2,498,0,5,411525,3390420,497,0,5,-82.0
259301,411440.0,3390440.0,30,200,6,6,2585.0,9.2,498,0,5,411570,3390445,496,0,5,-77.33
259301,411440.0,3390440.0,30,200,6,6,2585.0,9.2,498,0,5,412005,3390260,497,0,5,-92.8
259301,411440.0,3390440.0,30,200,6,6,2585.0,9.2,498,0,5,411555,3390430,496,21,5,-81.0
259301,411440.0,3390440.0,30,200,6,6,2585.0,9.2,498,0,5,411590,3390465,496,21,5,-83.2
259301,411440.0,3390440.0,30,200,6,6,2585.0,9.2,498,0,5,411595,3390470,496,0,12,-90.67
259301,411440.0,3390440.0,30,200,6,6,2585.0,9.2,498,0,5,411520,3390415,497,0,12,-82.95
259301,411440.0,3390440.0,30,200,6,6,2585.0,9.2,498,0,5,411580,3390475,496,0,12,-78.0
259301,411440.0,3390440.0,30,200,6,6,2585.0,9.2,498,0,5,411585,3390480,496,0,12,-87.5
259301,411440.0,3390440.0,30,200,6,6,2585.0,9.2,498,0,5,411650,3390375,496,0,12,-79.8
259301,411440.0,3390440.0,30,200,6,6,2585.0,9.2,498,0,5,411645,3390370,496,0,12,-83.0
259301,411440.0,3390440.0,30,200,6,6,2585.0,9.2,498,0,5,411675,3390400,495,0,5,-81.74
259301,411440.0,3390440.0,30,200,6,6,2585.0,9.2,498,0,5,411595,3390320,496,0,5,-94.33
259301,411440.0,3390440.0,30,200,6,6,2585.0,9.2,498,0,5,411660,3390385,496,21,5,-80.25
259301,411440.0,3390440.0,30,200,6,6,2585.0,9.2,498,0,5,411580,3390305,496,21,5,-95.0
259301,411440.0,3390440.0,30,200,6,6,2585.0,9.2,498,0,5,411670,3390395,495,0,13,-76.6
259301,411440.0,3390440.0,30,200,6,6,2585.0,9.2,498,0,5,411635,3390360,496,0,13,-109.0
259301,411440.0,3390440.0,30,200,6,6,2585.0,9.2,498,0,5,411665,3390390,496,21,13,-71.33
259301,411440.0,3390440.0,30,200,6,6,2585.0,9.2,498,0,5,411860,3387650,489,18,12,-112.5
259301,411440.0,3390440.0,30,200,6,6,2585.0,9.2,498,0,5,411840,3387670,490,0,5,-107.5
259301,411440.0,3390440.0,30,200,6,6,2585.0,9.2,498,0,5,411845,3387665,490,6,5,-118.5
259301,411440.0,3390440.0,30,200,6,6,2585.0,9.2,498,0,5,411565,3390475,496,21,5,-85.67
259301,411440.0,3390440.0,30,200,6,6,2585.0,9.2,498,0,5,411535,3390425,497,21,5,-80.5
259301,411440.0,3390440.0,30,200,6,6,2585.0,9.2,498,0,5,412015,3390265,496,0,5,-94.83
259301,411440.0,3390440.0,30,200,6,6,2585.0,9.2,498,0,5,411590,3390450,496,21,5,-80.75
259301,411440.0,3390440.0,30,200,6,6,2585.0,9.2,498,0,5,411705,3390575,494,0,13,-88.2
259301,411440.0,3390440.0,30,200,6,6,2585.0,9.2,498,0,5,412020,3390260,496,0,5,-92.38
259301,411440.0,3390440.0,30,200,6,6,2585.0,9.2,498,0,5,411525,3390435,497,0,12,-81.91
259301,411440.0,3390440.0,30,200,6,6,2585.0,9.2,498,0,5,412035,3390245,496,0,5,-92.33
259301,411440.0,3390440.0,30,200,6,6,2585.0,9.2,498,0,5,411520,3390440,497,0,12,-81.47
259301,411440.0,3390440.0,30,200,6,6,2585.0,9.2,498,0,5,412030,3390250,496,0,5,-98.0
259301,411440.0,3390440.0,30,200,6,6,2585.0,9.2,498,0,5,412025,3390255,496,0,5,-94.6
259301,411440.0,3390440.0,30,200,6,6,2585.0,9.2,498,0,5,411585,3390455,496,21,5,-82.33
259301,411440.0,3390440.0,30,200,6,6,2585.0,9.2,498,0,5,411595,3390445,496,21,5,-79.6
259301,411440.0,3390440.0,30,200,6,6,2585.0,9.2,498,0,5,412005,3390275,497,0,5,-97.0
259301,411440.0,3390440.0,30,200,6,6,2585.0,9.2,498,0,5,411540,3390420,497,21,5,-78.57
259301,411440.0,3390440.0,30,200,6,6,2585.0,9.2,498,0,5,411530,3390430,497,0,12,-81.68
259301,411440.0,3390440.0,30,200,6,6,2585.0,9.2,498,0,5,411580,3390460,496,21,5,-85.5
259301,411440.0,3390440.0,30,200,6,6,2585.0,9.2,498,0,5,411575,3390465,496,21,5,-83.14
259301,411440.0,3390440.0,30,200,6,6,2585.0,9.2,498,0,5,411570,3390470,496,21,5,-77.6
259301,411440.0,3390440.0,30,200,6,6,2585.0,9.2,498,0,5,412000,3390280,497,0,5,-95.0
259301,411440.0,3390440.0,30,200,6,6,2585.0,9.2,498,0,5,412010,3390270,497,0,5,-84.0
259301,411440.0,3390440.0,30,200,6,6,2585.0,9.2,498,0,5,411635,3390485,495,0,5,-87.0
259301,411440.0,3390440.0,30,200,6,6,2585.0,9.2,498,0,5,411875,3387755,489,6,5,-115.0
259301,411440.0,3390440.0,30,200,6,6,2585.0,9.2,498,0,5,411855,3387735,490,0,5,-106.75
259301,411440.0,3390440.0,30,200,6,6,2585.0,9.2,498,0,5,411850,3387740,490,0,5,-105.38
259301,411440.0,3390440.0,30,200,6,6,2585.0,9.2,498,0,5,411890,3387700,489,0,13,-112.33
259301,411440.0,3390440.0,30,200,6,6,2585.0,9.2,498,0,5,411840,3387730,490,0,6,-108.5
259301,411440.0,3390440.0,30,200,6,6,2585.0,9.2,498,0,5,411870,3387760,489,0,5,-112.0
259301,411440.0,3390440.0,30,200,6,6,2585.0,9.2,498,0,5,411730,3390325,495,0,5,-96.5
259301,411440.0,3390440.0,30,200,6,6,2585.0,9.2,498,0,5,411735,3390330,495,0,12,-103.0
259301,411440.0,3390440.0,30,200,6,6,2585.0,9.2,498,0,5,411725,3390340,495,0,5,-98.38
259301,411440.0,3390440.0,30,200,6,6,2585.0,9.2,498,0,5,411745,3390360,495,0,5,-86.69
259301,411440.0,3390440.0,30,200,6,6,2585.0,9.2,498,0,5,411715,3390390,495,0,12,-80.21
259301,411440.0,3390440.0,30,200,6,6,2585.0,9.2,498,0,5,411700,3390395,495,0,12,-79.44
259301,411440.0,3390440.0,30,200,6,6,2585.0,9.2,498,0,5,411720,3390335,496,0,5,-96.88
259301,411440.0,3390440.0,30,200,6,6,2585.0,9.2,498,0,5,411705,3390400,495,0,12,-81.45
259301,411440.0,3390440.0,30,200,6,6,2585.0,9.2,498,0,5,411685,3390380,495,21,5,-82.29
259301,411440.0,3390440.0,30,200,6,6,2585.0,9.2,498,0,5,411710,3390385,495,0,12,-86.15
259301,411440.0,3390440.0,30,200,6,6,2585.0,9.2,498,0,5,411740,3390355,495,0,5,-90.19
259301,411440.0,3390440.0,30,200,6,6,2585.0,9.2,498,0,5,411755,3390350,495,0,5,-90.86
259301,411440.0,3390440.0,30,200,6,6,2585.0,9.2,498,0,5,411750,3390345,495,27,5,-84.0
259301,411440.0,3390440.0,30,200,6,6,2585.0,9.2,498,0,5,411680,3390375,496,21,5,-82.29
259301,411440.0,3390440.0,30,200,6,6,2585.0,9.2,498,0,5,411695,3390370,495,21,6,-82.17
259301,411440.0,3390440.0,30,200,6,6,2585.0,9.2,498,0,5,412105,3388170,484,0,2,-95.85
259301,411440.0,3390440.0,30,200,6,6,2585.0,9.2,498,0,5,412100,3388165,484,0,2,-94.17
259301,411440.0,3390440.0,30,200,6,6,2585.0,9.2,498,0,5,412110,3388175,484,0,2,-97.05
259301,411440.0,3390440.0,30,200,6,6,2585.0,9.2,498,0,5,411045,3388780,492,0,5,-99.0
259301,411440.0,3390440.0,30,200,6,6,2585.0,9.2,498,0,5,411545,3390330,496,21,12,-82.67
259301,411440.0,3390440.0,30,200,6,6,2585.0,9.2,498,0,5,411570,3390395,496,0,5,-78.33
259301,411440.0,3390440.0,30,200,6,6,2585.0,9.2,498,0,5,411665,3390290,496,6,5,-106.0
259301,411440.0,3390440.0,30,200,6,6,2585.0,9.2,498,0,5,411555,3390340,496,21,5,-86.22
259301,411440.0,3390440.0,30,200,6,6,2585.0,9.2,498,0,5,411670,3390295,496,0,5,-98.25
259301,411440.0,3390440.0,30,200,6,6,2585.0,9.2,498,0,5,411550,3390335,496,21,12,-84.75
259301,411440.0,3390440.0,30,200,6,6,2585.0,9.2,498,0,5,411445,3390520,497,0,5,-108.0
259301,411440.0,3390440.0,30,200,6,6,2585.0,9.2,498,0,5,411440,3390515,497,0,5,-92.5
259301,411440.0,3390440.0,30,200,6,6,2585.0,9.2,498,0,5,411450,3390505,497,0,13,-91.89
259301,411440.0,3390440.0,30,200,6,6,2585.0,9.2,498,0,5,411475,3390490,497,0,13,-84.88
259301,411440.0,3390440.0,30,200,6,6,2585.0,9.2,498,0,5,411470,3390485,498,0,13,-86.0
259301,411440.0,3390440.0,30,200,6,6,2585.0,9.2,498,0,5,411460,3390495,497,0,5,-88.18
259301,411440.0,3390440.0,30,200,6,6,2585.0,9.2,498,0,5,411465,3390500,497,0,5,-86.57
259301,411440.0,3390440.0,30,200,6,6,2585.0,9.2,498,0,5,411505,3390540,496,0,5,-89.5
259301,411440.0,3390440.0,30,200,6,6,2585.0,9.2,498,0,5,411455,3390510,497,0,13,-92.4
259301,411440.0,3390440.0,30,200,6,6,2585.0,9.2,498,0,5,411650,3387570,489,0,5,-111.2
259301,411440.0,3390440.0,30,200,6,6,2585.0,9.2,498,0,5,412060,3388160,486,0,5,-95.25
259301,411440.0,3390440.0,30,200,6,6,2585.0,9.2,498,0,5,412065,3388155,486,0,5,-99.67
259301,411440.0,3390440.0,30,200,6,6,2585.0,9.2,498,0,5,411835,3387745,490,0,6,-105.25
259301,411440.0,3390440.0,30,200,6,6,2585.0,9.2,498,0,5,411830,3387750,490,0,6,-109.0
259301,411440.0,3390440.0,30,200,6,6,2585.0,9.2,498,0,5,411500,3390415,498,15,5,-85.8
259301,411440.0,3390440.0,30,200,6,6,2585.0,9.2,498,0,5,411510,3390405,497,0,5,-83.44
259301,411440.0,3390440.0,30,200,6,6,2585.0,9.2,498,0,5,411435,3390490,497,0,13,-93.0
259301,411440.0,3390440.0,30,200,6,6,2585.0,9.2,498,0,5,411515,3390410,497,0,12,-82.81
259301,411440.0,3390440.0,30,200,6,6,2585.0,9.2,498,0,5,411465,3390460,498,0,13,-84.0
259301,411440.0,3390440.0,30,200,6,6,2585.0,9.2,498,0,5,411455,3390470,498,15,5,-85.5
259301,411440.0,3390440.0,30,200,6,6,2585.0,9.2,498,0,5,411410,3390505,497,0,5,-96.58
259301,411440.0,3390440.0,30,200,6,6,2585.0,9.2,498,0,5,411505,3390420,497,0,12,-83.78
259301,411440.0,3390440.0,30,200,6,6,2585.0,9.2,498,0,5,411440,3390475,498,0,5,-93.5
259301,411440.0,3390440.0,30,200,6,6,2585.0,9.2,498,0,5,411400,3390515,497,0,12,-96.36
259301,411440.0,3390440.0,30,200,6,6,2585.0,9.2,498,0,5,411430,3390485,497,0,13,-95.18
259301,411440.0,3390440.0,30,200,6,6,2585.0,9.2,498,0,5,411405,3390520,497,0,5,-102.29
259301,411440.0,3390440.0,30,200,6,6,2585.0,9.2,498,0,5,411415,3390510,497,0,5,-95.04
259301,411440.0,3390440.0,30,200,6,6,2585.0,9.2,498,0,5,411390,3390525,497,0,5,-91.75
259301,411440.0,3390440.0,30,200,6,6,2585.0,9.2,498,0,5,411425,3390500,497,0,6,-94.88
259301,411440.0,3390440.0,30,200,6,6,2585.0,9.2,498,0,5,411445,3390480,498,15,13,-91.63
259301,411440.0,3390440.0,30,200,6,6,2585.0,9.2,498,0,5,411420,3390495,497,0,6,-92.3
259301,411440.0,3390440.0,30,200,6,6,2585.0,9.2,498,0,5,411395,3390530,497,0,5,-91.33
259301,411440.0,3390440.0,30,200,6,6,2585.0,9.2,498,0,5,411380,3390535,497,0,5,-93.67
259301,411440.0,3390440.0,30,200,6,6,2585.0,9.2,498,0,5,411475,3390450,498,0,13,-82.52
259301,411440.0,3390440.0,30,200,6,6,2585.0,9.2,498,0,5,411455,3390465,498,15,5,-90.5
259301,411440.0,3390440.0,30,200,6,6,2585.0,9.2,498,0,5,411470,3390450,498,0,13,-87.0
259301,411440.0,3390440.0,30,200,6,6,2585.0,9.2,498,0,5,411390,3390530,497,0,5,-94.5
259301,411440.0,3390440.0,30,200,6,6,2585.0,9.2,498,0,5,411420,3390500,497,0,5,-94.65
259301,411440.0,3390440.0,30,200,6,6,2585.0,9.2,498,0,5,411505,3390415,497,0,12,-82.8
259301,411440.0,3390440.0,30,200,6,6,2585.0,9.2,498,0,5,411385,3390535,497,0,5,-95.8
259301,411440.0,3390440.0,30,200,6,6,2585.0,9.2,498,0,5,411500,3390420,498,15,6,-86.13
259301,411440.0,3390440.0,30,200,6,6,2585.0,9.2,498,0,5,411395,3390525,497,0,5,-100.8
259301,411440.0,3390440.0,30,200,6,6,2585.0,9.2,498,0,5,411400,3390520,497,0,12,-98.0
259301,411440.0,3390440.0,30,200,6,6,2585.0,9.2,498,0,5,411410,3390510,497,0,12,-95.33
259301,411440.0,3390440.0,30,200,6,6,2585.0,9.2,498,0,5,411415,3390505,497,0,5,-94.0
259301,411440.0,3390440.0,30,200,6,6,2585.0,9.2,498,0,5,411405,3390515,497,0,12,-97.7
259301,411440.0,3390440.0,30,200,6,6,2585.0,9.2,498,0,5,411425,3390495,497,0,5,-93.39
259301,411440.0,3390440.0,30,200,6,6,2585.0,9.2,498,0,5,411375,3390545,497,0,5,-93.5
259301,411440.0,3390440.0,30,200,6,6,2585.0,9.2,498,0,5,411430,3390490,497,0,13,-92.4
259301,411440.0,3390440.0,30,200,6,6,2585.0,9.2,498,0,5,411440,3390480,498,0,5,-91.56
259301,411440.0,3390440.0,30,200,6,6,2585.0,9.2,498,0,5,411435,3390485,498,0,13,-94.0
259301,411440.0,3390440.0,30,200,6,6,2585.0,9.2,498,0,5,411515,3390405,497,0,5,-83.5
259301,411440.0,3390440.0,30,200,6,6,2585.0,9.2,498,0,5,411445,3390475,498,15,5,-88.0
259301,411440.0,3390440.0,30,200,6,6,2585.0,9.2,498,0,5,411490,3390430,498,15,5,-90.0
259301,411440.0,3390440.0,30,200,6,6,2585.0,9.2,498,0,5,411510,3390410,497,0,12,-83.9
259301,411440.0,3390440.0,30,200,6,6,2585.0,9.2,498,0,5,411640,3388170,491,0,5,-90.5
259301,411440.0,3390440.0,30,200,6,6,2585.0,9.2,498,0,5,411665,3390430,495,0,5,-76.0
259301,411440.0,3390440.0,30,200,6,6,2585.0,9.2,498,0,5,411605,3390450,496,0,5,-82.33
259301,411440.0,3390440.0,30,200,6,6,2585.0,9.2,498,0,5,411660,3390425,495,0,5,-78.8
259301,411440.0,3390440.0,30,200,6,6,2585.0,9.2,498,0,5,411670,3390435,495,0,5,-80.0
259301,411440.0,3390440.0,30,200,6,6,2585.0,9.2,498,0,5,411640,3390405,496,0,13,-74.92
259301,411440.0,3390440.0,30,200,6,6,2585.0,9.2,498,0,5,411610,3390455,496,0,5,-81.67
259301,411440.0,3390440.0,30,200,6,6,2585.0,9.2,498,0,5,411645,3390410,496,0,13,-74.79
259301,411440.0,3390440.0,30,200,6,6,2585.0,9.2,498,0,5,411675,3390440,495,0,12,-89.0
259301,411440.0,3390440.0,30,200,6,6,2585.0,9.2,498,0,5,411600,3390445,496,0,5,-79.67
259301,411440.0,3390440.0,30,200,6,6,2585.0,9.2,498,0,5,411650,3390415,495,0,5,-73.75
259301,411440.0,3390440.0,30,200,6,6,2585.0,9.2,498,0,5,411655,3390420,495,0,5,-75.33
259301,411440.0,3390440.0,30,200,6,6,2585.0,9.2,498,0,5,411620,3390465,495,0,5,-81.5
259301,411440.0,3390440.0,30,200,6,6,2585.0,9.2,498,0,5,411040,3388810,493,54,5,-95.0
259301,411440.0,3390440.0,30,200,6,6,2585.0,9.2,498,0,5,411800,3387675,491,0,5,-114.0
259301,411440.0,3390440.0,30,200,6,6,2585.0,9.2,498,0,5,411760,3390330,494,27,5,-89.0
259301,411440.0,3390440.0,30,200,6,6,2585.0,9.2,498,0,5,411805,3390365,494,12,12,-79.0
259301,411440.0,3390440.0,30,200,6,6,2585.0,9.2,498,0,5,411800,3390370,495,12,12,-95.5
259301,411440.0,3390440.0,30,200,6,6,2585.0,9.2,498,0,5,411765,3390325,494,27,5,-89.0
259301,411440.0,3390440.0,30,200,6,6,2585.0,9.2,498,0,5,411785,3390345,494,0,5,-91.47
259301,411440.0,3390440.0,30,200,6,6,2585.0,9.2,498,0,5,411780,3390350,494,0,5,-83.8
259301,411440.0,3390440.0,30,200,6,6,2585.0,9.2,498,0,5,411660,3390230,494,0,5,-111.0
259301,411440.0,3390440.0,30,200,6,6,2585.0,9.2,498,0,5,411795,3390355,494,0,12,-87.33
259301,411440.0,3390440.0,30,200,6,6,2585.0,9.2,498,0,5,411770,3390340,494,0,5,-90.83
259301,411440.0,3390440.0,30,200,6,6,2585.0,9.2,498,0,5,411720,3390290,496,0,5,-107.0
259301,411440.0,3390440.0,30,200,6,6,2585.0,9.2,498,0,5,411790,3390360,494,0,12,-85.73
259301,411440.0,3390440.0,30,200,6,6,2585.0,9.2,498,0,5,411830,3390400,494,0,5,-118.5
259301,411440.0,3390440.0,30,200,6,6,2585.0,9.2,498,0,5,411520,3390570,496,15,5,-91.5
259301,411440.0,3390440.0,30,200,6,6,2585.0,9.2,498,0,5,411880,3390290,493,72,6,-89.0
259301,411440.0,3390440.0,30,200,6,6,2585.0,9.2,498,0,5,411890,3390300,493,0,5,-87.86
259301,411440.0,3390440.0,30,200,6,6,2585.0,9.2,498,0,5,411695,3390415,495,12,5,-99.8
259301,411440.0,3390440.0,30,200,6,6,2585.0,9.2,498,0,5,411690,3390420,495,0,5,-95.55
259301,411440.0,3390440.0,30,200,6,6,2585.0,9.2,498,0,5,411935,3390335,494,0,5,-88.5
259301,411440.0,3390440.0,30,200,6,6,2585.0,9.2,498,0,5,411680,3390410,495,0,5,-81.98
259301,411440.0,3390440.0,30,200,6,6,2585.0,9.2,498,0,5,412130,3390220,497,0,11,-98.2
259301,411440.0,3390440.0,30,200,6,6,2585.0,9.2,498,0,5,411715,3390435,494,0,6,-82.5
259301,411440.0,3390440.0,30,200,6,6,2585.0,9.2,498,0,5,411900,3390310,493,0,5,-89.9
259301,411440.0,3390440.0,30,200,6,6,2585.0,9.2,498,0,5,412125,3390205,496,0,5,-94.0
259301,411440.0,3390440.0,30,200,6,6,2585.0,9.2,498,0,5,412120,3390210,497,0,12,-98.14
259301,411440.0,3390440.0,30,200,6,6,2585.0,9.2,498,0,5,411945,3390345,494,0,6,-106.5
259301,411440.0,3390440.0,30,200,6,6,2585.0,9.2,498,0,5,411905,3390305,494,0,5,-88.07
259301,411440.0,3390440.0,30,200,6,6,2585.0,9.2,498,0,5,411705,3390425,494,0,12,-87.4
259301,411440.0,3390440.0,30,200,6,6,2585.0,9.2,498,0,5,411700,3390430,494,12,12,-99.75
259301,411440.0,3390440.0,30,200,6,6,2585.0,9.2,498,0,5,411530,3390580,496,0,5,-89.67
259301,411440.0,3390440.0,30,200,6,6,2585.0,9.2,498,0,5,411685,3390405,495,0,5,-88.76
259301,411440.0,3390440.0,30,200,6,6,2585.0,9.2,498,0,5,411915,3390315,494,0,10,-87.4
259301,411440.0,3390440.0,30,200,6,6,2585.0,9.2,498,0,5,411540,3390590,496,0,13,-92.0
259301,411440.0,3390440.0,30,200,6,6,2585.0,9.2,498,0,5,411895,3390295,493,0,5,-85.5
259301,411440.0,3390440.0,30,200,6,6,2585.0,9.2,498,0,5,411555,3390595,496,0,5,-92.0
259301,411440.0,3390440.0,30,200,6,6,2585.0,9.2,498,0,5,411855,3387745,490,0,13,-104.0
259301,411440.0,3390440.0,30,200,6,6,2585.0,9.2,498,0,5,411845,3387755,489,0,6,-113.33
259301,411440.0,3390440.0,30,200,6,6,2585.0,9.2,498,0,5,411850,3387750,490,0,13,-106.5
259301,411440.0,3390440.0,30,200,6,6,2585.0,9.2,498,0,5,411465,3390485,498,0,13,-87.52
259301,411440.0,3390440.0,30,200,6,6,2585.0,9.2,498,0,5,411460,3390490,498,0,5,-87.88
259301,411440.0,3390440.0,30,200,6,6,2585.0,9.2,498,0,5,411440,3390510,497,0,5,-94.17
259301,411440.0,3390440.0,30,200,6,6,2585.0,9.2,498,0,5,411415,3390475,497,27,6,-96.0
259301,411440.0,3390440.0,30,200,6,6,2585.0,9.2,498,0,5,411445,3390505,497,0,13,-92.66
259301,411440.0,3390440.0,30,200,6,6,2585.0,9.2,498,0,5,411475,3390495,497,0,13,-85.69
259301,411440.0,3390440.0,30,200,6,6,2585.0,9.2,498,0,5,411470,3390500,497,0,13,-85.86
259301,411440.0,3390440.0,30,200,6,6,2585.0,9.2,498,0,5,411495,3390555,496,27,12,-88.5
259301,411440.0,3390440.0,30,200,6,6,2585.0,9.2,498,0,5,411410,3390480,497,27,5,-100.0
259301,411440.0,3390440.0,30,200,6,6,2585.0,9.2,498,0,5,411450,3390520,497,0,13,-94.67
259301,411440.0,3390440.0,30,200,6,6,2585.0,9.2,498,0,5,411690,3387625,490,0,5,-116.5
259301,411440.0,3390440.0,30,200,6,6,2585.0,9.2,498,0,5,411715,3387610,490,0,12,-121.0
259301,411440.0,3390440.0,30,200,6,6,2585.0,9.2,498,0,5,411655,3387750,489,0,13,-113.5
259301,411440.0,3390440.0,30,200,6,6,2585.0,9.2,498,0,5,411840,3387740,490,0,6,-107.5
259301,411440.0,3390440.0,30,200,6,6,2585.0,9.2,498,0,5,411850,3387730,490,0,5,-104.5
259301,411440.0,3390440.0,30,200,6,6,2585.0,9.2,498,0,5,411845,3387735,490,0,5,-106.44
259301,411440.0,3390440.0,30,200,6,6,2585.0,9.2,498,0,5,411035,3390675,498,21,5,-101.0
259301,411440.0,3390440.0,30,200,6,6,2585.0,9.2,498,0,5,411695,3390360,495,0,5,-85.25
259301,411440.0,3390440.0,30,200,6,6,2585.0,9.2,498,0,5,411770,3390275,493,0,5,-103.0
259301,411440.0,3390440.0,30,200,6,6,2585.0,9.2,498,0,5,411735,3390400,495,12,6,-83.67
259301,411440.0,3390440.0,30,200,6,6,2585.0,9.2,498,0,5,411815,3390320,493,0,5,-90.67
259301,411440.0,3390440.0,30,200,6,6,2585.0,9.2,498,0,5,411810,3390315,493,27,5,-83.5
259301,411440.0,3390440.0,30,200,6,6,2585.0,9.2,498,0,5,411745,3390370,495,0,5,-85.0
259301,411440.0,3390440.0,30,200,6,6,2585.0,9.2,498,0,5,411720,3390385,495,0,5,-80.79
259301,411440.0,3390440.0,30,200,6,6,2585.0,9.2,498,0,5,411750,3390375,495,0,12,-81.43
259301,411440.0,3390440.0,30,200,6,6,2585.0,9.2,498,0,5,411710,3390335,496,21,5,-105.0
259301,411440.0,3390440.0,30,200,6,6,2585.0,9.2,498,0,5,411725,3390390,495,0,5,-79.11
259301,411440.0,3390440.0,30,200,6,6,2585.0,9.2,498,0,5,411730,3390395,495,12,6,-84.13
259301,411440.0,3390440.0,30,200,6,6,2585.0,9.2,498,0,5,411740,3390365,495,0,5,-87.44
259301,411440.0,3390440.0,30,200,6,6,2585.0,9.2,498,0,5,411680,3390345,496,0,6,-93.0
259301,411440.0,3390440.0,30,200,6,6,2585.0,9.2,498,0,5,411805,3390310,492,27,5,-80.67
259301,411440.0,3390440.0,30,200,6,6,2585.0,9.2,498,0,5,411755,3390380,495,0,12,-85.0
259301,411440.0,3390440.0,30,200,6,6,2585.0,9.2,498,0,5,411690,3390355,496,0,5,-86.0
259301,411440.0,3390440.0,30,200,6,6,2585.0,9.2,498,0,5,411715,3390340,496,21,5,-101.75
259301,411440.0,3390440.0,30,200,6,6,2585.0,9.2,498,0,5,411665,3390890,493,6,6,-106.67
259301,411440.0,3390440.0,30,200,6,6,2585.0,9.2,498,0,5,411660,3390885,492,6,5,-103.0
259301,411440.0,3390440.0,30,200,6,6,2585.0,9.2,498,0,5,411760,3390350,495,0,5,-83.6
259301,411440.0,3390440.0,30,200,6,6,2585.0,9.2,498,0,5,411770,3390360,495,0,5,-85.89
259301,411440.0,3390440.0,30,200,6,6,2585.0,9.2,498,0,5,411790,3390340,494,0,5,-101.39
259301,411440.0,3390440.0,30,200,6,6,2585.0,9.2,498,0,5,411680,3390270,495,0,5,-100.5
259301,411440.0,3390440.0,30,200,6,6,2585.0,9.2,498,0,5,411690,3390280,496,0,12,-98.0
259301,411440.0,3390440.0,30,200,6,6,2585.0,9.2,498,0,5,411730,3390320,495,0,5,-105.5
259301,411440.0,3390440.0,30,200,6,6,2585.0,9.2,498,0,5,411720,3390310,496,0,5,-104.33
259301,411440.0,3390440.0,30,200,6,6,2585.0,9.2,498,0,5,411735,3390315,495,0,5,-87.5
259301,411440.0,3390440.0,30,200,6,6,2585.0,9.2,498,0,5,411795,3390335,494,0,5,-86.4
259301,411440.0,3390440.0,30,200,6,6,2585.0,9.2,498,0,5,411775,3390355,494,0,5,-86.07
259301,411440.0,3390440.0,30,200,6,6,2585.0,9.2,498,0,5,411765,3390345,494,27,5,-88.56
259301,411440.0,3390440.0,30,200,6,6,2585.0,9.2,498,0,5,411780,3390330,494,0,5,-89.0
259301,411440.0,3390440.0,30,200,6,6,2585.0,9.2,498,0,5,412165,3388065,486,0,2,-100.0
259301,411440.0,3390440.0,30,200,6,6,2585.0,9.2,498,0,5,412180,3388050,487,0,6,-99.5
259301,411440.0,3390440.0,30,200,6,6,2585.0,9.2,498,0,5,412170,3388080,485,0,2,-103.14
259301,411440.0,3390440.0,30,200,6,6,2585.0,9.2,498,0,5,412190,3388060,486,0,7,-111.0
259301,411440.0,3390440.0,30,200,6,6,2585.0,9.2,498,0,5,411505,3390385,497,0,5,-85.56
259301,411440.0,3390440.0,30,200,6,6,2585.0,9.2,498,0,5,411490,3390380,498,0,12,-84.33
259301,411440.0,3390440.0,30,200,6,6,2585.0,9.2,498,0,5,411510,3390400,497,0,5,-84.92
259301,411440.0,3390440.0,30,200,6,6,2585.0,9.2,498,0,5,411515,3390395,497,0,5,-83.09
259301,411440.0,3390440.0,30,200,6,6,2585.0,9.2,498,0,5,411500,3390390,498,0,12,-86.0
259301,411440.0,3390440.0,30,200,6,6,2585.0,9.2,498,0,5,411860,3387665,489,0,12,-120.67
259301,411440.0,3390440.0,30,200,6,6,2585.0,9.2,498,0,5,411865,3387670,489,18,12,-112.5
259301,411440.0,3390440.0,30,200,6,6,2585.0,9.2,498,0,5,411510,3387270,489,0,11,-115.0
259301,411440.0,3390440.0,30,200,6,6,2585.0,9.2,498,0,5,411675,3387745,489,0,5,-114.0
259301,411440.0,3390440.0,30,200,6,6,2585.0,9.2,498,0,5,412435,3388165,486,0,7,-101.5
259301,411440.0,3390440.0,30,200,6,6,2585.0,9.2,498,0,5,412420,3388180,486,0,7,-98.25
259301,411440.0,3390440.0,30,200,6,6,2585.0,9.2,498,0,5,412425,3388175,486,0,7,-104.0
259301,411440.0,3390440.0,30,200,6,6,2585.0,9.2,498,0,5,412430,3388170,486,0,7,-100.5
259301,411440.0,3390440.0,30,200,6,6,2585.0,9.2,498,0,5,411570,3390325,496,0,5,-86.29
259301,411440.0,3390440.0,30,200,6,6,2585.0,9.2,498,0,5,411595,3390350,496,0,5,-91.0
259301,411440.0,3390440.0,30,200,6,6,2585.0,9.2,498,0,5,411590,3390345,496,0,5,-82.0
259301,411440.0,3390440.0,30,200,6,6,2585.0,9.2,498,0,5,411575,3390330,496,0,5,-87.8
259301,411440.0,3390440.0,30,200,6,6,2585.0,9.2,498,0,5,411560,3390335,496,15,5,-85.57
259301,411440.0,3390440.0,30,200,6,6,2585.0,9.2,498,0,5,411565,3390340,496,15,5,-84.63
259301,411440.0,3390440.0,30,200,6,6,2585.0,9.2,498,0,5,411010,3388765,492,0,6,-104.0
259301,411440.0,3390440.0,30,200,6,6,2585.0,9.2,498,0,5,411025,3388800,493,54,13,-99.67
259301,411440.0,3390440.0,30,200,6,6,2585.0,9.2,498,0,5,411875,3387810,490,0,13,-103.0
259301,411440.0,3390440.0,30,200,6,6,2585.0,9.2,498,0,5,411890,3387785,489,6,5,-114.0
259301,411440.0,3390440.0,30,200,6,6,2585.0,9.2,498,0,5,411865,3387820,490,0,5,-104.56
259301,411440.0,3390440.0,30,200,6,6,2585.0,9.2,498,0,5,411870,3387805,490,0,5,-104.2
259301,411440.0,3390440.0,30,200,6,6,2585.0,9.2,498,0,5,411860,3387815,490,0,6,-105.0
259301,411440.0,3390440.0,30,200,6,6,2585.0,9.2,498,0,5,410875,3388610,493,0,5,-108.5
259301,411440.0,3390440.0,30,200,6,6,2585.0,9.2,498,0,5,411990,3388160,488,0,5,-101.0
259301,411440.0,3390440.0,30,200,6,6,2585.0,9.2,498,0,5,411995,3388155,488,0,13,-101.4
259301,411440.0,3390440.0,30,200,6,6,2585.0,9.2,498,0,5,411825,3387665,490,0,6,-108.0
259301,411440.0,3390440.0,30,200,6,6,2585.0,9.2,498,0,5,412185,3387975,487,0,7,-100.13
259301,411440.0,3390440.0,30,200,6,6,2585.0,9.2,498,0,5,412180,3387980,487,0,6,-100.0
259301,411440.0,3390440.0,30,200,6,6,2585.0,9.2,498,0,5,411015,3388765,491,0,6,-101.0
259301,411440.0,3390440.0,30,200,6,6,2585.0,9.2,498,0,5,412390,3387690,484,0,7,-99.67
259301,411440.0,3390440.0,30,200,6,6,2585.0,9.2,498,0,5,411855,3387630,488,0,12,-109.5
259301,411440.0,3390440.0,30,200,6,6,2585.0,9.2,498,0,5,411860,3387615,488,0,5,-106.0
259301,411440.0,3390440.0,30,200,6,6,2585.0,9.2,498,0,5,411865,3387620,488,0,5,-105.33
259301,411440.0,3390440.0,30,200,6,6,2585.0,9.2,498,0,5,412360,3387685,482,0,7,-103.0
259301,411440.0,3390440.0,30,200,6,6,2585.0,9.2,498,0,5,412375,3387700,483,0,7,-107.5
259301,411440.0,3390440.0,30,200,6,6,2585.0,9.2,498,0,5,412485,3388180,486,0,5,-101.2
259301,411440.0,3390440.0,30,200,6,6,2585.0,9.2,498,0,5,412510,3388185,486,0,2,-101.0
259301,411440.0,3390440.0,30,200,6,6,2585.0,9.2,498,0,5,412495,3388170,486,0,2,-99.0
259301,411440.0,3390440.0,30,200,6,6,2585.0,9.2,498,0,5,411880,3387815,490,0,13,-102.33
259301,411440.0,3390440.0,30,200,6,6,2585.0,9.2,498,0,5,411885,3387820,490,0,13,-102.5
259301,411440.0,3390440.0,30,200,6,6,2585.0,9.2,498,0,5,411870,3387785,489,6,5,-107.0
259301,411440.0,3390440.0,30,200,6,6,2585.0,9.2,498,0,5,411860,3387795,489,0,5,-104.78
259301,411440.0,3390440.0,30,200,6,6,2585.0,9.2,498,0,5,411865,3387800,489,0,5,-105.5
259301,411440.0,3390440.0,30,200,6,6,2585.0,9.2,498,0,5,411855,3387770,489,0,5,-111.25
259301,411440.0,3390440.0,30,200,6,6,2585.0,9.2,498,0,5,411660,3390360,496,0,5,-90.5
259301,411440.0,3390440.0,30,200,6,6,2585.0,9.2,498,0,5,411550,3390310,496,0,6,-86.0
259301,411440.0,3390440.0,30,200,6,6,2585.0,9.2,498,0,5,411630,3390390,496,0,12,-81.0
259301,411440.0,3390440.0,30,200,6,6,2585.0,9.2,498,0,5,411675,3390345,496,0,5,-94.67
259301,411440.0,3390440.0,30,200,6,6,2585.0,9.2,498,0,5,411670,3390350,496,0,5,-105.33
259301,411440.0,3390440.0,30,200,6,6,2585.0,9.2,498,0,5,412365,3387965,484,0,2,-97.0
259301,411440.0,3390440.0,30,200,6,6,2585.0,9.2,498,0,5,412375,3387685,483,0,7,-103.0
259301,411440.0,3390440.0,30,200,6,6,2585.0,9.2,498,0,5,411860,3387850,491,0,6,-103.5
259301,411440.0,3390440.0,30,200,6,6,2585.0,9.2,498,0,5,411870,3387860,491,0,5,-110.33
259301,411440.0,3390440.0,30,200,6,6,2585.0,9.2,498,0,5,411875,3387855,491,0,5,-107.0
259301,411440.0,3390440.0,30,200,6,6,2585.0,9.2,498,0,5,411300,3387290,487,0,6,-104.0
259301,411440.0,3390440.0,30,200,6,6,2585.0,9.2,498,0,5,411865,3387845,491,0,6,-107.6
259301,411440.0,3390440.0,30,200,6,6,2585.0,9.2,498,0,5,411900,3387890,492,0,5,-117.0
259301,411440.0,3390440.0,30,200,6,6,2585.0,9.2,498,0,5,412520,3388180,487,0,10,-103.2
259301,411440.0,3390440.0,30,200,6,6,2585.0,9.2,498,0,5,412525,3388175,487,0,10,-103.1
259301,411440.0,3390440.0,30,200,6,6,2585.0,9.2,498,0,5,411805,3390320,493,27,5,-87.33
259301,411440.0,3390440.0,30,200,6,6,2585.0,9.2,498,0,5,411815,3390310,492,0,5,-86.5
259301,411440.0,3390440.0,30,200,6,6,2585.0,9.2,498,0,5,411835,3390290,492,0,6,-107.5
259301,411440.0,3390440.0,30,200,6,6,2585.0,9.2,498,0,5,411720,3390395,495,0,5,-81.89
259301,411440.0,3390440.0,30,200,6,6,2585.0,9.2,498,0,5,411740,3390375,495,0,12,-85.25
259301,411440.0,3390440.0,30,200,6,6,2585.0,9.2,498,0,5,411750,3390365,495,0,5,-84.5
259301,411440.0,3390440.0,30,200,6,6,2585.0,9.2,498,0,5,411710,3390325,496,21,5,-96.6
259301,411440.0,3390440.0,30,200,6,6,2585.0,9.2,498,0,5,411755,3390370,495,0,5,-86.48
259301,411440.0,3390440.0,30,200,6,6,2585.0,9.2,498,0,5,411715,3390330,496,0,5,-97.86
259301,411440.0,3390440.0,30,200,6,6,2585.0,9.2,498,0,5,411735,3390390,495,0,5,-84.0
259301,411440.0,3390440.0,30,200,6,6,2585.0,9.2,498,0,5,411725,3390400,495,12,5,-84.2
259301,411440.0,3390440.0,30,200,6,6,2585.0,9.2,498,0,5,411680,3390355,496,0,5,-86.25
259301,411440.0,3390440.0,30,200,6,6,2585.0,9.2,498,0,5,411730,3390385,495,0,6,-83.33
259301,411440.0,3390440.0,30,200,6,6,2585.0,9.2,498,0,5,411745,3390380,495,0,12,-86.22
259301,411440.0,3390440.0,30,200,6,6,2585.0,9.2,498,0,5,411685,3390360,496,0,6,-89.0
259301,411440.0,3390440.0,30,200,6,6,2585.0,9.2,498,0,5,411700,3390335,496,21,5,-96.0
259301,411440.0,3390440.0,30,200,6,6,2585.0,9.2,498,0,5,411490,3390445,498,0,13,-92.5
259301,411440.0,3390440.0,30,200,6,6,2585.0,9.2,498,0,5,411475,3390430,498,15,13,-81.5
259301,411440.0,3390440.0,30,200,6,6,2585.0,9.2,498,0,5,411470,3390425,498,0,13,-92.0
259301,411440.0,3390440.0,30,200,6,6,2585.0,9.2,498,0,5,411395,3390510,497,0,12,-96.46
259301,411440.0,3390440.0,30,200,6,6,2585.0,9.2,498,0,5,411380,3390515,497,0,5,-96.36
259301,411440.0,3390440.0,30,200,6,6,2585.0,9.2,498,0,5,411515,3390470,497,0,6,-80.84
259301,411440.0,3390440.0,30,200,6,6,2585.0,9.2,498,0,5,411385,3390520,497,0,5,-92.0
259301,411440.0,3390440.0,30,200,6,6,2585.0,9.2,498,0,5,411505,3390480,497,0,13,-83.11
259301,411440.0,3390440.0,30,200,6,6,2585.0,9.2,498,0,5,411390,3390505,497,0,12,-95.0
259301,411440.0,3390440.0,30,200,6,6,2585.0,9.2,498,0,5,411510,3390465,497,0,6,-81.85
259301,411440.0,3390440.0,30,200,6,6,2585.0,9.2,498,0,5,411410,3390525,497,0,12,-97.67
259301,411440.0,3390440.0,30,200,6,6,2585.0,9.2,498,0,5,411500,3390475,497,0,13,-85.0
259301,411440.0,3390440.0,30,200,6,6,2585.0,9.2,498,0,5,411495,3390450,498,0,5,-81.5
259301,411440.0,3390440.0,30,200,6,6,2585.0,9.2,498,0,5,411485,3390460,498,15,5,-83.0
259301,411440.0,3390440.0,30,200,6,6,2585.0,9.2,498,0,5,411830,3387640,489,0,13,-110.0
259301,411440.0,3390440.0,30,200,6,6,2585.0,9.2,498,0,5,411340,3390545,497,0,6,-99.5
259301,411440.0,3390440.0,30,200,6,6,2585.0,9.2,498,0,5,411330,3390535,497,0,5,-102.0
259301,411440.0,3390440.0,30,200,6,6,2585.0,9.2,498,0,5,411325,3390530,497,27,5,-95.5
259301,411440.0,3390440.0,30,200,6,6,2585.0,9.2,498,0,5,411335,3390540,497,0,5,-96.33
259301,411440.0,3390440.0,30,200,6,6,2585.0,9.2,498,0,5,412055,3388180,486,0,5,-97.5
259301,411440.0,3390440.0,30,200,6,6,2585.0,9.2,498,0,5,412075,3388200,485,0,2,-95.0
259301,411440.0,3390440.0,30,200,6,6,2585.0,9.2,498,0,5,412060,3388185,486,0,2,-96.0
259301,411440.0,3390440.0,30,200,6,6,2585.0,9.2,498,0,5,412050,3388175,486,0,5,-97.8
259301,411440.0,3390440.0,30,200,6,6,2585.0,9.2,498,0,5,412065,3388190,486,0,2,-97.0
259301,411440.0,3390440.0,30,200,6,6,2585.0,9.2,498,0,5,412045,3388170,487,0,5,-96.0
259301,411440.0,3390440.0,30,200,6,6,2585.0,9.2,498,0,5,412040,3388165,487,0,5,-98.67
259301,411440.0,3390440.0,30,200,6,6,2585.0,9.2,498,0,5,412070,3388195,485,0,2,-92.67
259301,411440.0,3390440.0,30,200,6,6,2585.0,9.2,498,0,5,412505,3388180,486,0,2,-98.38
259301,411440.0,3390440.0,30,200,6,6,2585.0,9.2,498,0,5,412490,3388185,486,0,2,-100.0
259301,411440.0,3390440.0,30,200,6,6,2585.0,9.2,498,0,5,412500,3388175,486,0,2,-104.0
259301,411440.0,3390440.0,30,200,6,6,2585.0,9.2,498,0,5,412515,3388170,487,0,5,-105.5
259301,411440.0,3390440.0,30,200,6,6,2585.0,9.2,498,0,5,412170,3387940,488,0,7,-93.5
259301,411440.0,3390440.0,30,200,6,6,2585.0,9.2,498,0,5,412165,3387925,489,0,7,-95.5
259301,411440.0,3390440.0,30,200,6,6,2585.0,9.2,498,0,5,412175,3387935,488,0,7,-97.33
259301,411440.0,3390440.0,30,200,6,6,2585.0,9.2,498,0,5,412185,3387945,487,0,7,-95.5
259301,411440.0,3390440.0,30,200,6,6,2585.0,9.2,498,0,5,411660,3390320,496,0,5,-106.0
259301,411440.0,3390440.0,30,200,6,6,2585.0,9.2,498,0,5,411550,3390350,496,0,5,-88.0
259301,411440.0,3390440.0,30,200,6,6,2585.0,9.2,498,0,5,411575,3390365,496,0,12,-96.67
259301,411440.0,3390440.0,30,200,6,6,2585.0,9.2,498,0,5,411655,3390285,496,6,6,-103.0
259301,411440.0,3390440.0,30,200,6,6,2585.0,9.2,498,0,5,411640,3390300,496,0,12,-109.0
259301,411440.0,3390440.0,30,200,6,6,2585.0,9.2,498,0,5,411555,3390345,496,0,5,-84.3
259301,411440.0,3390440.0,30,200,6,6,2585.0,9.2,498,0,5,411875,3387720,489,18,5,-114.0
259301,411440.0,3390440.0,30,200,6,6,2585.0,9.2,498,0,5,411515,3390570,496,0,5,-91.0
259301,411440.0,3390440.0,30,200,6,6,2585.0,9.2,498,0,5,411510,3390565,496,0,12,-87.0
259301,411440.0,3390440.0,30,200,6,6,2585.0,9.2,498,0,5,412050,3388200,486,0,5,-99.33
259301,411440.0,3390440.0,30,200,6,6,2585.0,9.2,498,0,5,412065,3388165,486,0,5,-95.46
259301,411440.0,3390440.0,30,200,6,6,2585.0,9.2,498,0,5,412055,3388195,486,0,5,-95.5
259301,411440.0,3390440.0,30,200,6,6,2585.0,9.2,498,0,5,412075,3388175,485,0,2,-95.13
259301,411440.0,3390440.0,30,200,6,6,2585.0,9.2,498,0,5,412060,3388170,486,0,5,-95.07
259301,411440.0,3390440.0,30,200,6,6,2585.0,9.2,498,0,5,411895,3387815,490,0,13,-105.5
259301,411440.0,3390440.0,30,200,6,6,2585.0,9.2,498,0,5,411850,3387780,489,0,6,-114.0
259301,411440.0,3390440.0,30,200,6,6,2585.0,9.2,498,0,5,411870,3387800,489,0,5,-105.5
259301,411440.0,3390440.0,30,200,6,6,2585.0,9.2,498,0,5,411855,3387775,489,0,5,-113.5
259301,411440.0,3390440.0,30,200,6,6,2585.0,9.2,498,0,5,411860,3387790,489,0,5,-110.0
259301,411440.0,3390440.0,30,200,6,6,2585.0,9.2,498,0,5,411865,3387785,489,0,5,-107.43
259301,411440.0,3390440.0,30,200,6,6,2585.0,9.2,498,0,5,412160,3388100,484,0,2,-105.0
259301,411440.0,3390440.0,30,200,6,6,2585.0,9.2,498,0,5,411510,3390570,496,0,5,-91.0
259301,411440.0,3390440.0,30,200,6,6,2585.0,9.2,498,0,5,411515,3390565,496,0,12,-92.0
259301,411440.0,3390440.0,30,200,6,6,2585.0,9.2,498,0,5,411540,3390600,496,0,5,-91.83
259301,411440.0,3390440.0,30,200,6,6,2585.0,9.2,498,0,5,411915,3390305,494,0,5,-87.0
259301,411440.0,3390440.0,30,200,6,6,2585.0,9.2,498,0,5,411905,3390315,494,0,5,-92.5
259301,411440.0,3390440.0,30,200,6,6,2585.0,9.2,498,0,5,411695,3390405,495,0,5,-83.93
259301,411440.0,3390440.0,30,200,6,6,2585.0,9.2,498,0,5,411715,3390425,494,12,5,-82.5
259301,411440.0,3390440.0,30,200,6,6,2585.0,9.2,498,0,5,411910,3390310,494,0,5,-86.22
259301,411440.0,3390440.0,30,200,6,6,2585.0,9.2,498,0,5,412130,3390210,497,0,5,-97.0
259301,411440.0,3390440.0,30,200,6,6,2585.0,9.2,498,0,5,412135,3390205,497,0,5,-99.67
259301,411440.0,3390440.0,30,200,6,6,2585.0,9.2,498,0,5,412120,3390220,497,0,11,-96.0
259301,411440.0,3390440.0,30,200,6,6,2585.0,9.2,498,0,5,412100,3390200,496,48,12,-97.5
259301,411440.0,3390440.0,30,200,6,6,2585.0,9.2,498,0,5,411690,3390410,495,0,5,-89.79
259301,411440.0,3390440.0,30,200,6,6,2585.0,9.2,498,0,5,412125,3390215,497,0,11,-97.86
259301,411440.0,3390440.0,30,200,6,6,2585.0,9.2,498,0,5,411895,3390285,493,72,5,-94.0
259301,411440.0,3390440.0,30,200,6,6,2585.0,9.2,498,0,5,411885,3390295,493,0,5,-90.0
259301,411440.0,3390440.0,30,200,6,6,2585.0,9.2,498,0,5,411680,3390420,495,0,5,-81.33
259301,411440.0,3390440.0,30,200,6,6,2585.0,9.2,498,0,5,411685,3390415,495,12,5,-84.09
259301,411440.0,3390440.0,30,200,6,6,2585.0,9.2,498,0,5,411545,3390595,496,0,13,-89.4
259301,411440.0,3390440.0,30,200,6,6,2585.0,9.2,498,0,5,411470,3390440,498,15,5,-96.5
259301,411440.0,3390440.0,30,200,6,6,2585.0,9.2,498,0,5,411385,3390505,497,0,12,-96.5
259301,411440.0,3390440.0,30,200,6,6,2585.0,9.2,498,0,5,411390,3390520,497,0,12,-94.6
259301,411440.0,3390440.0,30,200,6,6,2585.0,9.2,498,0,5,411505,3390465,497,0,5,-81.0
259301,411440.0,3390440.0,30,200,6,6,2585.0,9.2,498,0,5,411490,3390460,498,15,13,-85.2
259301,411440.0,3390440.0,30,200,6,6,2585.0,9.2,498,0,5,411395,3390515,497,0,12,-96.71
259301,411440.0,3390440.0,30,200,6,6,2585.0,9.2,498,0,5,411380,3390510,497,0,5,-94.33
259301,411440.0,3390440.0,30,200,6,6,2585.0,9.2,498,0,5,411510,3390480,497,0,5,-83.0
259301,411440.0,3390440.0,30,200,6,6,2585.0,9.2,498,0,5,411405,3390525,497,0,5,-98.44
259301,411440.0,3390440.0,30,200,6,6,2585.0,9.2,498,0,5,411495,3390455,498,15,5,-85.58
259301,411440.0,3390440.0,30,200,6,6,2585.0,9.2,498,0,5,411500,3390470,498,0,13,-83.8
259301,411440.0,3390440.0,30,200,6,6,2585.0,9.2,498,0,5,411420,3390550,497,0,5,-97.0
259301,411440.0,3390440.0,30,200,6,6,2585.0,9.2,498,0,5,411400,3390530,497,0,5,-98.0
259301,411440.0,3390440.0,30,200,6,6,2585.0,9.2,498,0,5,411515,3390475,497,0,6,-80.84
259301,411440.0,3390440.0,30,200,6,6,2585.0,9.2,498,0,5,411365,3390485,497,27,5,-103.75
259301,411440.0,3390440.0,30,200,6,6,2585.0,9.2,498,0,5,411480,3390450,498,0,13,-84.0
259301,411440.0,3390440.0,30,200,6,6,2585.0,9.2,498,0,5,411485,3390445,498,0,13,-95.2
259301,411440.0,3390440.0,30,200,6,6,2585.0,9.2,498,0,5,411570,3390345,496,0,12,-86.33
259301,411440.0,3390440.0,30,200,6,6,2585.0,9.2,498,0,5,411660,3390255,495,0,13,-105.33
259301,411440.0,3390440.0,30,200,6,6,2585.0,9.2,498,0,5,411590,3390325,496,0,5,-91.33
259301,411440.0,3390440.0,30,200,6,6,2585.0,9.2,498,0,5,411580,3390335,496,0,5,-85.56
259301,411440.0,3390440.0,30,200,6,6,2585.0,9.2,498,0,5,411520,3390395,497,21,12,-81.75
259301,411440.0,3390440.0,30,200,6,6,2585.0,9.2,498,0,5,411525,3390400,497,21,5,-85.33
259301,411440.0,3390440.0,30,200,6,6,2585.0,9.2,498,0,5,411585,3390340,496,0,12,-86.67
259301,411440.0,3390440.0,30,200,6,6,2585.0,9.2,498,0,5,411855,3387785,489,0,5,-99.5
259301,411440.0,3390440.0,30,200,6,6,2585.0,9.2,498,0,5,411860,3387780,489,0,5,-112.0
259301,411440.0,3390440.0,30,200,6,6,2585.0,9.2,498,0,5,411865,3387775,489,0,13,-110.0
259301,411440.0,3390440.0,30,200,6,6,2585.0,9.2,498,0,5,411875,3387765,489,0,5,-115.8
259301,411440.0,3390440.0,30,200,6,6,2585.0,9.2,498,0,5,411850,3387790,489,0,6,-105.86
259301,411440.0,3390440.0,30,200,6,6,2585.0,9.2,498,0,5,411880,3387840,491,0,13,-106.5
259301,411440.0,3390440.0,30,200,6,6,2585.0,9.2,498,0,5,411995,3388165,488,0,13,-94.8
259301,411440.0,3390440.0,30,200,6,6,2585.0,9.2,498,0,5,411985,3388175,488,0,5,-91.5
259301,411440.0,3390440.0,30,200,6,6,2585.0,9.2,498,0,5,411980,3388180,489,0,5,-99.0
259301,411440.0,3390440.0,30,200,6,6,2585.0,9.2,498,0,5,411990,3388170,488,0,5,-95.14
259301,411440.0,3390440.0,30,200,6,6,2585.0,9.2,498,0,5,411880,3387785,489,6,5,-116.0
259301,411440.0,3390440.0,30,200,6,6,2585.0,9.2,498,0,5,411870,3387815,490,0,5,-102.87
259301,411440.0,3390440.0,30,200,6,6,2585.0,9.2,498,0,5,411850,3387835,490,5,6,-110.5
259301,411440.0,3390440.0,30,200,6,6,2585.0,9.2,498,0,5,411865,3387810,490,0,5,-103.62
259301,411440.0,3390440.0,30,200,6,6,2585.0,9.2,498,0,5,411860,3387805,490,0,5,-108.0
259301,411440.0,3390440.0,30,200,6,6,2585.0,9.2,498,0,5,411875,3387820,490,0,5,-104.25
259301,411440.0,3390440.0,30,200,6,6,2585.0,9.2,498,0,5,411705,3387615,490,0,5,-121.5
259301,411440.0,3390440.0,30,200,6,6,2585.0,9.2,498,0,5,412405,3388170,485,0,7,-96.5
259301,411440.0,3390440.0,30,200,6,6,2585.0,9.2,498,0,5,412410,3388175,486,0,7,-97.5
259301,411440.0,3390440.0,30,200,6,6,2585.0,9.2,498,0,5,412135,3390305,498,0,11,-99.5
259301,411440.0,3390440.0,30,200,6,6,2585.0,9.2,498,0,5,411600,3390440,496,0,5,-76.09
259301,411440.0,3390440.0,30,200,6,6,2585.0,9.2,498,0,5,411675,3390445,494,0,12,-88.0
259301,411440.0,3390440.0,30,200,6,6,2585.0,9.2,498,0,5,411610,3390430,496,0,5,-76.56
259301,411440.0,3390440.0,30,200,6,6,2585.0,9.2,498,0,5,411625,3390415,496,0,5,-78.57
259301,411440.0,3390440.0,30,200,6,6,2585.0,9.2,498,0,5,411605,3390435,496,0,5,-76.27
259301,411440.0,3390440.0,30,200,6,6,2585.0,9.2,498,0,5,411540,3390500,497,0,5,-79.44
259301,411440.0,3390440.0,30,200,6,6,2585.0,9.2,498,0,5,411545,3390495,497,0,12,-84.29
259301,411440.0,3390440.0,30,200,6,6,2585.0,9.2,498,0,5,411550,3390490,497,0,12,-85.18
259301,411440.0,3390440.0,30,200,6,6,2585.0,9.2,498,0,5,412115,3390245,497,0,5,-99.5
259301,411440.0,3390440.0,30,200,6,6,2585.0,9.2,498,0,5,411615,3390425,496,0,12,-75.58
259301,411440.0,3390440.0,30,200,6,6,2585.0,9.2,498,0,5,411670,3390450,494,0,5,-83.67
259301,411440.0,3390440.0,30,200,6,6,2585.0,9.2,498,0,5,411620,3390420,496,0,12,-74.8
259301,411440.0,3390440.0,30,200,6,6,2585.0,9.2,498,0,5,411555,3390485,497,0,12,-85.5
259301,411440.0,3390440.0,30,200,6,6,2585.0,9.2,498,0,5,411635,3390405,496,21,13,-74.85
259301,411440.0,3390440.0,30,200,6,6,2585.0,9.2,498,0,5,411535,3390505,497,0,6,-80.0
259301,411440.0,3390440.0,30,200,6,6,2585.0,9.2,498,0,5,411630,3390410,496,0,5,-75.0
259301,411440.0,3390440.0,30,200,6,6,2585.0,9.2,498,0,5,411015,3388760,491,36,6,-105.0
259301,411440.0,3390440.0,30,200,6,6,2585.0,9.2,498,0,5,411840,3387715,490,0,5,-106.5
259301,411440.0,3390440.0,30,200,6,6,2585.0,9.2,498,0,5,411845,3387720,490,0,13,-104.0
259301,411440.0,3390440.0,30,200,6,6,2585.0,9.2,498,0,5,412205,3388170,484,0,7,-100.5
259301,411440.0,3390440.0,30,200,6,6,2585.0,9.2,498,0,5,412085,3388170,485,0,2,-95.28
259301,411440.0,3390440.0,30,200,6,6,2585.0,9.2,498,0,5,412080,3388165,485,0,2,-95.17
259301,411440.0,3390440.0,30,200,6,6,2585.0,9.2,498,0,5,412090,3388175,485,0,2,-95.12
259301,411440.0,3390440.0,30,200,6,6,2585.0,9.2,498,0,5,412095,3388180,484,0,2,-97.33
259301,411440.0,3390440.0,30,200,6,6,2585.0,9.2,498,0,5,411995,3388170,488,0,5,-88.5
259301,411440.0,3390440.0,30,200,6,6,2585.0,9.2,498,0,5,411990,3388165,488,0,5,-98.75
259301,411440.0,3390440.0,30,200,6,6,2585.0,9.2,498,0,5,411770,3390315,494,27,12,-91.0
259301,411440.0,3390440.0,30,200,6,6,2585.0,9.2,498,0,5,411755,3390340,495,27,5,-105.5
259301,411440.0,3390440.0,30,200,6,6,2585.0,9.2,498,0,5,411705,3390370,495,21,6,-85.0
259301,411440.0,3390440.0,30,200,6,6,2585.0,9.2,498,0,5,411695,3390400,495,0,5,-87.42
259301,411440.0,3390440.0,30,200,6,6,2585.0,9.2,498,0,5,411715,3390380,495,0,5,-82.31
259301,411440.0,3390440.0,30,200,6,6,2585.0,9.2,498,0,5,411725,3390350,495,0,5,-90.0
259301,411440.0,3390440.0,30,200,6,6,2585.0,9.2,498,0,5,411735,3390360,495,0,5,-88.74
259301,411440.0,3390440.0,30,200,6,6,2585.0,9.2,498,0,5,411690,3390395,495,0,5,-81.5
259301,411440.0,3390440.0,30,200,6,6,2585.0,9.2,498,0,5,411685,3390390,495,0,5,-82.95
259301,411440.0,3390440.0,30,200,6,6,2585.0,9.2,498,0,5,411710,3390375,495,0,5,-83.45
259301,411440.0,3390440.0,30,200,6,6,2585.0,9.2,498,0,5,411700,3390365,495,0,5,-80.17
259301,411440.0,3390440.0,30,200,6,6,2585.0,9.2,498,0,5,411720,3390345,495,21,5,-93.5
259301,411440.0,3390440.0,30,200,6,6,2585.0,9.2,498,0,5,411730,3390355,495,0,5,-89.31
259301,411440.0,3390440.0,30,200,6,6,2585.0,9.2,498,0,5,411680,3390385,495,21,5,-79.08
259301,411440.0,3390440.0,30,200,6,6,2585.0,9.2,498,0,5,411775,3390320,494,27,5,-87.5
259301,411440.0,3390440.0,30,200,6,6,2585.0,9.2,498,0,5,411745,3390330,495,27,12,-97.0
259301,411440.0,3390440.0,30,200,6,6,2585.0,9.2,498,0,5,411750,3390335,495,27,5,-85.5
259301,411440.0,3390440.0,30,200,6,6,2585.0,9.2,498,0,5,411895,3390290,493,72,5,-89.0
259301,411440.0,3390440.0,30,200,6,6,2585.0,9.2,498,0,5,411900,3390315,493,0,5,-96.5
259301,411440.0,3390440.0,30,200,6,6,2585.0,9.2,498,0,5,411690,3390405,495,0,5,-83.75
259301,411440.0,3390440.0,30,200,6,6,2585.0,9.2,498,0,5,411545,3390600,496,0,13,-91.33
259301,411440.0,3390440.0,30,200,6,6,2585.0,9.2,498,0,5,411695,3390410,495,12,5,-88.22
259301,411440.0,3390440.0,30,200,6,6,2585.0,9.2,498,0,5,411700,3390435,494,12,12,-94.0
259301,411440.0,3390440.0,30,200,6,6,2585.0,9.2,498,0,5,412130,3390205,497,0,5,-98.0
259301,411440.0,3390440.0,30,200,6,6,2585.0,9.2,498,0,5,411910,3390305,494,0,5,-85.15
259301,411440.0,3390440.0,30,200,6,6,2585.0,9.2,498,0,5,412120,3390215,497,0,11,-97.67
259301,411440.0,3390440.0,30,200,6,6,2585.0,9.2,498,0,5,412125,3390220,497,0,11,-99.5
259301,411440.0,3390440.0,30,200,6,6,2585.0,9.2,498,0,5,411685,3390420,495,12,5,-91.5
259301,411440.0,3390440.0,30,200,6,6,2585.0,9.2,498,0,5,411885,3390300,493,0,5,-86.29
259301,411440.0,3390440.0,30,200,6,6,2585.0,9.2,498,0,5,411525,3390580,496,0,5,-89.0
259301,411440.0,3390440.0,30,200,6,6,2585.0,9.2,498,0,5,412115,3390190,496,0,5,-98.5
259301,411440.0,3390440.0,30,200,6,6,2585.0,9.2,498,0,5,412135,3390210,497,0,5,-92.33
259301,411440.0,3390440.0,30,200,6,6,2585.0,9.2,498,0,5,411540,3390595,496,0,13,-89.0
259301,411440.0,3390440.0,30,200,6,6,2585.0,9.2,498,0,5,411680,3390415,495,0,5,-81.95
259301,411440.0,3390440.0,30,200,6,6,2585.0,9.2,498,0,5,412390,3387735,485,0,7,-100.5
259301,411440.0,3390440.0,30,200,6,6,2585.0,9.2,498,0,5,411545,3390605,495,0,13,-88.0
259301,411440.0,3390440.0,30,200,6,6,2585.0,9.2,498,0,5,411840,3390310,493,0,6,-95.5
259301,411440.0,3390440.0,30,200,6,6,2585.0,9.2,498,0,5,411570,3390600,495,15,6,-89.0
259301,411440.0,3390440.0,30,200,6,6,2585.0,9.2,498,0,5,411735,3390435,494,0,6,-88.5
259301,411440.0,3390440.0,30,200,6,6,2585.0,9.2,498,0,5,412105,3390205,496,0,12,-100.33
259301,411440.0,3390440.0,30,200,6,6,2585.0,9.2,498,0,5,412095,3390235,496,0,5,-101.4
259301,411440.0,3390440.0,30,200,6,6,2585.0,9.2,498,0,5,412130,3390200,496,0,5,-97.33
259301,411440.0,3390440.0,30,200,6,6,2585.0,9.2,498,0,5,412120,3390190,496,0,6,-102.0
259301,411440.0,3390440.0,30,200,6,6,2585.0,9.2,498,0,5,412100,3390210,496,0,12,-95.0
259301,411440.0,3390440.0,30,200,6,6,2585.0,9.2,498,0,5,412115,3390215,497,0,12,-95.0
259301,411440.0,3390440.0,30,200,6,6,2585.0,9.2,498,0,5,412110,3390220,497,0,12,-107.0
259301,411440.0,3390440.0,30,200,6,6,2585.0,9.2,498,0,5,412080,3390230,496,0,5,-96.86
259301,411440.0,3390440.0,30,200,6,6,2585.0,9.2,498,0,5,412085,3390225,496,0,5,-103.57
259301,411440.0,3390440.0,30,200,6,6,2585.0,9.2,498,0,5,411850,3390320,493,0,5,-84.64
259301,411440.0,3390440.0,30,200,6,6,2585.0,9.2,498,0,5,411540,3390610,496,0,5,-87.6
259301,411440.0,3390440.0,30,200,6,6,2585.0,9.2,498,0,5,411860,3390290,493,0,13,-103.0
259301,411440.0,3390440.0,30,200,6,6,2585.0,9.2,498,0,5,411845,3390305,493,0,6,-84.0
259301,411440.0,3390440.0,30,200,6,6,2585.0,9.2,498,0,5,411855,3390315,493,0,5,-94.08
259301,411440.0,3390440.0,30,200,6,6,2585.0,9.2,498,0,5,411870,3390300,493,0,5,-94.33
259301,411440.0,3390440.0,30,200,6,6,2585.0,9.2,498,0,5,411045,3388775,492,0,5,-98.75
259301,411440.0,3390440.0,30,200,6,6,2585.0,9.2,498,0,5,411050,3388770,492,0,5,-102.0
259301,411440.0,3390440.0,30,200,6,6,2585.0,9.2,498,0,5,412500,3388180,486,0,2,-102.89
259301,411440.0,3390440.0,30,200,6,6,2585.0,9.2,498,0,5,412495,3388185,486,0,2,-97.25
259301,411440.0,3390440.0,30,200,6,6,2585.0,9.2,498,0,5,412505,3388175,486,0,2,-102.15
259301,411440.0,3390440.0,30,200,6,6,2585.0,9.2,498,0,5,411970,3390290,497,0,13,-94.5
259301,411440.0,3390440.0,30,200,6,6,2585.0,9.2,498,0,5,411940,3390280,496,0,5,-92.5
259301,411440.0,3390440.0,30,200,6,6,2585.0,9.2,498,0,5,411760,3390420,494,12,6,-94.33
259301,411440.0,3390440.0,30,200,6,6,2585.0,9.2,498,0,5,411975,3390285,497,0,13,-95.17
259301,411440.0,3390440.0,30,200,6,6,2585.0,9.2,498,0,5,411945,3390275,496,0,13,-98.0
259301,411440.0,3390440.0,30,200,6,6,2585.0,9.2,498,0,5,412075,3390225,496,0,5,-98.75
259301,411440.0,3390440.0,30,200,6,6,2585.0,9.2,498,0,5,411840,3390340,493,0,5,-79.62
259301,411440.0,3390440.0,30,200,6,6,2585.0,9.2,498,0,5,412070,3390230,496,0,5,-93.57
259301,411440.0,3390440.0,30,200,6,6,2585.0,9.2,498,0,5,412065,3390235,495,0,5,-90.3
259301,411440.0,3390440.0,30,200,6,6,2585.0,9.2,498,0,5,411875,3390345,493,0,10,-102.0
259301,411440.0,3390440.0,30,200,6,6,2585.0,9.2,498,0,5,411885,3390375,493,0,6,-106.5
259301,411440.0,3390440.0,30,200,6,6,2585.0,9.2,498,0,5,411865,3390355,493,0,5,-99.5
259301,411440.0,3390440.0,30,200,6,6,2585.0,9.2,498,0,5,411845,3390335,493,0,6,-84.52
259301,411440.0,3390440.0,30,200,6,6,2585.0,9.2,498,0,5,411850,3390330,493,0,6,-85.62
259301,411440.0,3390440.0,30,200,6,6,2585.0,9.2,498,0,5,412060,3390240,496,0,5,-91.27
259301,411440.0,3390440.0,30,200,6,6,2585.0,9.2,498,0,5,411855,3390325,493,0,5,-84.65
259301,411440.0,3390440.0,30,200,6,6,2585.0,9.2,498,0,5,411965,3390295,496,0,13,-86.0
259301,411440.0,3390440.0,30,200,6,6,2585.0,9.2,498,0,5,411790,3390375,495,12,12,-88.33
259301,411440.0,3390440.0,30,200,6,6,2585.0,9.2,498,0,5,411775,3390400,495,0,5,-98.0
259301,411440.0,3390440.0,30,200,6,6,2585.0,9.2,498,0,5,411830,3390335,493,0,5,-86.73
259301,411440.0,3390440.0,30,200,6,6,2585.0,9.2,498,0,5,411805,3390350,494,0,5,-85.69
259301,411440.0,3390440.0,30,200,6,6,2585.0,9.2,498,0,5,411820,3390325,493,0,5,-85.1
259301,411440.0,3390440.0,30,200,6,6,2585.0,9.2,498,0,5,411705,3390290,496,0,5,-111.0
259301,411440.0,3390440.0,30,200,6,6,2585.0,9.2,498,0,5,411780,3390365,495,0,5,-86.82
259301,411440.0,3390440.0,30,200,6,6,2585.0,9.2,498,0,5,411715,3390300,496,0,5,-98.75
259301,411440.0,3390440.0,30,200,6,6,2585.0,9.2,498,0,5,411905,3390410,493,0,5,-105.0
259301,411440.0,3390440.0,30,200,6,6,2585.0,9.2,498,0,5,411800,3390345,494,0,5,-87.94
259301,411440.0,3390440.0,30,200,6,6,2585.0,9.2,498,0,5,411690,3390315,496,0,12,-97.5
259301,411440.0,3390440.0,30,200,6,6,2585.0,9.2,498,0,5,411825,3390330,493,0,5,-87.08
259301,411440.0,3390440.0,30,200,6,6,2585.0,9.2,498,0,5,411815,3390360,494,0,5,-84.8
259301,411440.0,3390440.0,30,200,6,6,2585.0,9.2,498,0,5,411810,3390355,494,0,5,-82.8
259301,411440.0,3390440.0,30,200,6,6,2585.0,9.2,498,0,5,411835,3390340,493,0,5,-84.55
259301,411440.0,3390440.0,30,200,6,6,2585.0,9.2,498,0,5,411785,3390370,495,0,5,-87.83
259301,411440.0,3390440.0,30,200,6,6,2585.0,9.2,498,0,5,411695,3390320,496,0,12,-99.33
259301,411440.0,3390440.0,30,200,6,6,2585.0,9.2,498,0,5,411620,3390410,496,0,5,-67.5
259301,411440.0,3390440.0,30,200,6,6,2585.0,9.2,498,0,5,411670,3390460,494,0,6,-93.0
259301,411440.0,3390440.0,30,200,6,6,2585.0,9.2,498,0,5,411660,3390450,495,0,12,-77.5
259301,411440.0,3390440.0,30,200,6,6,2585.0,9.2,498,0,5,411605,3390425,496,0,12,-76.37
259301,411440.0,3390440.0,30,200,6,6,2585.0,9.2,498,0,5,411600,3390430,496,0,12,-77.5
259301,411440.0,3390440.0,30,200,6,6,2585.0,9.2,498,0,5,411540,3390490,497,0,12,-83.67
259301,411440.0,3390440.0,30,200,6,6,2585.0,9.2,498,0,5,411555,3390495,497,0,12,-81.38
259301,411440.0,3390440.0,30,200,6,6,2585.0,9.2,498,0,5,411550,3390500,497,0,12,-89.29
259301,411440.0,3390440.0,30,200,6,6,2585.0,9.2,498,0,5,411635,3390415,496,0,13,-73.62
259301,411440.0,3390440.0,30,200,6,6,2585.0,9.2,498,0,5,411630,3390420,496,0,5,-73.18
259301,411440.0,3390440.0,30,200,6,6,2585.0,9.2,498,0,5,411545,3390485,497,0,12,-85.24
259301,411440.0,3390440.0,30,200,6,6,2585.0,9.2,498,0,5,411625,3390405,496,21,5,-77.0
259301,411440.0,3390440.0,30,200,6,6,2585.0,9.2,498,0,5,411615,3390435,496,0,5,-75.5
259301,411440.0,3390440.0,30,200,6,6,2585.0,9.2,498,0,5,411610,3390440,496,0,5,-73.56
259301,411440.0,3390440.0,30,200,6,6,2585.0,9.2,498,0,5,411530,3390520,497,0,6,-84.5
259301,411440.0,3390440.0,30,200,6,6,2585.0,9.2,498,0,5,412170,3388165,483,0,7,-97.67
259301,411440.0,3390440.0,30,200,6,6,2585.0,9.2,498,0,5,412175,3388170,483,0,7,-99.4
259301,411440.0,3390440.0,30,200,6,6,2585.0,9.2,498,0,5,412160,3388175,482,0,7,-95.25
259301,411440.0,3390440.0,30,200,6,6,2585.0,9.2,498,0,5,411870,3387845,491,0,13,-105.3
259301,411440.0,3390440.0,30,200,6,6,2585.0,9.2,498,0,5,411875,3387850,491,0,13,-111.0
259301,411440.0,3390440.0,30,200,6,6,2585.0,9.2,498,0,5,411860,3387855,491,0,6,-105.0
259301,411440.0,3390440.0,30,200,6,6,2585.0,9.2,498,0,5,411875,3387590,487,24,5,-96.5
259301,411440.0,3390440.0,30,200,6,6,2585.0,9.2,498,0,5,411865,3387600,488,24,5,-100.67
259301,411440.0,3390440.0,30,200,6,6,2585.0,9.2,498,0,5,411860,3387595,487,24,5,-105.25
259301,411440.0,3390440.0,30,200,6,6,2585.0,9.2,498,0,5,411495,3390575,496,0,5,-89.0
259301,411440.0,3390440.0,30,200,6,6,2585.0,9.2,498,0,5,410875,3388630,494,0,5,-106.33
259301,411440.0,3390440.0,30,200,6,6,2585.0,9.2,498,0,5,411835,3387670,490,0,13,-110.0
259301,411440.0,3390440.0,30,200,6,6,2585.0,9.2,498,0,5,411820,3387675,490,0,6,-122.0
259301,411440.0,3390440.0,30,200,6,6,2585.0,9.2,498,0,5,411825,3387680,491,0,6,-112.5
259301,411440.0,3390440.0,30,200,6,6,2585.0,9.2,498,0,5,411765,3390395,495,0,5,-114.5
259301,411440.0,3390440.0,30,200,6,6,2585.0,9.2,498,0,5,411785,3390375,495,12,12,-89.5
259301,411440.0,3390440.0,30,200,6,6,2585.0,9.2,498,0,5,411790,3390370,495,12,12,-90.67
259301,411440.0,3390440.0,30,200,6,6,2585.0,9.2,498,0,5,411780,3390380,495,12,12,-90.0
259301,411440.0,3390440.0,30,200,6,6,2585.0,9.2,498,0,5,411805,3390355,494,0,5,-82.75
259301,411440.0,3390440.0,30,200,6,6,2585.0,9.2,498,0,5,411795,3390365,494,0,12,-88.75
259301,411440.0,3390440.0,30,200,6,6,2585.0,9.2,498,0,5,411695,3390305,496,0,12,-113.5
259301,411440.0,3390440.0,30,200,6,6,2585.0,9.2,498,0,5,411820,3390340,493,0,5,-85.34
259301,411440.0,3390440.0,30,200,6,6,2585.0,9.2,498,0,5,411680,3390320,496,0,5,-98.33
259301,411440.0,3390440.0,30,200,6,6,2585.0,9.2,498,0,5,411815,3390345,494,0,5,-85.8
259301,411440.0,3390440.0,30,200,6,6,2585.0,9.2,498,0,5,411825,3390335,493,0,5,-84.77
259301,411440.0,3390440.0,30,200,6,6,2585.0,9.2,498,0,5,411705,3390295,496,0,5,-108.0
259301,411440.0,3390440.0,30,200,6,6,2585.0,9.2,498,0,5,411690,3390310,496,0,12,-102.5
259301,411440.0,3390440.0,30,200,6,6,2585.0,9.2,498,0,5,411685,3390315,496,0,12,-103.33
259301,411440.0,3390440.0,30,200,6,6,2585.0,9.2,498,0,5,411830,3390330,493,0,5,-84.65
259301,411440.0,3390440.0,30,200,6,6,2585.0,9.2,498,0,5,411835,3390325,493,0,5,-88.38
259301,411440.0,3390440.0,30,200,6,6,2585.0,9.2,498,0,5,411800,3390360,494,0,12,-84.4
259301,411440.0,3390440.0,30,200,6,6,2585.0,9.2,498,0,5,411810,3390350,494,0,5,-81.43
259301,411440.0,3390440.0,30,200,6,6,2585.0,9.2,498,0,5,412020,3388160,487,0,13,-103.25
259301,411440.0,3390440.0,30,200,6,6,2585.0,9.2,498,0,5,411795,3387745,490,0,5,-114.0
259301,411440.0,3390440.0,30,200,6,6,2585.0,9.2,498,0,5,411945,3387915,490,0,5,-113.0
259301,411440.0,3390440.0,30,200,6,6,2585.0,9.2,498,0,5,412015,3388125,488,9,5,-104.0
259301,411440.0,3390440.0,30,200,6,6,2585.0,9.2,498,0,5,412175,3388045,487,0,7,-107.33
259301,411440.0,3390440.0,30,200,6,6,2585.0,9.2,498,0,5,411540,3390345,496,0,5,-85.67
259301,411440.0,3390440.0,30,200,6,6,2585.0,9.2,498,0,5,411585,3390390,496,0,5,-80.5
259301,411440.0,3390440.0,30,200,6,6,2585.0,9.2,498,0,5,411660,3390305,496,0,5,-113.5
259301,411440.0,3390440.0,30,200,6,6,2585.0,9.2,498,0,5,411675,3390320,496,0,5,-93.5
259301,411440.0,3390440.0,30,200,6,6,2585.0,9.2,498,0,5,411670,3390315,496,0,6,-112.0
259301,411440.0,3390440.0,30,200,6,6,2585.0,9.2,498,0,5,411545,3390350,496,0,5,-85.4
259301,411440.0,3390440.0,30,200,6,6,2585.0,9.2,498,0,5,411625,3390290,496,15,12,-94.0
259301,411440.0,3390440.0,30,200,6,6,2585.0,9.2,498,0,5,411560,3390345,496,0,5,-88.57
259301,411440.0,3390440.0,30,200,6,6,2585.0,9.2,498,0,5,411595,3390340,496,21,5,-97.0
259301,411440.0,3390440.0,30,200,6,6,2585.0,9.2,498,0,5,411590,3390335,496,0,5,-91.0
259301,411440.0,3390440.0,30,200,6,6,2585.0,9.2,498,0,5,411580,3390325,496,0,5,-89.0
259301,411440.0,3390440.0,30,200,6,6,2585.0,9.2,498,0,5,411675,3390260,495,0,5,-100.5
259301,411440.0,3390440.0,30,200,6,6,2585.0,9.2,498,0,5,411645,3390270,495,0,6,-132.0
259301,411440.0,3390440.0,30,200,6,6,2585.0,9.2,498,0,5,411520,3390385,497,21,12,-83.0
259301,411440.0,3390440.0,30,200,6,6,2585.0,9.2,498,0,5,411025,3388760,491,36,6,-99.5
259301,411440.0,3390440.0,30,200,6,6,2585.0,9.2,498,0,5,411005,3388740,491,18,5,-104.0
259301,411440.0,3390440.0,30,200,6,6,2585.0,9.2,498,0,5,410480,3387975,494,96,5,-101.0
259301,411440.0,3390440.0,30,200,6,6,2585.0,9.2,498,0,5,411525,3390595,496,0,13,-88.67
259301,411440.0,3390440.0,30,200,6,6,2585.0,9.2,498,0,5,411530,3390590,496,0,5,-86.5
259301,411440.0,3390440.0,30,200,6,6,2585.0,9.2,498,0,5,411705,3390415,495,0,5,-88.25
259301,411440.0,3390440.0,30,200,6,6,2585.0,9.2,498,0,5,411910,3390290,494,0,5,-96.75
259301,411440.0,3390440.0,30,200,6,6,2585.0,9.2,498,0,5,412090,3390190,496,48,5,-99.0
259301,411440.0,3390440.0,30,200,6,6,2585.0,9.2,498,0,5,412145,3390215,497,51,5,-100.33
259301,411440.0,3390440.0,30,200,6,6,2585.0,9.2,498,0,5,411880,3390320,493,0,5,-85.93
259301,411440.0,3390440.0,30,200,6,6,2585.0,9.2,498,0,5,411715,3390405,495,12,12,-86.7
259301,411440.0,3390440.0,30,200,6,6,2585.0,9.2,498,0,5,411840,3390280,493,0,5,-103.0
259301,411440.0,3390440.0,30,200,6,6,2585.0,9.2,498,0,5,411700,3390420,494,0,5,-98.77
259301,411440.0,3390440.0,30,200,6,6,2585.0,9.2,498,0,5,411690,3390430,494,0,12,-89.8
259301,411440.0,3390440.0,30,200,6,6,2585.0,9.2,498,0,5,411695,3390425,494,0,12,-95.45
259301,411440.0,3390440.0,30,200,6,6,2585.0,9.2,498,0,5,411680,3390440,494,0,12,-82.67
259301,411440.0,3390440.0,30,200,6,6,2585.0,9.2,498,0,5,411885,3390315,493,0,5,-87.75
259301,411440.0,3390440.0,30,200,6,6,2585.0,9.2,498,0,5,412135,3390225,497,0,11,-93.0
259301,411440.0,3390440.0,30,200,6,6,2585.0,9.2,498,0,5,411900,3390300,493,0,5,-91.43
259301,411440.0,3390440.0,30,200,6,6,2585.0,9.2,498,0,5,411895,3390305,493,0,5,-86.75
259301,411440.0,3390440.0,30,200,6,6,2585.0,9.2,498,0,5,411890,3390310,493,0,5,-86.92
259301,411440.0,3390440.0,30,200,6,6,2585.0,9.2,498,0,5,411710,3390410,495,12,12,-91.8
259301,411440.0,3390440.0,30,200,6,6,2585.0,9.2,498,0,5,411890,3387765,489,0,5,-117.67
259301,411440.0,3390440.0,30,200,6,6,2585.0,9.2,498,0,5,411855,3387810,490,0,6,-104.0
259301,411440.0,3390440.0,30,200,6,6,2585.0,9.2,498,0,5,411875,3387830,490,0,5,-105.63
259301,411440.0,3390440.0,30,200,6,6,2585.0,9.2,498,0,5,411880,3387775,489,0,13,-114.5
259301,411440.0,3390440.0,30,200,6,6,2585.0,9.2,498,0,5,411895,3387770,489,0,13,-117.0
259301,411440.0,3390440.0,30,200,6,6,2585.0,9.2,498,0,5,411860,3387835,490,0,6,-106.67
259301,411440.0,3390440.0,30,200,6,6,2585.0,9.2,498,0,5,411850,3387805,489,0,6,-103.8
259301,411440.0,3390440.0,30,200,6,6,2585.0,9.2,498,0,5,411870,3387825,490,0,5,-106.38
259301,411440.0,3390440.0,30,200,6,6,2585.0,9.2,498,0,5,411865,3387840,490,0,5,-104.2
259301,411440.0,3390440.0,30,200,6,6,2585.0,9.2,498,0,5,411885,3387780,489,0,5,-113.29
259301,411440.0,3390440.0,30,200,6,6,2585.0,9.2,498,0,5,411650,3390380,496,0,5,-81.5
259301,411440.0,3390440.0,30,200,6,6,2585.0,9.2,498,0,5,411600,3390330,496,0,5,-96.0
259301,411440.0,3390440.0,30,200,6,6,2585.0,9.2,498,0,5,411660,3390390,496,0,13,-73.1
259301,411440.0,3390440.0,30,200,6,6,2585.0,9.2,498,0,5,411585,3390305,496,21,5,-89.0
259301,411440.0,3390440.0,30,200,6,6,2585.0,9.2,498,0,5,411670,3390400,495,0,13,-78.41
259301,411440.0,3390440.0,30,200,6,6,2585.0,9.2,498,0,5,411675,3390395,495,0,5,-80.86
259301,411440.0,3390440.0,30,200,6,6,2585.0,9.2,498,0,5,411590,3390320,496,0,12,-96.0
259301,411440.0,3390440.0,30,200,6,6,2585.0,9.2,498,0,5,411665,3390385,496,21,5,-78.5
259301,411440.0,3390440.0,30,200,6,6,2585.0,9.2,498,0,5,412030,3388090,488,0,5,-115.0
259301,411440.0,3390440.0,30,200,6,6,2585.0,9.2,498,0,5,412040,3388160,487,0,5,-93.5
259301,411440.0,3390440.0,30,200,6,6,2585.0,9.2,498,0,5,411815,3387745,490,0,12,-107.75
259301,411440.0,3390440.0,30,200,6,6,2585.0,9.2,498,0,5,411820,3387740,490,0,5,-112.0
259301,411440.0,3390440.0,30,200,6,6,2585.0,9.2,498,0,5,411835,3387725,490,0,6,-104.0
259301,411440.0,3390440.0,30,200,6,6,2585.0,9.2,498,0,5,411830,3387730,490,0,6,-104.2
259301,411440.0,3390440.0,30,200,6,6,2585.0,9.2,498,0,5,411825,3387735,490,0,5,-105.6
259301,411440.0,3390440.0,30,200,6,6,2585.0,9.2,498,0,5,412420,3388170,486,0,7,-98.5
259301,411440.0,3390440.0,30,200,6,6,2585.0,9.2,498,0,5,412425,3388165,486,0,7,-103.0
259301,411440.0,3390440.0,30,200,6,6,2585.0,9.2,498,0,5,412435,3388175,486,0,7,-106.0
259301,411440.0,3390440.0,30,200,6,6,2585.0,9.2,498,0,5,411020,3388775,492,0,5,-103.5
259301,411440.0,3390440.0,30,200,6,6,2585.0,9.2,498,0,5,411035,3388770,492,0,5,-97.5
259301,411440.0,3390440.0,30,200,6,6,2585.0,9.2,498,0,5,411505,3390305,496,21,12,-98.0
259301,411440.0,3390440.0,30,200,6,6,2585.0,9.2,498,0,5,411665,3390325,496,0,5,-91.0
259301,411440.0,3390440.0,30,200,6,6,2585.0,9.2,498,0,5,411675,3390335,496,0,6,-96.67
259301,411440.0,3390440.0,30,200,6,6,2585.0,9.2,498,0,5,411650,3390360,496,0,5,-104.33
259301,411440.0,3390440.0,30,200,6,6,2585.0,9.2,498,0,5,412155,3388175,482,0,7,-95.1
259301,411440.0,3390440.0,30,200,6,6,2585.0,9.2,498,0,5,412140,3388170,483,0,7,-94.71
259301,411440.0,3390440.0,30,200,6,6,2585.0,9.2,498,0,5,412145,3388165,482,0,7,-98.33
259301,411440.0,3390440.0,30,200,6,6,2585.0,9.2,498,0,5,412175,3387990,487,0,6,-94.0
259301,411440.0,3390440.0,30,200,6,6,2585.0,9.2,498,0,5,412185,3387980,487,0,7,-97.5
259301,411440.0,3390440.0,30,200,6,6,2585.0,9.2,498,0,5,412180,3387975,487,0,7,-106.0
259301,411440.0,3390440.0,30,200,6,6,2585.0,9.2,498,0,5,411930,3390255,496,0,5,-97.5
259301,411440.0,3390440.0,30,200,6,6,2585.0,9.2,498,0,5,411965,3390290,497,0,13,-97.5
259301,411440.0,3390440.0,30,200,6,6,2585.0,9.2,498,0,5,411840,3390325,493,0,6,-86.3
259301,411440.0,3390440.0,30,200,6,6,2585.0,9.2,498,0,5,411875,3390360,493,0,5,-107.0
259301,411440.0,3390440.0,30,200,6,6,2585.0,9.2,498,0,5,411855,3390340,493,0,6,-82.0
259301,411440.0,3390440.0,30,200,6,6,2585.0,9.2,498,0,5,411850,3390335,493,0,6,-83.2
259301,411440.0,3390440.0,30,200,6,6,2585.0,9.2,498,0,5,411845,3390330,493,0,6,-83.43
259301,411440.0,3390440.0,30,200,6,6,2585.0,9.2,498,0,5,412070,3390235,496,0,5,-94.0
259301,411440.0,3390440.0,30,200,6,6,2585.0,9.2,498,0,5,412075,3390240,496,0,5,-93.25
259301,411440.0,3390440.0,30,200,6,6,2585.0,9.2,498,0,5,412065,3390230,496,0,5,-95.8
259301,411440.0,3390440.0,30,200,6,6,2585.0,9.2,498,0,5,411765,3390410,495,12,5,-90.5
259301,411440.0,3390440.0,30,200,6,6,2585.0,9.2,498,0,5,411960,3390285,496,0,13,-92.4
259301,411440.0,3390440.0,30,200,6,6,2585.0,9.2,498,0,5,411860,3390345,493,0,5,-81.75
259301,411440.0,3390440.0,30,200,6,6,2585.0,9.2,498,0,5,411795,3390440,494,0,5,-95.5
259301,411440.0,3390440.0,30,200,6,6,2585.0,9.2,498,0,5,411980,3390305,497,0,5,-96.0
259301,411440.0,3390440.0,30,200,6,6,2585.0,9.2,498,0,5,411955,3390280,496,0,5,-95.2
259301,411440.0,3390440.0,30,200,6,6,2585.0,9.2,498,0,5,411650,3387565,489,0,6,-109.5
259301,411440.0,3390440.0,30,200,6,6,2585.0,9.2,498,0,5,411835,3387750,490,0,6,-109.75
259301,411440.0,3390440.0,30,200,6,6,2585.0,9.2,498,0,5,411825,3387760,490,0,5,-110.5
259301,411440.0,3390440.0,30,200,6,6,2585.0,9.2,498,0,5,411810,3387725,491,24,12,-114.0
259301,411440.0,3390440.0,30,200,6,6,2585.0,9.2,498,0,5,411815,3387730,491,0,5,-111.0
259301,411440.0,3390440.0,30,200,6,6,2585.0,9.2,498,0,5,411080,3390645,498,0,5,-93.5
259301,411440.0,3390440.0,30,200,6,6,2585.0,9.2,498,0,5,412180,3388170,483,0,7,-100.71
259301,411440.0,3390440.0,30,200,6,6,2585.0,9.2,498,0,5,411810,3387670,490,0,5,-125.5
259301,411440.0,3390440.0,30,200,6,6,2585.0,9.2,498,0,5,411745,3390345,495,27,5,-90.4
259301,411440.0,3390440.0,30,200,6,6,2585.0,9.2,498,0,5,411740,3390350,495,0,5,-91.6
259301,411440.0,3390440.0,30,200,6,6,2585.0,9.2,498,0,5,411785,3390305,493,0,12,-88.5
259301,411440.0,3390440.0,30,200,6,6,2585.0,9.2,498,0,5,411685,3390365,496,0,5,-85.67
259301,411440.0,3390440.0,30,200,6,6,2585.0,9.2,498,0,5,411680,3390370,496,0,5,-81.77
259301,411440.0,3390440.0,30,200,6,6,2585.0,9.2,498,0,5,411690,3390380,495,21,5,-79.52
259301,411440.0,3390440.0,30,200,6,6,2585.0,9.2,498,0,5,411715,3390395,495,0,12,-83.92
259301,411440.0,3390440.0,30,200,6,6,2585.0,9.2,498,0,5,411705,3390385,495,0,12,-83.87
259301,411440.0,3390440.0,30,200,6,6,2585.0,9.2,498,0,5,411720,3390330,496,0,5,-97.0
259301,411440.0,3390440.0,30,200,6,6,2585.0,9.2,498,0,5,411710,3390400,495,0,12,-81.13
259301,411440.0,3390440.0,30,200,6,6,2585.0,9.2,498,0,5,411725,3390325,495,0,5,-96.89
259301,411440.0,3390440.0,30,200,6,6,2585.0,9.2,498,0,5,411730,3390340,495,0,5,-95.41
259301,411440.0,3390440.0,30,200,6,6,2585.0,9.2,498,0,5,411780,3390310,493,0,12,-90.0
259301,411440.0,3390440.0,30,200,6,6,2585.0,9.2,498,0,5,411755,3390355,495,0,5,-85.67
259301,411440.0,3390440.0,30,200,6,6,2585.0,9.2,498,0,5,411750,3390360,495,0,5,-87.67
259301,411440.0,3390440.0,30,200,6,6,2585.0,9.2,498,0,5,411695,3390375,495,21,5,-78.14
259301,411440.0,3390440.0,30,200,6,6,2585.0,9.2,498,0,5,411700,3390390,495,0,12,-83.06
259301,411440.0,3390440.0,30,200,6,6,2585.0,9.2,498,0,5,411735,3390335,495,0,12,-90.5
259301,411440.0,3390440.0,30,200,6,6,2585.0,9.2,498,0,5,411470,3390570,496,0,5,-96.0
259301,411440.0,3390440.0,30,200,6,6,2585.0,9.2,498,0,5,412030,3388165,487,0,5,-93.83
259301,411440.0,3390440.0,30,200,6,6,2585.0,9.2,498,0,5,412060,3388215,485,0,2,-92.0
259301,411440.0,3390440.0,30,200,6,6,2585.0,9.2,498,0,5,412035,3388170,487,0,5,-93.0
259301,411440.0,3390440.0,30,200,6,6,2585.0,9.2,498,0,5,412020,3388175,487,0,5,-93.0
259301,411440.0,3390440.0,30,200,6,6,2585.0,9.2,498,0,5,411955,3387895,490,24,12,-109.0
259301,411440.0,3390440.0,30,200,6,6,2585.0,9.2,498,0,5,411825,3387685,491,0,6,-110.25
259301,411440.0,3390440.0,30,200,6,6,2585.0,9.2,498,0,5,411650,3387560,489,24,6,-110.5
259301,411440.0,3390440.0,30,200,6,6,2585.0,9.2,498,0,5,411790,3387740,490,0,5,-107.0
259301,411440.0,3390440.0,30,200,6,6,2585.0,9.2,498,0,5,411765,3387745,490,0,5,-112.0
259301,411440.0,3390440.0,30,200,6,6,2585.0,9.2,498,0,5,412015,3388155,487,0,13,-98.5
259301,411440.0,3390440.0,30,200,6,6,2585.0,9.2,498,0,5,412010,3388160,488,0,5,-102.0
259301,411440.0,3390440.0,30,200,6,6,2585.0,9.2,498,0,5,412430,3388175,486,0,7,-101.5
259301,411440.0,3390440.0,30,200,6,6,2585.0,9.2,498,0,5,412425,3388170,486,0,7,-99.5
259301,411440.0,3390440.0,30,200,6,6,2585.0,9.2,498,0,5,411965,3388170,488,0,5,-94.0
259301,411440.0,3390440.0,30,200,6,6,2585.0,9.2,498,0,5,412020,3388170,487,0,5,-95.78
259301,411440.0,3390440.0,30,200,6,6,2585.0,9.2,498,0,5,412025,3388165,487,0,5,-98.0
259301,411440.0,3390440.0,30,200,6,6,2585.0,9.2,498,0,5,412035,3388175,487,0,5,-99.33
259301,411440.0,3390440.0,30,200,6,6,2585.0,9.2,498,0,5,411920,3390305,494,0,5,-89.0
259301,411440.0,3390440.0,30,200,6,6,2585.0,9.2,498,0,5,411955,3390300,496,0,13,-86.5
259301,411440.0,3390440.0,30,200,6,6,2585.0,9.2,498,0,5,411820,3390405,494,0,5,-121.0
259301,411440.0,3390440.0,30,200,6,6,2585.0,9.2,498,0,5,411950,3390295,496,0,13,-92.0
259301,411440.0,3390440.0,30,200,6,6,2585.0,9.2,498,0,5,411880,3390345,493,0,10,-101.67
259301,411440.0,3390440.0,30,200,6,6,2585.0,9.2,498,0,5,411970,3390275,497,0,5,-94.5
259301,411440.0,3390440.0,30,200,6,6,2585.0,9.2,498,0,5,411975,3390280,497,0,13,-95.6
259301,411440.0,3390440.0,30,200,6,6,2585.0,9.2,498,0,5,411995,3390260,497,0,13,-87.5
259301,411440.0,3390440.0,30,200,6,6,2585.0,9.2,498,0,5,411940,3390285,496,0,5,-91.5
259301,411440.0,3390440.0,30,200,6,6,2585.0,9.2,498,0,5,411945,3390290,496,0,5,-90.67
259301,411440.0,3390440.0,30,200,6,6,2585.0,9.2,498,0,5,411895,3390300,493,0,5,-83.6
259301,411440.0,3390440.0,30,200,6,6,2585.0,9.2,498,0,5,411550,3390595,496,0,13,-90.67
259301,411440.0,3390440.0,30,200,6,6,2585.0,9.2,498,0,5,411885,3390290,493,72,5,-93.0
259301,411440.0,3390440.0,30,200,6,6,2585.0,9.2,498,0,5,411680,3390405,495,0,5,-79.87
259301,411440.0,3390440.0,30,200,6,6,2585.0,9.2,498,0,5,411700,3390425,494,0,12,-97.05
259301,411440.0,3390440.0,30,200,6,6,2585.0,9.2,498,0,5,412100,3390185,496,0,5,-94.5
259301,411440.0,3390440.0,30,200,6,6,2585.0,9.2,498,0,5,412130,3390215,497,0,12,-96.0
259301,411440.0,3390440.0,30,200,6,6,2585.0,9.2,498,0,5,411910,3390315,494,0,10,-95.0
259301,411440.0,3390440.0,30,200,6,6,2585.0,9.2,498,0,5,411690,3390415,495,12,5,-89.67
259301,411440.0,3390440.0,30,200,6,6,2585.0,9.2,498,0,5,412120,3390205,496,0,5,-99.0
259301,411440.0,3390440.0,30,200,6,6,2585.0,9.2,498,0,5,412140,3390225,497,0,11,-91.0
259301,411440.0,3390440.0,30,200,6,6,2585.0,9.2,498,0,5,411900,3390305,493,0,5,-88.0
259301,411440.0,3390440.0,30,200,6,6,2585.0,9.2,498,0,5,411695,3390420,495,0,5,-97.36
259301,411440.0,3390440.0,30,200,6,6,2585.0,9.2,498,0,5,411685,3390410,495,0,5,-83.71
259301,411440.0,3390440.0,30,200,6,6,2585.0,9.2,498,0,5,411535,3390580,496,0,13,-86.5
259301,411440.0,3390440.0,30,200,6,6,2585.0,9.2,498,0,5,411890,3390295,493,0,5,-87.25
259301,411440.0,3390440.0,30,200,6,6,2585.0,9.2,498,0,5,411905,3390310,494,0,5,-88.29
259301,411440.0,3390440.0,30,200,6,6,2585.0,9.2,498,0,5,411710,3390435,494,0,5,-87.0
259301,411440.0,3390440.0,30,200,6,6,2585.0,9.2,498,0,5,412175,3388050,487,0,7,-105.6
259301,411440.0,3390440.0,30,200,6,6,2585.0,9.2,498,0,5,412165,3388060,486,0,2,-102.5
259301,411440.0,3390440.0,30,200,6,6,2585.0,9.2,498,0,5,412425,3388180,486,0,7,-105.5
259301,411440.0,3390440.0,30,200,6,6,2585.0,9.2,498,0,5,412435,3388170,486,0,7,-107.5
259301,411440.0,3390440.0,30,200,6,6,2585.0,9.2,498,0,5,412430,3388165,486,0,7,-105.0
259301,411440.0,3390440.0,30,200,6,6,2585.0,9.2,498,0,5,411445,3390465,498,0,5,-86.5
259301,411440.0,3390440.0,30,200,6,6,2585.0,9.2,498,0,5,411395,3390535,497,0,5,-95.0
259301,411440.0,3390440.0,30,200,6,6,2585.0,9.2,498,0,5,411490,3390440,498,0,13,-89.5
259301,411440.0,3390440.0,30,200,6,6,2585.0,9.2,498,0,5,411425,3390485,497,0,5,-93.0
259301,411440.0,3390440.0,30,200,6,6,2585.0,9.2,498,0,5,411505,3390405,497,0,12,-84.45
259301,411440.0,3390440.0,30,200,6,6,2585.0,9.2,498,0,5,411400,3390510,497,0,12,-94.25
259301,411440.0,3390440.0,30,200,6,6,2585.0,9.2,498,0,5,411435,3390495,497,0,13,-92.86
259301,411440.0,3390440.0,30,200,6,6,2585.0,9.2,498,0,5,411385,3390525,497,0,5,-97.5
259301,411440.0,3390440.0,30,200,6,6,2585.0,9.2,498,0,5,411410,3390520,497,0,12,-97.78
259301,411440.0,3390440.0,30,200,6,6,2585.0,9.2,498,0,5,411415,3390515,497,0,5,-98.26
259301,411440.0,3390440.0,30,200,6,6,2585.0,9.2,498,0,5,411380,3390530,497,0,5,-98.67
259301,411440.0,3390440.0,30,200,6,6,2585.0,9.2,498,0,5,411405,3390505,497,0,12,-96.33
259301,411440.0,3390440.0,30,200,6,6,2585.0,9.2,498,0,5,411430,3390500,497,0,5,-94.95
259301,411440.0,3390440.0,30,200,6,6,2585.0,9.2,498,0,5,411500,3390410,498,15,5,-83.63
259301,411440.0,3390440.0,30,200,6,6,2585.0,9.2,498,0,5,411455,3390475,498,15,13,-86.43
259301,411440.0,3390440.0,30,200,6,6,2585.0,9.2,498,0,5,411450,3390480,498,15,13,-88.86
259301,411440.0,3390440.0,30,200,6,6,2585.0,9.2,498,0,5,411515,3390415,497,0,12,-83.46
259301,411440.0,3390440.0,30,200,6,6,2585.0,9.2,498,0,5,411510,3390420,497,0,12,-83.11
259301,411440.0,3390440.0,30,200,6,6,2585.0,9.2,498,0,5,411365,3390545,497,0,12,-93.5
259301,411440.0,3390440.0,30,200,6,6,2585.0,9.2,498,0,5,411420,3390490,497,0,6,-93.2
259301,411440.0,3390440.0,30,200,6,6,2585.0,9.2,498,0,5,411475,3390455,498,0,13,-91.0
259301,411440.0,3390440.0,30,200,6,6,2585.0,9.2,498,0,5,411440,3390470,498,0,5,-93.0
259301,411440.0,3390440.0,30,200,6,6,2585.0,9.2,498,0,5,411470,3390460,498,15,13,-90.0
259301,411440.0,3390440.0,30,200,6,6,2585.0,9.2,498,0,5,412180,3388010,487,0,6,-104.0
259301,411440.0,3390440.0,30,200,6,6,2585.0,9.2,498,0,5,412185,3388005,487,0,6,-101.0
259301,411440.0,3390440.0,30,200,6,6,2585.0,9.2,498,0,5,412025,3388075,488,0,5,-108.25
259301,411440.0,3390440.0,30,200,6,6,2585.0,9.2,498,0,5,411715,3387745,489,0,13,-110.5
259301,411440.0,3390440.0,30,200,6,6,2585.0,9.2,498,0,5,411690,3387730,489,0,5,-109.33
259301,411440.0,3390440.0,30,200,6,6,2585.0,9.2,498,0,5,411685,3387735,489,0,5,-110.5
259301,411440.0,3390440.0,30,200,6,6,2585.0,9.2,498,0,5,411935,3390290,495,0,5,-90.75
259301,411440.0,3390440.0,30,200,6,6,2585.0,9.2,498,0,5,411930,3390285,495,0,5,-82.67
259301,411440.0,3390440.0,30,200,6,6,2585.0,9.2,498,0,5,411755,3390510,493,21,5,-114.4
259301,411440.0,3390440.0,30,200,6,6,2585.0,9.2,498,0,5,411880,3390335,493,0,10,-96.67
259301,411440.0,3390440.0,30,200,6,6,2585.0,9.2,498,0,5,411920,3390295,494,0,6,-89.5
259301,411440.0,3390440.0,30,200,6,6,2585.0,9.2,498,0,5,411995,3390270,497,0,13,-90.75
259301,411440.0,3390440.0,30,200,6,6,2585.0,9.2,498,0,5,411980,3390275,497,0,13,-92.25
259301,411440.0,3390440.0,30,200,6,6,2585.0,9.2,498,0,5,411985,3390280,497,0,5,-94.0
259301,411440.0,3390440.0,30,200,6,6,2585.0,9.2,498,0,5,411990,3390265,497,0,13,-93.71
259301,411440.0,3390440.0,30,200,6,6,2585.0,9.2,498,0,5,411925,3390300,495,0,6,-88.11
259301,411440.0,3390440.0,30,200,6,6,2585.0,9.2,498,0,5,411830,3390425,494,0,13,-118.0
259301,411440.0,3390440.0,30,200,6,6,2585.0,9.2,498,0,5,411975,3390260,498,15,5,-98.0
259301,411440.0,3390440.0,30,200,6,6,2585.0,9.2,498,0,5,411980,3390265,498,15,5,-92.0
259301,411440.0,3390440.0,30,200,6,6,2585.0,9.2,498,0,5,411860,3390385,494,0,6,-100.0
259301,411440.0,3390440.0,30,200,6,6,2585.0,9.2,498,0,5,411940,3390305,495,0,6,-86.0
259301,411440.0,3390440.0,30,200,6,6,2585.0,9.2,498,0,5,411840,3390365,494,15,5,-93.0
259301,411440.0,3390440.0,30,200,6,6,2585.0,9.2,498,0,5,411845,3390370,494,0,5,-96.5
259301,411440.0,3390440.0,30,200,6,6,2585.0,9.2,498,0,5,411890,3390335,493,0,10,-105.5
259301,411440.0,3390440.0,30,200,6,6,2585.0,9.2,498,0,5,411885,3390330,493,0,10,-96.75
259301,411440.0,3390440.0,30,200,6,6,2585.0,9.2,498,0,5,412035,3390240,496,15,5,-92.5
259301,411440.0,3390440.0,30,200,6,6,2585.0,9.2,498,0,5,411985,3390270,497,0,5,-96.75
259301,411440.0,3390440.0,30,200,6,6,2585.0,9.2,498,0,5,411990,3390275,497,0,5,-91.25
259301,411440.0,3390440.0,30,200,6,6,2585.0,9.2,498,0,5,411930,3390295,495,0,6,-86.33
259301,411440.0,3390440.0,30,200,6,6,2585.0,9.2,498,0,5,411925,3390290,495,0,6,-88.67
259301,411440.0,3390440.0,30,200,6,6,2585.0,9.2,498,0,5,411880,3390325,493,0,10,-86.0
259301,411440.0,3390440.0,30,200,6,6,2585.0,9.2,498,0,5,411750,3390515,493,21,6,-111.67
259301,411440.0,3390440.0,30,200,6,6,2585.0,9.2,498,0,5,411935,3390300,495,0,6,-89.14
259301,411440.0,3390440.0,30,200,6,6,2585.0,9.2,498,0,5,411975,3388170,488,0,13,-101.0
259301,411440.0,3390440.0,30,200,6,6,2585.0,9.2,498,0,5,412520,3388130,487,156,5,-111.0
259301,411440.0,3390440.0,30,200,6,6,2585.0,9.2,498,0,5,411420,3390475,498,27,5,-94.0
259301,411440.0,3390440.0,30,200,6,6,2585.0,9.2,498,0,5,411440,3390495,497,0,5,-92.3
259301,411440.0,3390440.0,30,200,6,6,2585.0,9.2,498,0,5,411450,3390485,498,15,13,-89.0
259301,411440.0,3390440.0,30,200,6,6,2585.0,9.2,498,0,5,411455,3390490,498,0,5,-87.84
259301,411440.0,3390440.0,30,200,6,6,2585.0,9.2,498,0,5,411445,3390500,497,0,5,-92.2
259301,411440.0,3390440.0,30,200,6,6,2585.0,9.2,498,0,5,411425,3390480,498,0,5,-93.8
259301,411440.0,3390440.0,30,200,6,6,2585.0,9.2,498,0,5,411400,3390455,497,27,5,-112.5
259301,411440.0,3390440.0,30,200,6,6,2585.0,9.2,498,0,5,411470,3390505,497,0,5,-85.75
259301,411440.0,3390440.0,30,200,6,6,2585.0,9.2,498,0,5,411475,3390510,497,0,5,-88.0
259301,411440.0,3390440.0,30,200,6,6,2585.0,9.2,498,0,5,412015,3388175,487,0,13,-91.0
259301,411440.0,3390440.0,30,200,6,6,2585.0,9.2,498,0,5,412005,3388165,488,0,5,-94.22
259301,411440.0,3390440.0,30,200,6,6,2585.0,9.2,498,0,5,412000,3388170,488,0,5,-93.92
259301,411440.0,3390440.0,30,200,6,6,2585.0,9.2,498,0,5,412010,3388180,488,0,13,-99.0
259301,411440.0,3390440.0,30,200,6,6,2585.0,9.2,498,0,5,412375,3387960,484,0,2,-94.5
259301,411440.0,3390440.0,30,200,6,6,2585.0,9.2,498,0,5,411625,3390245,495,21,5,-99.0
259301,411440.0,3390440.0,30,200,6,6,2585.0,9.2,498,0,5,411545,3390325,496,21,12,-84.0
259301,411440.0,3390440.0,30,200,6,6,2585.0,9.2,498,0,5,411660,3390290,496,6,6,-116.0
259301,411440.0,3390440.0,30,200,6,6,2585.0,9.2,498,0,5,411550,3390340,496,21,5,-84.0
259301,411440.0,3390440.0,30,200,6,6,2585.0,9.2,498,0,5,411555,3390335,496,21,5,-84.79
259301,411440.0,3390440.0,30,200,6,6,2585.0,9.2,498,0,5,411675,3390295,496,0,5,-93.5
259301,411440.0,3390440.0,30,200,6,6,2585.0,9.2,498,0,5,411560,3390460,497,0,12,-77.88
259301,411440.0,3390440.0,30,200,6,6,2585.0,9.2,498,0,5,411525,3390415,497,21,12,-83.88
259301,411440.0,3390440.0,30,200,6,6,2585.0,9.2,498,0,5,411555,3390425,496,0,12,-76.0
259301,411440.0,3390440.0,30,200,6,6,2585.0,9.2,498,0,5,411535,3390405,497,21,12,-86.5
259301,411440.0,3390440.0,30,200,6,6,2585.0,9.2,498,0,5,411550,3390430,496,21,5,-77.86
259301,411440.0,3390440.0,30,200,6,6,2585.0,9.2,498,0,5,412035,3390265,496,0,13,-101.0
259301,411440.0,3390440.0,30,200,6,6,2585.0,9.2,498,0,5,411595,3390465,496,21,5,-76.0
259301,411440.0,3390440.0,30,200,6,6,2585.0,9.2,498,0,5,411530,3390410,497,21,12,-77.0
259301,411440.0,3390440.0,30,200,6,6,2585.0,9.2,498,0,5,411565,3390455,496,0,5,-77.92
259301,411440.0,3390440.0,30,200,6,6,2585.0,9.2,498,0,5,411575,3390445,496,0,5,-78.61
259301,411440.0,3390440.0,30,200,6,6,2585.0,9.2,498,0,5,411520,3390420,497,0,5,-84.13
259301,411440.0,3390440.0,30,200,6,6,2585.0,9.2,498,0,5,411570,3390450,496,0,5,-76.69
259301,411440.0,3390440.0,30,200,6,6,2585.0,9.2,498,0,5,411540,3390440,497,21,5,-79.29
259301,411440.0,3390440.0,30,200,6,6,2585.0,9.2,498,0,5,412000,3390260,497,0,13,-96.14
259301,411440.0,3390440.0,30,200,6,6,2585.0,9.2,498,0,5,411545,3390435,497,21,12,-79.2
259301,411440.0,3390440.0,30,200,6,6,2585.0,9.2,498,0,5,412010,3390250,497,15,5,-99.0
259301,411440.0,3390440.0,30,200,6,6,2585.0,9.2,498,0,5,411590,3390470,496,0,12,-84.75
259301,411440.0,3390440.0,30,200,6,6,2585.0,9.2,498,0,5,411585,3390475,496,0,12,-80.5
259301,411440.0,3390440.0,30,200,6,6,2585.0,9.2,498,0,5,411625,3390325,496,21,5,-107.0
259301,411440.0,3390440.0,30,200,6,6,2585.0,9.2,498,0,5,411645,3390385,496,0,5,-75.0
259301,411440.0,3390440.0,30,200,6,6,2585.0,9.2,498,0,5,411560,3390310,496,0,5,-86.5
259301,411440.0,3390440.0,30,200,6,6,2585.0,9.2,498,0,5,411655,3390395,496,21,13,-70.69
259301,411440.0,3390440.0,30,200,6,6,2585.0,9.2,498,0,5,411585,3390285,496,21,5,-95.0
259301,411440.0,3390440.0,30,200,6,6,2585.0,9.2,498,0,5,411675,3390375,496,0,5,-85.83
259301,411440.0,3390440.0,30,200,6,6,2585.0,9.2,498,0,5,411650,3390400,496,0,13,-70.31
259301,411440.0,3390440.0,30,200,6,6,2585.0,9.2,498,0,5,411570,3390320,496,0,5,-84.75
259301,411440.0,3390440.0,30,200,6,6,2585.0,9.2,498,0,5,411640,3390390,496,0,5,-83.0
259301,411440.0,3390440.0,30,200,6,6,2585.0,9.2,498,0,5,411660,3390370,496,0,12,-101.25
259301,411440.0,3390440.0,30,200,6,6,2585.0,9.2,498,0,5,411630,3390340,496,0,13,-109.0
259301,411440.0,3390440.0,30,200,6,6,2585.0,9.2,498,0,5,411665,3390365,496,0,12,-85.0
259301,411440.0,3390440.0,30,200,6,6,2585.0,9.2,498,0,5,411670,3390380,496,21,5,-78.5
259301,411440.0,3390440.0,30,200,6,6,2585.0,9.2,498,0,5,412225,3388170,484,0,14,-101.5
259301,411440.0,3390440.0,30,200,6,6,2585.0,9.2,498,0,5,411210,3388200,489,0,6,-95.0
259301,411440.0,3390440.0,30,200,6,6,2585.0,9.2,498,0,5,411580,3390350,496,0,12,-84.33
259301,411440.0,3390440.0,30,200,6,6,2585.0,9.2,498,0,5,411565,3390325,496,0,5,-84.78
259301,411440.0,3390440.0,30,200,6,6,2585.0,9.2,498,0,5,411570,3390340,496,0,5,-84.5
259301,411440.0,3390440.0,30,200,6,6,2585.0,9.2,498,0,5,411595,3390355,496,0,5,-95.0
259301,411440.0,3390440.0,30,200,6,6,2585.0,9.2,498,0,5,411560,3390330,496,0,5,-89.0
259301,411440.0,3390440.0,30,200,6,6,2585.0,9.2,498,0,5,411575,3390335,496,15,5,-89.0
259301,411440.0,3390440.0,30,200,6,6,2585.0,9.2,498,0,5,411610,3390300,496,0,12,-96.0
259301,411440.0,3390440.0,30,200,6,6,2585.0,9.2,498,0,5,411585,3390345,496,0,12,-91.8
259301,411440.0,3390440.0,30,200,6,6,2585.0,9.2,498,0,5,412110,3388170,484,0,2,-96.35
259301,411440.0,3390440.0,30,200,6,6,2585.0,9.2,498,0,5,412115,3388165,484,0,2,-96.67
259301,411440.0,3390440.0,30,200,6,6,2585.0,9.2,498,0,5,412105,3388175,484,0,2,-96.41
259301,411440.0,3390440.0,30,200,6,6,2585.0,9.2,498,0,5,412100,3388180,484,0,2,-97.0
259301,411440.0,3390440.0,30,200,6,6,2585.0,9.2,498,0,5,411495,3390405,498,15,5,-104.5
259301,411440.0,3390440.0,30,200,6,6,2585.0,9.2,498,0,5,411490,3390410,498,15,6,-84.0
259301,411440.0,3390440.0,30,200,6,6,2585.0,9.2,498,0,5,411515,3390425,497,0,5,-83.0
259301,411440.0,3390440.0,30,200,6,6,2585.0,9.2,498,0,5,411465,3390475,498,15,5,-87.2
259301,411440.0,3390440.0,30,200,6,6,2585.0,9.2,498,0,5,411470,3390470,498,15,5,-95.0
259301,411440.0,3390440.0,30,200,6,6,2585.0,9.2,498,0,5,411440,3390460,498,0,13,-84.5
259301,411440.0,3390440.0,30,200,6,6,2585.0,9.2,498,0,5,411415,3390485,497,27,6,-94.25
259301,411440.0,3390440.0,30,200,6,6,2585.0,9.2,498,0,5,411410,3390490,497,0,5,-97.5
259301,411440.0,3390440.0,30,200,6,6,2585.0,9.2,498,0,5,411460,3390480,498,15,13,-87.74
259301,411440.0,3390440.0,30,200,6,6,2585.0,9.2,498,0,5,411405,3390495,497,0,12,-95.78
259301,411440.0,3390440.0,30,200,6,6,2585.0,9.2,498,0,5,411400,3390500,497,0,12,-99.67
259301,411440.0,3390440.0,30,200,6,6,2585.0,9.2,498,0,5,411425,3390515,497,0,5,-94.55
259301,411440.0,3390440.0,30,200,6,6,2585.0,9.2,498,0,5,411365,3390535,497,0,12,-97.8
259301,411440.0,3390440.0,30,200,6,6,2585.0,9.2,498,0,5,411360,3390540,497,0,12,-100.25
259301,411440.0,3390440.0,30,200,6,6,2585.0,9.2,498,0,5,411505,3390435,497,15,6,-84.17
259301,411440.0,3390440.0,30,200,6,6,2585.0,9.2,498,0,5,411510,3390430,497,0,5,-83.5
259301,411440.0,3390440.0,30,200,6,6,2585.0,9.2,498,0,5,411500,3390440,498,15,6,-83.0
259301,411440.0,3390440.0,30,200,6,6,2585.0,9.2,498,0,5,411475,3390465,498,0,5,-83.8
259301,411440.0,3390440.0,30,200,6,6,2585.0,9.2,498,0,5,411375,3390525,497,0,5,-100.2
259301,411440.0,3390440.0,30,200,6,6,2585.0,9.2,498,0,5,411420,3390520,497,0,5,-95.0
259301,411440.0,3390440.0,30,200,6,6,2585.0,9.2,498,0,5,411430,3390510,497,0,6,-94.63
259301,411440.0,3390440.0,30,200,6,6,2585.0,9.2,498,0,5,411370,3390530,497,0,12,-95.6
259301,411440.0,3390440.0,30,200,6,6,2585.0,9.2,498,0,5,411435,3390505,497,0,5,-93.32
259301,411440.0,3390440.0,30,200,6,6,2585.0,9.2,498,0,5,411685,3387630,490,0,5,-122.0
259301,411440.0,3390440.0,30,200,6,6,2585.0,9.2,498,0,5,411680,3387625,490,0,5,-114.0
259301,411440.0,3390440.0,30,200,6,6,2585.0,9.2,498,0,5,411715,3387620,490,0,5,-116.0
259301,411440.0,3390440.0,30,200,6,6,2585.0,9.2,498,0,5,411640,3387745,489,0,13,-115.0
259301,411440.0,3390440.0,30,200,6,6,2585.0,9.2,498,0,5,411705,3387610,490,0,12,-120.0
259301,411440.0,3390440.0,30,200,6,6,2585.0,9.2,498,0,5,411560,3390340,496,15,5,-84.25
259301,411440.0,3390440.0,30,200,6,6,2585.0,9.2,498,0,5,411595,3390345,496,21,5,-87.33
259301,411440.0,3390440.0,30,200,6,6,2585.0,9.2,498,0,5,411570,3390330,496,15,5,-84.8
259301,411440.0,3390440.0,30,200,6,6,2585.0,9.2,498,0,5,411575,3390325,496,0,5,-85.4
259301,411440.0,3390440.0,30,200,6,6,2585.0,9.2,498,0,5,411565,3390335,496,15,5,-86.44
259301,411440.0,3390440.0,30,200,6,6,2585.0,9.2,498,0,5,412180,3387920,488,0,7,-93.5
259301,411440.0,3390440.0,30,200,6,6,2585.0,9.2,498,0,5,412180,3388055,486,0,6,-104.0
259301,411440.0,3390440.0,30,200,6,6,2585.0,9.2,498,0,5,412190,3388045,487,0,7,-111.0
259301,411440.0,3390440.0,30,200,6,6,2585.0,9.2,498,0,5,412170,3388065,486,0,2,-104.25
259301,411440.0,3390440.0,30,200,6,6,2585.0,9.2,498,0,5,411850,3387620,488,0,5,-101.0
259301,411440.0,3390440.0,30,200,6,6,2585.0,9.2,498,0,5,411855,3387615,488,0,5,-108.43
259301,411440.0,3390440.0,30,200,6,6,2585.0,9.2,498,0,5,411880,3387650,489,18,12,-119.5
259301,411440.0,3390440.0,30,200,6,6,2585.0,9.2,498,0,5,412185,3387970,487,0,7,-98.0
259301,411440.0,3390440.0,30,200,6,6,2585.0,9.2,498,0,5,411670,3390420,495,0,5,-80.8
259301,411440.0,3390440.0,30,200,6,6,2585.0,9.2,498,0,5,411545,3390525,496,6,6,-85.67
259301,411440.0,3390440.0,30,200,6,6,2585.0,9.2,498,0,5,411675,3390415,495,0,5,-78.63
259301,411440.0,3390440.0,30,200,6,6,2585.0,9.2,498,0,5,411640,3390430,495,0,12,-79.2
259301,411440.0,3390440.0,30,200,6,6,2585.0,9.2,498,0,5,411585,3390485,496,0,5,-97.0
259301,411440.0,3390440.0,30,200,6,6,2585.0,9.2,498,0,5,411660,3390410,495,0,5,-71.26
259301,411440.0,3390440.0,30,200,6,6,2585.0,9.2,498,0,5,411655,3390435,495,0,5,-78.0
259301,411440.0,3390440.0,30,200,6,6,2585.0,9.2,498,0,5,411645,3390425,495,0,5,-71.1
259301,411440.0,3390440.0,30,200,6,6,2585.0,9.2,498,0,5,411665,3390405,495,0,5,-73.96
259301,411440.0,3390440.0,30,200,6,6,2585.0,9.2,498,0,5,411650,3390440,495,0,5,-85.0
259301,411440.0,3390440.0,30,200,6,6,2585.0,9.2,498,0,5,411615,3390475,495,6,5,-89.33
259301,411440.0,3390440.0,30,200,6,6,2585.0,9.2,498,0,5,411565,3390505,496,21,6,-97.0
259301,411440.0,3390440.0,30,200,6,6,2585.0,9.2,498,0,5,411975,3388160,488,0,5,-102.0
259301,411440.0,3390440.0,30,200,6,6,2585.0,9.2,498,0,5,411995,3388140,488,0,13,-100.5
259301,411440.0,3390440.0,30,200,6,6,2585.0,9.2,498,0,5,411775,3387640,489,24,5,-123.0
259301,411440.0,3390440.0,30,200,6,6,2585.0,9.2,498,0,5,411605,3390400,496,0,12,-69.5
259301,411440.0,3390440.0,30,200,6,6,2585.0,9.2,498,0,5,411645,3390360,496,0,5,-94.5
259301,411440.0,3390440.0,30,200,6,6,2585.0,9.2,498,0,5,411660,3390335,496,6,13,-115.5
259301,411440.0,3390440.0,30,200,6,6,2585.0,9.2,498,0,5,411665,3390340,496,6,13,-109.5
259301,411440.0,3390440.0,30,200,6,6,2585.0,9.2,498,0,5,411540,3390295,496,21,5,-96.5
259301,411440.0,3390440.0,30,200,6,6,2585.0,9.2,498,0,5,411610,3390385,496,0,12,-78.5
259301,411440.0,3390440.0,30,200,6,6,2585.0,9.2,498,0,5,411840,3387745,490,0,6,-108.0
259301,411440.0,3390440.0,30,200,6,6,2585.0,9.2,498,0,5,411850,3387755,489,0,13,-110.0
259301,411440.0,3390440.0,30,200,6,6,2585.0,9.2,498,0,5,411845,3387750,490,0,6,-108.5
259301,411440.0,3390440.0,30,200,6,6,2585.0,9.2,498,0,5,412180,3388175,483,0,7,-101.67
259301,411440.0,3390440.0,30,200,6,6,2585.0,9.2,498,0,5,411890,3387775,489,0,13,-114.67
259301,411440.0,3390440.0,30,200,6,6,2585.0,9.2,498,0,5,411845,3387810,489,5,6,-106.0
259301,411440.0,3390440.0,30,200,6,6,2585.0,9.2,498,0,5,411880,3387765,489,6,5,-114.22
259301,411440.0,3390440.0,30,200,6,6,2585.0,9.2,498,0,5,411865,3387830,490,0,5,-105.32
259301,411440.0,3390440.0,30,200,6,6,2585.0,9.2,498,0,5,411850,3387815,490,0,6,-105.0
259301,411440.0,3390440.0,30,200,6,6,2585.0,9.2,498,0,5,411870,3387835,490,0,5,-105.14
259301,411440.0,3390440.0,30,200,6,6,2585.0,9.2,498,0,5,411875,3387840,491,0,13,-104.67
259301,411440.0,3390440.0,30,200,6,6,2585.0,9.2,498,0,5,411885,3387770,489,0,5,-115.0
259301,411440.0,3390440.0,30,200,6,6,2585.0,9.2,498,0,5,411895,3387780,489,0,5,-114.5
259301,411440.0,3390440.0,30,200,6,6,2585.0,9.2,498,0,5,411860,3387825,490,0,6,-105.29
259301,411440.0,3390440.0,30,200,6,6,2585.0,9.2,498,0,5,411650,3387580,489,0,12,-115.5
259301,411440.0,3390440.0,30,200,6,6,2585.0,9.2,498,0,5,412075,3388155,486,0,2,-97.0
259301,411440.0,3390440.0,30,200,6,6,2585.0,9.2,498,0,5,411810,3387740,490,0,12,-114.0
259301,411440.0,3390440.0,30,200,6,6,2585.0,9.2,498,0,5,411645,3387565,489,0,6,-111.86
259301,411440.0,3390440.0,30,200,6,6,2585.0,9.2,498,0,5,412060,3388150,487,0,5,-97.0
259301,411440.0,3390440.0,30,200,6,6,2585.0,9.2,498,0,5,411980,3387910,489,0,5,-114.0
259301,411440.0,3390440.0,30,200,6,6,2585.0,9.2,498,0,5,411985,3387905,489,0,5,-110.0
259301,411440.0,3390440.0,30,200,6,6,2585.0,9.2,498,0,5,412070,3388160,486,0,5,-97.0
259301,411440.0,3390440.0,30,200,6,6,2585.0,9.2,498,0,5,411805,3387725,491,24,12,-114.5
259301,411440.0,3390440.0,30,200,6,6,2585.0,9.2,498,0,5,411815,3387735,490,0,5,-110.5
259301,411440.0,3390440.0,30,200,6,6,2585.0,9.2,498,0,5,411730,3390420,494,0,5,-85.67
259301,411440.0,3390440.0,30,200,6,6,2585.0,9.2,498,0,5,412115,3390235,497,0,5,-104.5
259301,411440.0,3390440.0,30,200,6,6,2585.0,9.2,498,0,5,411870,3390320,493,0,5,-85.6
259301,411440.0,3390440.0,30,200,6,6,2585.0,9.2,498,0,5,411720,3390410,494,0,12,-80.17
259301,411440.0,3390440.0,30,200,6,6,2585.0,9.2,498,0,5,411860,3390310,493,0,5,-94.33
259301,411440.0,3390440.0,30,200,6,6,2585.0,9.2,498,0,5,411850,3390300,493,0,6,-102.33
259301,411440.0,3390440.0,30,200,6,6,2585.0,9.2,498,0,5,411875,3390315,493,0,5,-88.47
259301,411440.0,3390440.0,30,200,6,6,2585.0,9.2,498,0,5,412090,3390220,496,0,5,-89.33
259301,411440.0,3390440.0,30,200,6,6,2585.0,9.2,498,0,5,412105,3390225,496,0,5,-94.67
259301,411440.0,3390440.0,30,200,6,6,2585.0,9.2,498,0,5,412100,3390230,496,0,5,-98.75
259301,411440.0,3390440.0,30,200,6,6,2585.0,9.2,498,0,5,411735,3390415,494,0,5,-77.5
259301,411440.0,3390440.0,30,200,6,6,2585.0,9.2,498,0,5,411865,3390305,493,0,5,-89.5
259301,411440.0,3390440.0,30,200,6,6,2585.0,9.2,498,0,5,411725,3390405,495,0,5,-81.55
259301,411440.0,3390440.0,30,200,6,6,2585.0,9.2,498,0,5,411505,3390370,497,0,5,-85.75
259301,411440.0,3390440.0,30,200,6,6,2585.0,9.2,498,0,5,411495,3390400,498,0,12,-85.25
259301,411440.0,3390440.0,30,200,6,6,2585.0,9.2,498,0,5,412315,3387670,480,0,7,-90.0
259301,411440.0,3390440.0,30,200,6,6,2585.0,9.2,498,0,5,411490,3390375,498,0,12,-81.5
259301,411440.0,3390440.0,30,200,6,6,2585.0,9.2,498,0,5,411510,3390395,497,0,5,-79.33
259301,411440.0,3390440.0,30,200,6,6,2585.0,9.2,498,0,5,411515,3390400,497,0,5,-81.33
259301,411440.0,3390440.0,30,200,6,6,2585.0,9.2,498,0,5,411505,3390390,497,0,5,-86.11
259301,411440.0,3390440.0,30,200,6,6,2585.0,9.2,498,0,5,411500,3390385,498,0,12,-86.43
259301,411440.0,3390440.0,30,200,6,6,2585.0,9.2,498,0,5,411750,3390385,495,12,12,-81.67
259301,411440.0,3390440.0,30,200,6,6,2585.0,9.2,498,0,5,411690,3390325,496,0,12,-104.0
259301,411440.0,3390440.0,30,200,6,6,2585.0,9.2,498,0,5,411740,3390395,495,12,12,-88.67
259301,411440.0,3390440.0,30,200,6,6,2585.0,9.2,498,0,5,411725,3390380,495,0,6,-86.44
259301,411440.0,3390440.0,30,200,6,6,2585.0,9.2,498,0,5,411715,3390350,495,21,5,-91.67
259301,411440.0,3390440.0,30,200,6,6,2585.0,9.2,498,0,5,411720,3390375,495,0,5,-84.07
259301,411440.0,3390440.0,30,200,6,6,2585.0,9.2,498,0,5,411730,3390365,495,0,5,-86.5
259301,411440.0,3390440.0,30,200,6,6,2585.0,9.2,498,0,5,411700,3390355,495,0,5,-86.0
259301,411440.0,3390440.0,30,200,6,6,2585.0,9.2,498,0,5,411735,3390370,495,0,5,-85.92
259301,411440.0,3390440.0,30,200,6,6,2585.0,9.2,498,0,5,411710,3390345,496,21,5,-92.75
259301,411440.0,3390440.0,30,200,6,6,2585.0,9.2,498,0,5,411825,3390320,493,0,5,-83.67
259301,411440.0,3390440.0,30,200,6,6,2585.0,9.2,498,0,5,411680,3390335,496,0,6,-96.4
259301,411440.0,3390440.0,30,200,6,6,2585.0,9.2,498,0,5,411400,3390465,497,0,5,-105.5
259301,411440.0,3390440.0,30,200,6,6,2585.0,9.2,498,0,5,411465,3390490,498,0,5,-86.28
259301,411440.0,3390440.0,30,200,6,6,2585.0,9.2,498,0,5,411415,3390480,497,27,6,-95.67
259301,411440.0,3390440.0,30,200,6,6,2585.0,9.2,498,0,5,411445,3390510,497,0,13,-94.87
259301,411440.0,3390440.0,30,200,6,6,2585.0,9.2,498,0,5,411440,3390505,497,0,13,-93.85
259301,411440.0,3390440.0,30,200,6,6,2585.0,9.2,498,0,5,411460,3390485,498,0,5,-87.07
259301,411440.0,3390440.0,30,200,6,6,2585.0,9.2,498,0,5,411470,3390495,497,0,13,-85.53
259301,411440.0,3390440.0,30,200,6,6,2585.0,9.2,498,0,5,411475,3390500,497,0,5,-86.56
259301,411440.0,3390440.0,30,200,6,6,2585.0,9.2,498,0,5,411450,3390515,497,0,13,-93.0
259301,411440.0,3390440.0,30,200,6,6,2585.0,9.2,498,0,5,412025,3388080,488,0,5,-113.33
259301,411440.0,3390440.0,30,200,6,6,2585.0,9.2,498,0,5,411680,3387735,489,0,5,-122.0
259301,411440.0,3390440.0,30,200,6,6,2585.0,9.2,498,0,5,412020,3388075,488,0,5,-109.75
259301,411440.0,3390440.0,30,200,6,6,2585.0,9.2,498,0,5,411725,3387700,490,0,5,-115.0
259301,411440.0,3390440.0,30,200,6,6,2585.0,9.2,498,0,5,411915,3387870,491,0,13,-108.0
259301,411440.0,3390440.0,30,200,6,6,2585.0,9.2,498,0,5,411020,3388645,494,0,5,-97.0
259301,411440.0,3390440.0,30,200,6,6,2585.0,9.2,498,0,5,412155,3388180,482,0,7,-95.5
259301,411440.0,3390440.0,30,200,6,6,2585.0,9.2,498,0,5,412140,3388165,483,0,7,-96.86
259301,411440.0,3390440.0,30,200,6,6,2585.0,9.2,498,0,5,412145,3388170,482,0,7,-96.55
259301,411440.0,3390440.0,30,200,6,6,2585.0,9.2,498,0,5,412150,3388175,482,0,6,-98.1
259301,411440.0,3390440.0,30,200,6,6,2585.0,9.2,498,0,5,411525,3390405,497,21,12,-85.67
259301,411440.0,3390440.0,30,200,6,6,2585.0,9.2,498,0,5,411530,3390420,497,21,5,-81.67
259301,411440.0,3390440.0,30,200,6,6,2585.0,9.2,498,0,5,411585,3390465,496,21,5,-83.43
259301,411440.0,3390440.0,30,200,6,6,2585.0,9.2,498,0,5,411545,3390425,496,0,12,-83.0
259301,411440.0,3390440.0,30,200,6,6,2585.0,9.2,498,0,5,411560,3390450,496,0,5,-78.06
259301,411440.0,3390440.0,30,200,6,6,2585.0,9.2,498,0,5,411575,3390455,496,0,5,-81.42
259301,411440.0,3390440.0,30,200,6,6,2585.0,9.2,498,0,5,411570,3390460,496,21,5,-83.67
259301,411440.0,3390440.0,30,200,6,6,2585.0,9.2,498,0,5,412015,3390255,497,0,5,-94.0
259301,411440.0,3390440.0,30,200,6,6,2585.0,9.2,498,0,5,411520,3390410,497,0,12,-84.0
259301,411440.0,3390440.0,30,200,6,6,2585.0,9.2,498,0,5,411565,3390445,496,0,12,-78.84
259301,411440.0,3390440.0,30,200,6,6,2585.0,9.2,498,0,5,411550,3390440,497,21,5,-83.06
259301,411440.0,3390440.0,30,200,6,6,2585.0,9.2,498,0,5,411555,3390435,496,21,5,-79.82
259301,411440.0,3390440.0,30,200,6,6,2585.0,9.2,498,0,5,412010,3390260,497,0,5,-91.25
259301,411440.0,3390440.0,30,200,6,6,2585.0,9.2,498,0,5,411540,3390430,497,21,12,-81.6
259301,411440.0,3390440.0,30,200,6,6,2585.0,9.2,498,0,5,412025,3390265,496,0,5,-91.8
259301,411440.0,3390440.0,30,200,6,6,2585.0,9.2,498,0,5,411595,3390475,496,0,12,-81.0
259301,411440.0,3390440.0,30,200,6,6,2585.0,9.2,498,0,5,411580,3390470,496,21,5,-80.5
259301,411440.0,3390440.0,30,200,6,6,2585.0,9.2,498,0,5,411900,3387870,492,24,5,-111.0
259301,411440.0,3390440.0,30,200,6,6,2585.0,9.2,498,0,5,412110,3388160,484,0,2,-102.0
259301,411440.0,3390440.0,30,200,6,6,2585.0,9.2,498,0,5,412020,3388070,488,0,5,-107.5
259301,411440.0,3390440.0,30,200,6,6,2585.0,9.2,498,0,5,411690,3387740,489,0,5,-112.0
259301,411440.0,3390440.0,30,200,6,6,2585.0,9.2,498,0,5,411880,3387850,491,0,13,-104.67
259301,411440.0,3390440.0,30,200,6,6,2585.0,9.2,498,0,5,412450,3388180,486,0,7,-102.33
259301,411440.0,3390440.0,30,200,6,6,2585.0,9.2,498,0,5,412455,3388175,486,0,7,-104.0
259301,411440.0,3390440.0,30,200,6,6,2585.0,9.2,498,0,5,412440,3388170,486,0,7,-99.5
259301,411440.0,3390440.0,30,200,6,6,2585.0,9.2,498,0,5,411585,3390380,496,21,5,-78.0
259301,411440.0,3390440.0,30,200,6,6,2585.0,9.2,498,0,5,411540,3390335,496,21,12,-84.5
259301,411440.0,3390440.0,30,200,6,6,2585.0,9.2,498,0,5,411550,3390325,496,21,12,-83.25
259301,411440.0,3390440.0,30,200,6,6,2585.0,9.2,498,0,5,411555,3390330,496,0,12,-88.0
259301,411440.0,3390440.0,30,200,6,6,2585.0,9.2,498,0,5,411545,3390340,496,21,5,-81.83
259301,411440.0,3390440.0,30,200,6,6,2585.0,9.2,498,0,5,411675,3390290,496,0,12,-99.0
259301,411440.0,3390440.0,30,200,6,6,2585.0,9.2,498,0,5,411670,3390285,496,0,5,-82.0
259301,411440.0,3390440.0,30,200,6,6,2585.0,9.2,498,0,5,411660,3390295,496,0,6,-103.5
259301,411440.0,3390440.0,30,200,6,6,2585.0,9.2,498,0,5,411755,3390515,493,21,5,-110.5
259301,411440.0,3390440.0,30,200,6,6,2585.0,9.2,498,0,5,411990,3390280,497,0,5,-96.67
259301,411440.0,3390440.0,30,200,6,6,2585.0,9.2,498,0,5,411980,3390270,498,0,5,-95.6
259301,411440.0,3390440.0,30,200,6,6,2585.0,9.2,498,0,5,411925,3390285,495,0,5,-100.5
259301,411440.0,3390440.0,30,200,6,6,2585.0,9.2,498,0,5,411915,3390355,493,0,5,-88.0
259301,411440.0,3390440.0,30,200,6,6,2585.0,9.2,498,0,5,411750,3390520,493,0,5,-111.67
259301,411440.0,3390440.0,30,200,6,6,2585.0,9.2,498,0,5,411920,3390290,495,0,6,-93.14
259301,411440.0,3390440.0,30,200,6,6,2585.0,9.2,498,0,5,411935,3390295,495,0,5,-86.83
259301,411440.0,3390440.0,30,200,6,6,2585.0,9.2,498,0,5,411985,3390265,498,0,5,-96.0
259301,411440.0,3390440.0,30,200,6,6,2585.0,9.2,498,0,5,411880,3390330,493,0,10,-97.83
259301,411440.0,3390440.0,30,200,6,6,2585.0,9.2,498,0,5,411885,3390325,493,0,10,-88.4
259301,411440.0,3390440.0,30,200,6,6,2585.0,9.2,498,0,5,411805,3390405,495,0,6,-99.0
259301,411440.0,3390440.0,30,200,6,6,2585.0,9.2,498,0,5,411765,3388185,488,0,5,-103.0
259301,411440.0,3390440.0,30,200,6,6,2585.0,9.2,498,0,5,412120,3388165,484,0,2,-95.8
259301,411440.0,3390440.0,30,200,6,6,2585.0,9.2,498,0,5,412130,3388175,483,0,5,-96.64
259301,411440.0,3390440.0,30,200,6,6,2585.0,9.2,498,0,5,412135,3388180,483,0,7,-97.33
259301,411440.0,3390440.0,30,200,6,6,2585.0,9.2,498,0,5,412125,3388170,483,0,2,-95.27
259301,411440.0,3390440.0,30,200,6,6,2585.0,9.2,498,0,5,412445,3388180,486,0,7,-106.33
259301,411440.0,3390440.0,30,200,6,6,2585.0,9.2,498,0,5,412440,3388175,486,0,7,-101.25
259301,411440.0,3390440.0,30,200,6,6,2585.0,9.2,498,0,5,412470,3388185,486,0,7,-100.0
259301,411440.0,3390440.0,30,200,6,6,2585.0,9.2,498,0,5,411845,3387745,490,0,5,-106.0
259301,411440.0,3390440.0,30,200,6,6,2585.0,9.2,498,0,5,411855,3387755,489,0,13,-106.33
259301,411440.0,3390440.0,30,200,6,6,2585.0,9.2,498,0,5,411840,3387750,490,0,6,-108.33
259301,411440.0,3390440.0,30,200,6,6,2585.0,9.2,498,0,5,411850,3387760,489,0,5,-106.5
259301,411440.0,3390440.0,30,200,6,6,2585.0,9.2,498,0,5,411875,3387875,491,0,5,-103.67
259301,411440.0,3390440.0,30,200,6,6,2585.0,9.2,498,0,5,411380,3387575,489,0,5,-105.5
259301,411440.0,3390440.0,30,200,6,6,2585.0,9.2,498,0,5,411980,3388165,488,0,5,-94.5
259301,411440.0,3390440.0,30,200,6,6,2585.0,9.2,498,0,5,411985,3388170,488,0,5,-97.83
259301,411440.0,3390440.0,30,200,6,6,2585.0,9.2,498,0,5,412180,3388015,487,0,6,-100.5
259301,411440.0,3390440.0,30,200,6,6,2585.0,9.2,498,0,5,412565,3388175,488,0,5,-98.5
259301,411440.0,3390440.0,30,200,6,6,2585.0,9.2,498,0,5,412560,3388180,488,0,10,-103.5
259301,411440.0,3390440.0,30,200,6,6,2585.0,9.2,498,0,5,412185,3387950,487,0,7,-96.5
259301,411440.0,3390440.0,30,200,6,6,2585.0,9.2,498,0,5,412175,3387940,488,0,7,-95.0
259301,411440.0,3390440.0,30,200,6,6,2585.0,9.2,498,0,5,412180,3387945,487,0,7,-95.75
259301,411440.0,3390440.0,30,200,6,6,2585.0,9.2,498,0,5,411915,3387740,487,6,5,-115.0
259301,411440.0,3390440.0,30,200,6,6,2585.0,9.2,498,0,5,411890,3387755,489,6,5,-113.0
259301,411440.0,3390440.0,30,200,6,6,2585.0,9.2,498,0,5,411840,3387705,491,0,5,-112.33
259301,411440.0,3390440.0,30,200,6,6,2585.0,9.2,498,0,5,411855,3387720,490,0,5,-115.0
259301,411440.0,3390440.0,30,200,6,6,2585.0,9.2,498,0,5,412480,3388185,486,0,5,-103.8
259301,411440.0,3390440.0,30,200,6,6,2585.0,9.2,498,0,5,412510,3388175,486,0,5,-102.0
259301,411440.0,3390440.0,30,200,6,6,2585.0,9.2,498,0,5,412515,3388180,487,0,5,-101.14
259301,411440.0,3390440.0,30,200,6,6,2585.0,9.2,498,0,5,412505,3388170,486,0,2,-103.0
259301,411440.0,3390440.0,30,200,6,6,2585.0,9.2,498,0,5,411730,3390390,495,0,6,-83.23
259301,411440.0,3390440.0,30,200,6,6,2585.0,9.2,498,0,5,411700,3390340,496,0,5,-95.33
259301,411440.0,3390440.0,30,200,6,6,2585.0,9.2,498,0,5,411725,3390395,495,0,5,-83.4
259301,411440.0,3390440.0,30,200,6,6,2585.0,9.2,498,0,5,411720,3390400,495,0,5,-83.0
259301,411440.0,3390440.0,30,200,6,6,2585.0,9.2,498,0,5,411755,3390365,495,0,5,-86.13
259301,411440.0,3390440.0,30,200,6,6,2585.0,9.2,498,0,5,411715,3390325,496,0,5,-101.23
259301,411440.0,3390440.0,30,200,6,6,2585.0,9.2,498,0,5,411745,3390375,495,0,12,-85.78
259301,411440.0,3390440.0,30,200,6,6,2585.0,9.2,498,0,5,411735,3390385,495,0,5,-83.58
259301,411440.0,3390440.0,30,200,6,6,2585.0,9.2,498,0,5,411690,3390350,496,0,5,-82.33
259301,411440.0,3390440.0,30,200,6,6,2585.0,9.2,498,0,5,411705,3390335,496,21,5,-98.0
259301,411440.0,3390440.0,30,200,6,6,2585.0,9.2,498,0,5,411750,3390370,495,0,5,-84.85
259301,411440.0,3390440.0,30,200,6,6,2585.0,9.2,498,0,5,411680,3390360,496,0,5,-84.67
259301,411440.0,3390440.0,30,200,6,6,2585.0,9.2,498,0,5,411740,3390380,495,0,12,-84.79
259301,411440.0,3390440.0,30,200,6,6,2585.0,9.2,498,0,5,411685,3390355,496,0,6,-87.0
259301,411440.0,3390440.0,30,200,6,6,2585.0,9.2,498,0,5,411710,3390330,496,21,5,-100.0
259301,411440.0,3390440.0,30,200,6,6,2585.0,9.2,498,0,5,411505,3390515,497,0,13,-85.5
259301,411440.0,3390440.0,30,200,6,6,2585.0,9.2,498,0,5,411480,3390500,497,0,5,-91.33
259301,411440.0,3390440.0,30,200,6,6,2585.0,9.2,498,0,5,411490,3390490,497,0,13,-85.91
259301,411440.0,3390440.0,30,200,6,6,2585.0,9.2,498,0,5,411495,3390485,497,0,13,-84.39
259301,411440.0,3390440.0,30,200,6,6,2585.0,9.2,498,0,5,411380,3390480,497,0,5,-93.5
259301,411440.0,3390440.0,30,200,6,6,2585.0,9.2,498,0,5,411485,3390495,497,0,5,-84.8
259301,411440.0,3390440.0,30,200,6,6,2585.0,9.2,498,0,5,411460,3390560,496,0,5,-90.0
259301,411440.0,3390440.0,30,200,6,6,2585.0,9.2,498,0,5,411865,3387815,490,0,5,-103.91
259301,411440.0,3390440.0,30,200,6,6,2585.0,9.2,498,0,5,411855,3387825,490,0,6,-108.67
259301,411440.0,3390440.0,30,200,6,6,2585.0,9.2,498,0,5,411860,3387820,490,0,6,-103.67
259301,411440.0,3390440.0,30,200,6,6,2585.0,9.2,498,0,5,411870,3387810,490,0,5,-102.0
259301,411440.0,3390440.0,30,200,6,6,2585.0,9.2,498,0,5,411875,3387805,490,6,13,-105.33
259301,411440.0,3390440.0,30,200,6,6,2585.0,9.2,498,0,5,412545,3388170,488,0,10,-105.5
259301,411440.0,3390440.0,30,200,6,6,2585.0,9.2,498,0,5,412550,3388175,488,0,10,-99.0
259301,411440.0,3390440.0,30,200,6,6,2585.0,9.2,498,0,5,412520,3388185,487,0,10,-101.75
259301,411440.0,3390440.0,30,200,6,6,2585.0,9.2,498,0,5,412555,3388180,488,0,10,-102.75
259301,411440.0,3390440.0,30,200,6,6,2585.0,9.2,498,0,5,412530,3388180,487,0,10,-105.0
259301,411440.0,3390440.0,30,200,6,6,2585.0,9.2,498,0,5,412535,3388175,487,0,10,-101.75
259301,411440.0,3390440.0,30,200,6,6,2585.0,9.2,498,0,5,412520,3388170,487,0,10,-104.0
259301,411440.0,3390440.0,30,200,6,6,2585.0,9.2,498,0,5,411735,3390410,494,0,5,-81.5
259301,411440.0,3390440.0,30,200,6,6,2585.0,9.2,498,0,5,411840,3390295,492,0,5,-97.0
259301,411440.0,3390440.0,30,200,6,6,2585.0,9.2,498,0,5,411860,3390315,493,0,5,-89.81
259301,411440.0,3390440.0,30,200,6,6,2585.0,9.2,498,0,5,411870,3390305,493,0,5,-93.0
259301,411440.0,3390440.0,30,200,6,6,2585.0,9.2,498,0,5,412110,3390225,497,0,5,-97.0
259301,411440.0,3390440.0,30,200,6,6,2585.0,9.2,498,0,5,412150,3390185,496,0,6,-91.5
259301,411440.0,3390440.0,30,200,6,6,2585.0,9.2,498,0,5,412085,3390220,496,0,5,-98.83
259301,411440.0,3390440.0,30,200,6,6,2585.0,9.2,498,0,5,412095,3390210,496,0,12,-93.5
259301,411440.0,3390440.0,30,200,6,6,2585.0,9.2,498,0,5,411725,3390420,494,0,5,-89.6
259301,411440.0,3390440.0,30,200,6,6,2585.0,9.2,498,0,5,411845,3390300,493,0,5,-107.0
259301,411440.0,3390440.0,30,200,6,6,2585.0,9.2,498,0,5,412100,3390235,496,0,5,-98.0
259301,411440.0,3390440.0,30,200,6,6,2585.0,9.2,498,0,5,412080,3390215,496,0,5,-96.33
259301,411440.0,3390440.0,30,200,6,6,2585.0,9.2,498,0,5,412090,3390205,496,48,12,-95.0
259301,411440.0,3390440.0,30,200,6,6,2585.0,9.2,498,0,5,411875,3390310,493,0,5,-89.43
259301,411440.0,3390440.0,30,200,6,6,2585.0,9.2,498,0,5,411865,3390320,493,0,5,-85.35
259301,411440.0,3390440.0,30,200,6,6,2585.0,9.2,498,0,5,411730,3390405,495,12,5,-86.0
259301,411440.0,3390440.0,30,200,6,6,2585.0,9.2,498,0,5,411720,3390415,494,0,12,-87.0
259301,411440.0,3390440.0,30,200,6,6,2585.0,9.2,498,0,5,411675,3390435,495,0,12,-80.0
259301,411440.0,3390440.0,30,200,6,6,2585.0,9.2,498,0,5,411580,3390510,496,21,5,-79.67
259301,411440.0,3390440.0,30,200,6,6,2585.0,9.2,498,0,5,411650,3390420,495,0,5,-72.29
259301,411440.0,3390440.0,30,200,6,6,2585.0,9.2,498,0,5,411660,3390430,495,0,5,-78.0
259301,411440.0,3390440.0,30,200,6,6,2585.0,9.2,498,0,5,411665,3390425,495,0,5,-77.64
259301,411440.0,3390440.0,30,200,6,6,2585.0,9.2,498,0,5,411655,3390415,495,0,5,-76.19
259301,411440.0,3390440.0,30,200,6,6,2585.0,9.2,498,0,5,411605,3390445,496,0,5,-76.67
259301,411440.0,3390440.0,30,200,6,6,2585.0,9.2,498,0,5,411640,3390410,496,0,13,-75.8
259301,411440.0,3390440.0,30,200,6,6,2585.0,9.2,498,0,5,411645,3390405,496,0,13,-75.25
259301,411440.0,3390440.0,30,200,6,6,2585.0,9.2,498,0,5,411600,3390450,496,0,5,-79.83
259301,411440.0,3390440.0,30,200,6,6,2585.0,9.2,498,0,5,411560,3390490,496,21,12,-86.67
259301,411440.0,3390440.0,30,200,6,6,2585.0,9.2,498,0,5,412175,3387915,489,0,7,-98.0
259301,411440.0,3390440.0,30,200,6,6,2585.0,9.2,498,0,5,411885,3387925,492,0,5,-111.5
259301,411440.0,3390440.0,30,200,6,6,2585.0,9.2,498,0,5,411835,3387715,491,0,6,-102.67
259301,411440.0,3390440.0,30,200,6,6,2585.0,9.2,498,0,5,411830,3387720,491,0,6,-102.5
259301,411440.0,3390440.0,30,200,6,6,2585.0,9.2,498,0,5,412030,3388160,487,0,5,-103.0
259301,411440.0,3390440.0,30,200,6,6,2585.0,9.2,498,0,5,411850,3387615,488,0,5,-106.0
259301,411440.0,3390440.0,30,200,6,6,2585.0,9.2,498,0,5,411605,3390440,496,0,5,-75.58
259301,411440.0,3390440.0,30,200,6,6,2585.0,9.2,498,0,5,411555,3390490,497,0,12,-86.83
259301,411440.0,3390440.0,30,200,6,6,2585.0,9.2,498,0,5,411545,3390500,497,0,12,-85.0
259301,411440.0,3390440.0,30,200,6,6,2585.0,9.2,498,0,5,411610,3390425,496,0,12,-77.38
259301,411440.0,3390440.0,30,200,6,6,2585.0,9.2,498,0,5,411550,3390485,497,0,5,-85.86
259301,411440.0,3390440.0,30,200,6,6,2585.0,9.2,498,0,5,411625,3390420,496,0,5,-74.41
259301,411440.0,3390440.0,30,200,6,6,2585.0,9.2,498,0,5,411630,3390405,496,21,13,-72.7
259301,411440.0,3390440.0,30,200,6,6,2585.0,9.2,498,0,5,411670,3390445,495,0,12,-82.5
259301,411440.0,3390440.0,30,200,6,6,2585.0,9.2,498,0,5,411540,3390495,497,0,12,-85.67
259301,411440.0,3390440.0,30,200,6,6,2585.0,9.2,498,0,5,411600,3390435,496,0,5,-74.74
259301,411440.0,3390440.0,30,200,6,6,2585.0,9.2,498,0,5,411615,3390430,496,0,5,-76.39
259301,411440.0,3390440.0,30,200,6,6,2585.0,9.2,498,0,5,411635,3390410,496,0,13,-73.89
259301,411440.0,3390440.0,30,200,6,6,2585.0,9.2,498,0,5,411620,3390415,496,0,5,-70.8
259301,411440.0,3390440.0,30,200,6,6,2585.0,9.2,498,0,5,411535,3390510,497,0,6,-90.0
259301,411440.0,3390440.0,30,200,6,6,2585.0,9.2,498,0,5,411730,3387735,489,0,5,-111.0
259301,411440.0,3390440.0,30,200,6,6,2585.0,9.2,498,0,5,411285,3387290,487,0,5,-116.5
259301,411440.0,3390440.0,30,200,6,6,2585.0,9.2,498,0,5,411620,3387625,490,0,5,-114.0
259301,411440.0,3390440.0,30,200,6,6,2585.0,9.2,498,0,5,411290,3387295,487,0,6,-110.5
259301,411440.0,3390440.0,30,200,6,6,2585.0,9.2,498,0,5,410890,3388415,495,21,5,-102.5
259301,411440.0,3390440.0,30,200,6,6,2585.0,9.2,498,0,5,412025,3388160,487,0,5,-97.5
259301,411440.0,3390440.0,30,200,6,6,2585.0,9.2,498,0,5,412035,3388150,487,0,5,-102.5
259301,411440.0,3390440.0,30,200,6,6,2585.0,9.2,498,0,5,411305,3387280,487,0,6,-124.5
259301,411440.0,3390440.0,30,200,6,6,2585.0,9.2,498,0,5,411835,3387710,491,0,6,-104.17
259301,411440.0,3390440.0,30,200,6,6,2585.0,9.2,498,0,5,411830,3387705,491,0,6,-110.0
259301,411440.0,3390440.0,30,200,6,6,2585.0,9.2,498,0,5,412455,3388165,486,0,7,-106.5
259301,411440.0,3390440.0,30,200,6,6,2585.0,9.2,498,0,5,412440,3388180,486,0,7,-103.0
259301,411440.0,3390440.0,30,200,6,6,2585.0,9.2,498,0,5,412445,3388175,486,0,7,-97.5
259301,411440.0,3390440.0,30,200,6,6,2585.0,9.2,498,0,5,411795,3390320,493,27,5,-84.0
259301,411440.0,3390440.0,30,200,6,6,2585.0,9.2,498,0,5,411735,3390340,495,0,5,-94.4
259301,411440.0,3390440.0,30,200,6,6,2585.0,9.2,498,0,5,411695,3390380,495,21,5,-76.94
259301,411440.0,3390440.0,30,200,6,6,2585.0,9.2,498,0,5,411690,3390375,495,21,5,-82.71
259301,411440.0,3390440.0,30,200,6,6,2585.0,9.2,498,0,5,411700,3390385,495,0,5,-82.09
259301,411440.0,3390440.0,30,200,6,6,2585.0,9.2,498,0,5,411750,3390355,495,0,5,-85.82
259301,411440.0,3390440.0,30,200,6,6,2585.0,9.2,498,0,5,411755,3390360,495,0,5,-86.2
259301,411440.0,3390440.0,30,200,6,6,2585.0,9.2,498,0,5,411715,3390400,495,0,12,-84.33
259301,411440.0,3390440.0,30,200,6,6,2585.0,9.2,498,0,5,411720,3390325,496,0,5,-100.69
259301,411440.0,3390440.0,30,200,6,6,2585.0,9.2,498,0,5,411725,3390330,495,0,5,-98.82
259301,411440.0,3390440.0,30,200,6,6,2585.0,9.2,498,0,5,411705,3390390,495,0,12,-79.44
259301,411440.0,3390440.0,30,200,6,6,2585.0,9.2,498,0,5,411710,3390395,495,0,12,-82.05
259301,411440.0,3390440.0,30,200,6,6,2585.0,9.2,498,0,5,411730,3390335,495,0,5,-92.0
259301,411440.0,3390440.0,30,200,6,6,2585.0,9.2,498,0,5,411745,3390350,495,27,5,-87.8
259301,411440.0,3390440.0,30,200,6,6,2585.0,9.2,498,0,5,411740,3390345,495,0,5,-83.17
259301,411440.0,3390440.0,30,200,6,6,2585.0,9.2,498,0,5,411680,3390365,496,0,5,-86.67
259301,411440.0,3390440.0,30,200,6,6,2585.0,9.2,498,0,5,411615,3390405,496,21,5,-77.67
259301,411440.0,3390440.0,30,200,6,6,2585.0,9.2,498,0,5,411635,3390425,495,0,12,-75.62
259301,411440.0,3390440.0,30,200,6,6,2585.0,9.2,498,0,5,411520,3390500,497,27,5,-83.6
259301,411440.0,3390440.0,30,200,6,6,2585.0,9.2,498,0,5,411550,3390510,496,0,6,-78.2
259301,411440.0,3390440.0,30,200,6,6,2585.0,9.2,498,0,5,411530,3390490,497,0,6,-79.67
259301,411440.0,3390440.0,30,200,6,6,2585.0,9.2,498,0,5,411535,3390485,497,0,12,-81.15
259301,411440.0,3390440.0,30,200,6,6,2585.0,9.2,498,0,5,411630,3390430,495,0,12,-74.56
259301,411440.0,3390440.0,30,200,6,6,2585.0,9.2,498,0,5,411625,3390435,496,0,12,-73.5
259301,411440.0,3390440.0,30,200,6,6,2585.0,9.2,498,0,5,411655,3390445,495,0,12,-75.0
259301,411440.0,3390440.0,30,200,6,6,2585.0,9.2,498,0,5,411605,3390415,496,21,5,-73.14
259301,411440.0,3390440.0,30,200,6,6,2585.0,9.2,498,0,5,411640,3390460,495,0,12,-86.0
259301,411440.0,3390440.0,30,200,6,6,2585.0,9.2,498,0,5,411620,3390440,496,0,12,-77.5
259301,411440.0,3390440.0,30,200,6,6,2585.0,9.2,498,0,5,411525,3390495,497,27,6,-84.25
259301,411440.0,3390440.0,30,200,6,6,2585.0,9.2,498,0,5,411600,3390420,496,21,12,-78.0
259301,411440.0,3390440.0,30,200,6,6,2585.0,9.2,498,0,5,411355,3390510,497,0,5,-97.0
259301,411440.0,3390440.0,30,200,6,6,2585.0,9.2,498,0,5,411350,3390505,497,0,12,-108.5
259301,411440.0,3390440.0,30,200,6,6,2585.0,9.2,498,0,5,411345,3390520,497,0,12,-98.0
259301,411440.0,3390440.0,30,200,6,6,2585.0,9.2,498,0,5,411340,3390515,497,0,12,-95.0
259301,411440.0,3390440.0,30,200,6,6,2585.0,9.2,498,0,5,411280,3388445,497,0,6,-105.0
259301,411440.0,3390440.0,30,200,6,6,2585.0,9.2,498,0,5,411030,3388755,491,36,6,-99.0
259301,411440.0,3390440.0,30,200,6,6,2585.0,9.2,498,0,5,412185,3387990,487,0,7,-103.6
259301,411440.0,3390440.0,30,200,6,6,2585.0,9.2,498,0,5,411490,3390340,497,0,5,-85.5
259301,411440.0,3390440.0,30,200,6,6,2585.0,9.2,498,0,5,412415,3388165,485,0,7,-101.5
259301,411440.0,3390440.0,30,200,6,6,2585.0,9.2,498,0,5,412410,3388170,485,0,7,-103.0
259301,411440.0,3390440.0,30,200,6,6,2585.0,9.2,498,0,5,412430,3388190,486,0,7,-96.0
259301,411440.0,3390440.0,30,200,6,6,2585.0,9.2,498,0,5,412435,3388185,486,0,7,-102.5
259301,411440.0,3390440.0,30,200,6,6,2585.0,9.2,498,0,5,411800,3390385,495,0,12,-103.75
259301,411440.0,3390440.0,30,200,6,6,2585.0,9.2,498,0,5,411760,3390345,495,27,5,-85.9
259301,411440.0,3390440.0,30,200,6,6,2585.0,9.2,498,0,5,411765,3390350,495,0,5,-88.7
259301,411440.0,3390440.0,30,200,6,6,2585.0,9.2,498,0,5,411720,3390305,496,0,5,-105.6
259301,411440.0,3390440.0,30,200,6,6,2585.0,9.2,498,0,5,411730,3390315,495,0,5,-102.75
259301,411440.0,3390440.0,30,200,6,6,2585.0,9.2,498,0,5,411725,3390310,496,0,5,-106.0
259301,411440.0,3390440.0,30,200,6,6,2585.0,9.2,498,0,5,411790,3390335,494,0,5,-103.0
259301,411440.0,3390440.0,30,200,6,6,2585.0,9.2,498,0,5,411785,3390330,494,0,5,-96.67
259301,411440.0,3390440.0,30,200,6,6,2585.0,9.2,498,0,5,411775,3390360,495,0,5,-86.52
259301,411440.0,3390440.0,30,200,6,6,2585.0,9.2,498,0,5,411795,3390340,494,0,5,-93.0
259301,411440.0,3390440.0,30,200,6,6,2585.0,9.2,498,0,5,411685,3390270,495,0,5,-101.33
259301,411440.0,3390440.0,30,200,6,6,2585.0,9.2,498,0,5,411820,3390365,494,15,5,-90.5
259301,411440.0,3390440.0,30,200,6,6,2585.0,9.2,498,0,5,411770,3390355,495,0,5,-91.62
259301,411440.0,3390440.0,30,200,6,6,2585.0,9.2,498,0,5,411375,3390520,497,0,5,-93.44
259301,411440.0,3390440.0,30,200,6,6,2585.0,9.2,498,0,5,411480,3390465,498,0,5,-87.0
259301,411440.0,3390440.0,30,200,6,6,2585.0,9.2,498,0,5,411485,3390470,498,15,13,-88.45
259301,411440.0,3390440.0,30,200,6,6,2585.0,9.2,498,0,5,411380,3390485,497,0,5,-112.0
259301,411440.0,3390440.0,30,200,6,6,2585.0,9.2,498,0,5,411515,3390460,497,0,6,-81.63
259301,411440.0,3390440.0,30,200,6,6,2585.0,9.2,498,0,5,411505,3390450,497,15,6,-85.92
259301,411440.0,3390440.0,30,200,6,6,2585.0,9.2,498,0,5,411495,3390480,497,0,13,-83.4
259301,411440.0,3390440.0,30,200,6,6,2585.0,9.2,498,0,5,411490,3390475,498,0,13,-85.23
259301,411440.0,3390440.0,30,200,6,6,2585.0,9.2,498,0,5,411395,3390500,497,0,5,-100.0
259301,411440.0,3390440.0,30,200,6,6,2585.0,9.2,498,0,5,411360,3390505,497,27,5,-105.0
259301,411440.0,3390440.0,30,200,6,6,2585.0,9.2,498,0,5,411370,3390515,497,0,5,-96.18
259301,411440.0,3390440.0,30,200,6,6,2585.0,9.2,498,0,5,411510,3390455,497,15,6,-83.35
259301,411440.0,3390440.0,30,200,6,6,2585.0,9.2,498,0,5,411420,3390525,497,0,5,-98.33
259301,411440.0,3390440.0,30,200,6,6,2585.0,9.2,498,0,5,411390,3390495,497,0,5,-99.0
259301,411440.0,3390440.0,30,200,6,6,2585.0,9.2,498,0,5,411500,3390445,498,15,5,-89.4
259301,411440.0,3390440.0,30,200,6,6,2585.0,9.2,498,0,5,411425,3390530,497,0,5,-93.0
259301,411440.0,3390440.0,30,200,6,6,2585.0,9.2,498,0,5,411410,3390555,497,0,5,-92.67
259301,411440.0,3390440.0,30,200,6,6,2585.0,9.2,498,0,5,411365,3390510,497,0,5,-113.5
259301,411440.0,3390440.0,30,200,6,6,2585.0,9.2,498,0,5,412075,3388205,485,0,2,-93.67
259301,411440.0,3390440.0,30,200,6,6,2585.0,9.2,498,0,5,412035,3388165,487,0,5,-96.8
259301,411440.0,3390440.0,30,200,6,6,2585.0,9.2,498,0,5,412025,3388175,487,0,5,-92.0
259301,411440.0,3390440.0,30,200,6,6,2585.0,9.2,498,0,5,412030,3388170,487,0,5,-95.38
259301,411440.0,3390440.0,30,200,6,6,2585.0,9.2,498,0,5,412020,3388180,487,0,5,-100.5
259301,411440.0,3390440.0,30,200,6,6,2585.0,9.2,498,0,5,411645,3390430,495,0,5,-73.2
259301,411440.0,3390440.0,30,200,6,6,2585.0,9.2,498,0,5,411665,3390410,495,0,5,-69.89
259301,411440.0,3390440.0,30,200,6,6,2585.0,9.2,498,0,5,411660,3390405,495,0,13,-73.66
259301,411440.0,3390440.0,30,200,6,6,2585.0,9.2,498,0,5,411640,3390425,495,0,12,-74.27
259301,411440.0,3390440.0,30,200,6,6,2585.0,9.2,498,0,5,411650,3390435,495,0,5,-81.33
259301,411440.0,3390440.0,30,200,6,6,2585.0,9.2,498,0,5,411655,3390440,495,0,5,-82.0
259301,411440.0,3390440.0,30,200,6,6,2585.0,9.2,498,0,5,411670,3390415,495,0,5,-79.1
259301,411440.0,3390440.0,30,200,6,6,2585.0,9.2,498,0,5,411600,3390465,496,21,12,-85.0
259301,411440.0,3390440.0,30,200,6,6,2585.0,9.2,498,0,5,411675,3390420,495,0,5,-74.5
259301,411440.0,3390440.0,30,200,6,6,2585.0,9.2,498,0,5,411715,3387590,489,0,5,-112.0
259301,411440.0,3390440.0,30,200,6,6,2585.0,9.2,498,0,5,411570,3390335,496,15,5,-86.12
259301,411440.0,3390440.0,30,200,6,6,2585.0,9.2,498,0,5,411565,3390330,496,15,5,-84.9
259301,411440.0,3390440.0,30,200,6,6,2585.0,9.2,498,0,5,411560,3390325,496,0,5,-84.92
259301,411440.0,3390440.0,30,200,6,6,2585.0,9.2,498,0,5,411585,3390350,496,0,12,-92.5
259301,411440.0,3390440.0,30,200,6,6,2585.0,9.2,498,0,5,411675,3390280,496,0,12,-95.67
259301,411440.0,3390440.0,30,200,6,6,2585.0,9.2,498,0,5,411580,3390345,496,0,12,-89.5
259301,411440.0,3390440.0,30,200,6,6,2585.0,9.2,498,0,5,411575,3390340,496,0,5,-82.08
259301,411440.0,3390440.0,30,200,6,6,2585.0,9.2,498,0,5,412465,3388170,486,0,7,-103.0
259301,411440.0,3390440.0,30,200,6,6,2585.0,9.2,498,0,5,412470,3388175,486,0,7,-101.63
259301,411440.0,3390440.0,30,200,6,6,2585.0,9.2,498,0,5,412475,3388180,486,0,5,-101.55
259301,411440.0,3390440.0,30,200,6,6,2585.0,9.2,498,0,5,412460,3388175,486,0,7,-94.0
259301,411440.0,3390440.0,30,200,6,6,2585.0,9.2,498,0,5,412465,3388180,486,0,7,-99.25
259301,411440.0,3390440.0,30,200,6,6,2585.0,9.2,498,0,5,412475,3388170,486,0,5,-102.67
259301,411440.0,3390440.0,30,200,6,6,2585.0,9.2,498,0,5,412195,3388040,487,0,7,-109.5
259301,411440.0,3390440.0,30,200,6,6,2585.0,9.2,498,0,5,412055,3388210,486,0,2,-89.5
259301,411440.0,3390440.0,30,200,6,6,2585.0,9.2,498,0,5,412050,3388205,486,0,5,-94.2
259301,411440.0,3390440.0,30,200,6,6,2585.0,9.2,498,0,5,412015,3388170,487,0,5,-94.9
259301,411440.0,3390440.0,30,200,6,6,2585.0,9.2,498,0,5,412000,3388175,488,0,13,-96.38
259301,411440.0,3390440.0,30,200,6,6,2585.0,9.2,498,0,5,412035,3388190,487,0,5,-96.0
259301,411440.0,3390440.0,30,200,6,6,2585.0,9.2,498,0,5,412010,3388165,488,0,5,-90.7
259301,411440.0,3390440.0,30,200,6,6,2585.0,9.2,498,0,5,411860,3387605,488,24,12,-106.67
259301,411440.0,3390440.0,30,200,6,6,2585.0,9.2,498,0,5,411875,3387770,489,0,5,-112.86
259301,411440.0,3390440.0,30,200,6,6,2585.0,9.2,498,0,5,411880,3387835,491,0,5,-106.33
259301,411440.0,3390440.0,30,200,6,6,2585.0,9.2,498,0,5,411855,3387790,489,0,6,-110.33
259301,411440.0,3390440.0,30,200,6,6,2585.0,9.2,498,0,5,411870,3387765,489,0,5,-111.8
259301,411440.0,3390440.0,30,200,6,6,2585.0,9.2,498,0,5,411850,3387785,489,0,6,-105.0
259301,411440.0,3390440.0,30,200,6,6,2585.0,9.2,498,0,5,411860,3387775,489,0,5,-106.5
259301,411440.0,3390440.0,30,200,6,6,2585.0,9.2,498,0,5,411865,3387780,489,0,5,-115.5
259301,411440.0,3390440.0,30,200,6,6,2585.0,9.2,498,0,5,411000,3388765,492,0,6,-104.5
259301,411440.0,3390440.0,30,200,6,6,2585.0,9.2,498,0,5,410880,3388610,494,0,5,-107.0
259301,411440.0,3390440.0,30,200,6,6,2585.0,9.2,498,0,5,411850,3390350,493,15,6,-97.0
259301,411440.0,3390440.0,30,200,6,6,2585.0,9.2,498,0,5,411980,3390300,497,0,5,-96.5
259301,411440.0,3390440.0,30,200,6,6,2585.0,9.2,498,0,5,411765,3390435,494,0,5,-97.0
259301,411440.0,3390440.0,30,200,6,6,2585.0,9.2,498,0,5,411855,3390345,493,0,6,-88.33
259301,411440.0,3390440.0,30,200,6,6,2585.0,9.2,498,0,5,412040,3390240,496,0,5,-86.5
259301,411440.0,3390440.0,30,200,6,6,2585.0,9.2,498,0,5,412045,3390235,496,0,5,-95.67
259301,411440.0,3390440.0,30,200,6,6,2585.0,9.2,498,0,5,411865,3390335,493,0,5,-86.42
259301,411440.0,3390440.0,30,200,6,6,2585.0,9.2,498,0,5,411875,3390325,493,0,5,-89.56
259301,411440.0,3390440.0,30,200,6,6,2585.0,9.2,498,0,5,411870,3390330,493,0,10,-90.14
259301,411440.0,3390440.0,30,200,6,6,2585.0,9.2,498,0,5,411860,3390340,493,0,5,-83.13
259301,411440.0,3390440.0,30,200,6,6,2585.0,9.2,498,0,5,412050,3390230,496,18,5,-93.0
259301,411440.0,3390440.0,30,200,6,6,2585.0,9.2,498,0,5,412140,3388175,483,0,7,-95.64
259301,411440.0,3390440.0,30,200,6,6,2585.0,9.2,498,0,5,412155,3388170,482,0,6,-97.71
259301,411440.0,3390440.0,30,200,6,6,2585.0,9.2,498,0,5,411860,3387600,488,24,5,-103.25
259301,411440.0,3390440.0,30,200,6,6,2585.0,9.2,498,0,5,411865,3387595,487,24,5,-102.0
259301,411440.0,3390440.0,30,200,6,6,2585.0,9.2,498,0,5,411640,3390465,495,0,5,-89.0
259301,411440.0,3390440.0,30,200,6,6,2585.0,9.2,498,0,5,411675,3390460,494,0,6,-97.5
259301,411440.0,3390440.0,30,200,6,6,2585.0,9.2,498,0,5,411550,3390495,497,0,12,-86.0
259301,411440.0,3390440.0,30,200,6,6,2585.0,9.2,498,0,5,411620,3390405,496,0,5,-74.33
259301,411440.0,3390440.0,30,200,6,6,2585.0,9.2,498,0,5,411630,3390415,496,0,5,-71.31
259301,411440.0,3390440.0,30,200,6,6,2585.0,9.2,498,0,5,411600,3390425,496,0,12,-77.7
259301,411440.0,3390440.0,30,200,6,6,2585.0,9.2,498,0,5,411610,3390435,496,0,5,-75.23
259301,411440.0,3390440.0,30,200,6,6,2585.0,9.2,498,0,5,411545,3390490,497,0,12,-83.63
259301,411440.0,3390440.0,30,200,6,6,2585.0,9.2,498,0,5,411605,3390430,496,0,5,-73.68
259301,411440.0,3390440.0,30,200,6,6,2585.0,9.2,498,0,5,411540,3390485,497,0,12,-81.34
259301,411440.0,3390440.0,30,200,6,6,2585.0,9.2,498,0,5,411665,3390450,495,0,12,-96.33
259301,411440.0,3390440.0,30,200,6,6,2585.0,9.2,498,0,5,411625,3390410,496,21,5,-75.86
259301,411440.0,3390440.0,30,200,6,6,2585.0,9.2,498,0,5,411615,3390440,496,0,5,-79.67
259301,411440.0,3390440.0,30,200,6,6,2585.0,9.2,498,0,5,411555,3390500,496,0,5,-86.0
259301,411440.0,3390440.0,30,200,6,6,2585.0,9.2,498,0,5,411635,3390420,496,0,5,-72.65
259301,411440.0,3390440.0,30,200,6,6,2585.0,9.2,498,0,5,411655,3390425,495,0,5,-77.5
259301,411440.0,3390440.0,30,200,6,6,2585.0,9.2,498,0,5,411640,3390440,495,0,5,-84.67
259301,411440.0,3390440.0,30,200,6,6,2585.0,9.2,498,0,5,411520,3390560,496,0,12,-85.0
259301,411440.0,3390440.0,30,200,6,6,2585.0,9.2,498,0,5,411675,3390405,495,0,5,-80.78
259301,411440.0,3390440.0,30,200,6,6,2585.0,9.2,498,0,5,411665,3390415,495,0,5,-74.43
259301,411440.0,3390440.0,30,200,6,6,2585.0,9.2,498,0,5,411575,3390505,496,21,6,-82.5
259301,411440.0,3390440.0,30,200,6,6,2585.0,9.2,498,0,5,411650,3390430,495,0,5,-75.71
259301,411440.0,3390440.0,30,200,6,6,2585.0,9.2,498,0,5,411645,3390435,495,0,5,-71.33
259301,411440.0,3390440.0,30,200,6,6,2585.0,9.2,498,0,5,411670,3390410,495,0,5,-77.19
259301,411440.0,3390440.0,30,200,6,6,2585.0,9.2,498,0,5,411660,3390420,495,0,5,-69.0
259301,411440.0,3390440.0,30,200,6,6,2585.0,9.2,498,0,5,411610,3390470,495,6,12,-85.25
259301,411440.0,3390440.0,30,200,6,6,2585.0,9.2,498,0,5,411845,3388185,488,0,5,-97.5
259301,411440.0,3390440.0,30,200,6,6,2585.0,9.2,498,0,5,411705,3390525,494,15,5,-92.5
259301,411440.0,3390440.0,30,200,6,6,2585.0,9.2,498,0,5,411960,3390270,497,0,5,-103.0
259301,411440.0,3390440.0,30,200,6,6,2585.0,9.2,498,0,5,411820,3390410,494,0,5,-103.0
259301,411440.0,3390440.0,30,200,6,6,2585.0,9.2,498,0,5,411970,3390280,497,0,13,-97.25
259301,411440.0,3390440.0,30,200,6,6,2585.0,9.2,498,0,5,411955,3390295,496,0,13,-95.0
259301,411440.0,3390440.0,30,200,6,6,2585.0,9.2,498,0,5,411945,3390285,496,0,5,-91.5
259301,411440.0,3390440.0,30,200,6,6,2585.0,9.2,498,0,5,411990,3390260,497,15,13,-93.5
259301,411440.0,3390440.0,30,200,6,6,2585.0,9.2,498,0,5,411880,3390350,493,0,10,-109.0
259301,411440.0,3390440.0,30,200,6,6,2585.0,9.2,498,0,5,411920,3390310,494,0,10,-86.83
259301,411440.0,3390440.0,30,200,6,6,2585.0,9.2,498,0,5,411975,3390275,497,0,5,-97.0
259301,411440.0,3390440.0,30,200,6,6,2585.0,9.2,498,0,5,411980,3390250,498,0,13,-92.5
259301,411440.0,3390440.0,30,200,6,6,2585.0,9.2,498,0,5,411950,3390300,496,0,13,-102.0
259301,411440.0,3390440.0,30,200,6,6,2585.0,9.2,498,0,5,411940,3390290,495,0,5,-92.5
259301,411440.0,3390440.0,30,200,6,6,2585.0,9.2,498,0,5,412060,3388180,486,0,5,-99.8
259301,411440.0,3390440.0,30,200,6,6,2585.0,9.2,498,0,5,412065,3388175,486,0,2,-94.44
259301,411440.0,3390440.0,30,200,6,6,2585.0,9.2,498,0,5,412075,3388165,486,0,2,-95.56
259301,411440.0,3390440.0,30,200,6,6,2585.0,9.2,498,0,5,412070,3388170,486,0,2,-92.77
259301,411440.0,3390440.0,30,200,6,6,2585.0,9.2,498,0,5,411510,3390315,496,21,5,-103.0
259301,411440.0,3390440.0,30,200,6,6,2585.0,9.2,498,0,5,411335,3390520,497,27,6,-99.75
259301,411440.0,3390440.0,30,200,6,6,2585.0,9.2,498,0,5,411355,3390500,497,0,5,-103.67
259301,411440.0,3390440.0,30,200,6,6,2585.0,9.2,498,0,5,411625,3390850,491,0,2,-104.0
259301,411440.0,3390440.0,30,200,6,6,2585.0,9.2,498,0,5,411890,3387750,489,6,13,-113.0
259301,411440.0,3390440.0,30,200,6,6,2585.0,9.2,498,0,5,411840,3387720,490,0,5,-105.4
259301,411440.0,3390440.0,30,200,6,6,2585.0,9.2,498,0,5,411880,3387760,489,6,5,-115.0
259301,411440.0,3390440.0,30,200,6,6,2585.0,9.2,498,0,5,411775,3390325,494,27,5,-78.0
259301,411440.0,3390440.0,30,200,6,6,2585.0,9.2,498,0,5,411765,3390335,494,27,5,-79.5
259301,411440.0,3390440.0,30,200,6,6,2585.0,9.2,498,0,5,411815,3390365,494,0,5,-86.75
259301,411440.0,3390440.0,30,200,6,6,2585.0,9.2,498,0,5,411820,3390400,495,0,6,-117.8
259301,411440.0,3390440.0,30,200,6,6,2585.0,9.2,498,0,5,411780,3390360,494,0,5,-81.79
259301,411440.0,3390440.0,30,200,6,6,2585.0,9.2,498,0,5,411795,3390345,494,0,5,-90.94
259301,411440.0,3390440.0,30,200,6,6,2585.0,9.2,498,0,5,411735,3390285,495,0,5,-104.5
259301,411440.0,3390440.0,30,200,6,6,2585.0,9.2,498,0,5,411790,3390350,494,0,5,-86.04
259301,411440.0,3390440.0,30,200,6,6,2585.0,9.2,498,0,5,411785,3390355,494,0,5,-85.0
259301,411440.0,3390440.0,30,200,6,6,2585.0,9.2,498,0,5,411770,3390330,494,27,5,-91.33
259301,411440.0,3390440.0,30,200,6,6,2585.0,9.2,498,0,5,411805,3390375,495,12,12,-94.5
259301,411440.0,3390440.0,30,200,6,6,2585.0,9.2,498,0,5,411760,3390340,495,27,5,-87.33
259301,411440.0,3390440.0,30,200,6,6,2585.0,9.2,498,0,5,411870,3390325,493,0,5,-89.95
259301,411440.0,3390440.0,30,200,6,6,2585.0,9.2,498,0,5,412040,3390235,496,15,5,-84.0
259301,411440.0,3390440.0,30,200,6,6,2585.0,9.2,498,0,5,411875,3390330,493,0,10,-90.87
259301,411440.0,3390440.0,30,200,6,6,2585.0,9.2,498,0,5,411865,3390340,493,0,5,-85.5
259301,411440.0,3390440.0,30,200,6,6,2585.0,9.2,498,0,5,411855,3390350,493,0,6,-95.25
259301,411440.0,3390440.0,30,200,6,6,2585.0,9.2,498,0,5,412045,3390240,496,0,5,-88.67
259301,411440.0,3390440.0,30,200,6,6,2585.0,9.2,498,0,5,412055,3390230,496,18,5,-93.67
259301,411440.0,3390440.0,30,200,6,6,2585.0,9.2,498,0,5,411860,3390335,493,0,5,-84.87
259301,411440.0,3390440.0,30,200,6,6,2585.0,9.2,498,0,5,411850,3390345,493,0,6,-85.0
259301,411440.0,3390440.0,30,200,6,6,2585.0,9.2,498,0,5,411605,3390405,496,0,5,-77.0
259301,411440.0,3390440.0,30,200,6,6,2585.0,9.2,498,0,5,412155,3390315,498,63,5,-106.33
259301,411440.0,3390440.0,30,200,6,6,2585.0,9.2,498,0,5,411635,3390435,495,0,12,-73.22
259301,411440.0,3390440.0,30,200,6,6,2585.0,9.2,498,0,5,411615,3390415,496,21,5,-76.8
259301,411440.0,3390440.0,30,200,6,6,2585.0,9.2,498,0,5,411645,3390445,495,0,5,-81.33
259301,411440.0,3390440.0,30,200,6,6,2585.0,9.2,498,0,5,412085,3390245,496,0,11,-97.5
259301,411440.0,3390440.0,30,200,6,6,2585.0,9.2,498,0,5,411530,3390500,497,0,6,-82.33
259301,411440.0,3390440.0,30,200,6,6,2585.0,9.2,498,0,5,411625,3390425,496,0,12,-72.7
259301,411440.0,3390440.0,30,200,6,6,2585.0,9.2,498,0,5,411600,3390410,496,21,5,-84.0
259301,411440.0,3390440.0,30,200,6,6,2585.0,9.2,498,0,5,411555,3390515,496,0,5,-90.5
259301,411440.0,3390440.0,30,200,6,6,2585.0,9.2,498,0,5,411545,3390505,497,0,6,-83.0
259301,411440.0,3390440.0,30,200,6,6,2585.0,9.2,498,0,5,411520,3390490,497,27,5,-81.5
259301,411440.0,3390440.0,30,200,6,6,2585.0,9.2,498,0,5,411620,3390430,496,0,12,-77.0
259301,411440.0,3390440.0,30,200,6,6,2585.0,9.2,498,0,5,411610,3390420,496,0,5,-81.13
259301,411440.0,3390440.0,30,200,6,6,2585.0,9.2,498,0,5,411535,3390495,497,0,12,-84.0
259301,411440.0,3390440.0,30,200,6,6,2585.0,9.2,498,0,5,411525,3390485,497,0,6,-81.93
259301,411440.0,3390440.0,30,200,6,6,2585.0,9.2,498,0,5,411640,3390450,495,0,12,-80.0
259301,411440.0,3390440.0,30,200,6,6,2585.0,9.2,498,0,5,411630,3390440,495,0,12,-72.0
259301,411440.0,3390440.0,30,200,6,6,2585.0,9.2,498,0,5,411695,3390355,496,0,5,-79.0
259301,411440.0,3390440.0,30,200,6,6,2585.0,9.2,498,0,5,411815,3390315,493,0,5,-87.67
259301,411440.0,3390440.0,30,200,6,6,2585.0,9.2,498,0,5,411690,3390360,496,0,6,-81.0
259301,411440.0,3390440.0,30,200,6,6,2585.0,9.2,498,0,5,411725,3390385,495,0,5,-85.27
259301,411440.0,3390440.0,30,200,6,6,2585.0,9.2,498,0,5,411750,3390380,495,0,12,-78.89
259301,411440.0,3390440.0,30,200,6,6,2585.0,9.2,498,0,5,411705,3390325,496,0,12,-106.5
259301,411440.0,3390440.0,30,200,6,6,2585.0,9.2,498,0,5,411810,3390320,493,27,5,-84.33
259301,411440.0,3390440.0,30,200,6,6,2585.0,9.2,498,0,5,411720,3390390,495,0,5,-83.31
259301,411440.0,3390440.0,30,200,6,6,2585.0,9.2,498,0,5,411745,3390365,495,0,5,-84.48
259301,411440.0,3390440.0,30,200,6,6,2585.0,9.2,498,0,5,411740,3390370,495,0,5,-87.61
259301,411440.0,3390440.0,30,200,6,6,2585.0,9.2,498,0,5,411715,3390335,496,21,5,-95.8
259301,411440.0,3390440.0,30,200,6,6,2585.0,9.2,498,0,5,411755,3390375,495,0,5,-80.8
259301,411440.0,3390440.0,30,200,6,6,2585.0,9.2,498,0,5,411730,3390400,495,12,5,-80.8
259301,411440.0,3390440.0,30,200,6,6,2585.0,9.2,498,0,5,411685,3390345,496,0,5,-86.0
259301,411440.0,3390440.0,30,200,6,6,2585.0,9.2,498,0,5,411735,3390395,495,12,6,-92.0
259301,411440.0,3390440.0,30,200,6,6,2585.0,9.2,498,0,5,411470,3390430,498,15,13,-82.5
259301,411440.0,3390440.0,30,200,6,6,2585.0,9.2,498,0,5,411380,3390520,497,0,5,-102.0
259301,411440.0,3390440.0,30,200,6,6,2585.0,9.2,498,0,5,411395,3390505,497,0,12,-96.08
259301,411440.0,3390440.0,30,200,6,6,2585.0,9.2,498,0,5,411385,3390515,497,0,5,-93.65
259301,411440.0,3390440.0,30,200,6,6,2585.0,9.2,498,0,5,411515,3390465,497,0,6,-81.47
259301,411440.0,3390440.0,30,200,6,6,2585.0,9.2,498,0,5,411375,3390485,497,0,5,-101.5
259301,411440.0,3390440.0,30,200,6,6,2585.0,9.2,498,0,5,411390,3390510,497,0,12,-92.71
259301,411440.0,3390440.0,30,200,6,6,2585.0,9.2,498,0,5,411500,3390480,497,0,13,-82.67
259301,411440.0,3390440.0,30,200,6,6,2585.0,9.2,498,0,5,411505,3390475,497,0,5,-84.02
259301,411440.0,3390440.0,30,200,6,6,2585.0,9.2,498,0,5,411510,3390470,497,0,5,-83.01
259301,411440.0,3390440.0,30,200,6,6,2585.0,9.2,498,0,5,411465,3390435,498,0,5,-96.67
259301,411440.0,3390440.0,30,200,6,6,2585.0,9.2,498,0,5,411485,3390455,498,0,5,-88.67
259301,411440.0,3390440.0,30,200,6,6,2585.0,9.2,498,0,5,411410,3390530,497,0,12,-93.5
259301,411440.0,3390440.0,30,200,6,6,2585.0,9.2,498,0,5,411490,3390450,498,0,13,-87.88
259301,411440.0,3390440.0,30,200,6,6,2585.0,9.2,498,0,5,412120,3388175,483,0,2,-95.07
259301,411440.0,3390440.0,30,200,6,6,2585.0,9.2,498,0,5,412135,3388170,483,0,7,-96.67
259301,411440.0,3390440.0,30,200,6,6,2585.0,9.2,498,0,5,412125,3388180,483,0,2,-95.86
259301,411440.0,3390440.0,30,200,6,6,2585.0,9.2,498,0,5,412130,3388165,483,0,2,-95.2
259301,411440.0,3390440.0,30,200,6,6,2585.0,9.2,498,0,5,411830,3387675,490,0,5,-117.5
259301,411440.0,3390440.0,30,200,6,6,2585.0,9.2,498,0,5,411995,3388160,488,0,13,-99.5
259301,411440.0,3390440.0,30,200,6,6,2585.0,9.2,498,0,5,412395,3387950,485,9,2,-105.5
