Cell Index,Cell X,Cell Y,Height,Azimuth,Electrical Downtilt,Mechanical Downtilt,Frequency Band,RS Power,Cell Altitude,Cell Building Height,Cell Clutter Index,X,Y,Altitude,Building Height,Clutter Index,RSRP
574801,411665.0,3396500.0,16,340,3,3,2585.0,12.2,498,15,14,411630,3396460,498,0,6,-83.43
574801,411665.0,3396500.0,16,340,3,3,2585.0,12.2,498,15,14,411625,3396445,499,0,6,-86.67
574801,411665.0,3396500.0,16,340,3,3,2585.0,12.2,498,15,14,411640,3396430,500,0,6,-86.33
574801,411665.0,3396500.0,16,340,3,3,2585.0,12.2,498,15,14,411660,3396410,501,15,5,-91.0
574801,411665.0,3396500.0,16,340,3,3,2585.0,12.2,498,15,14,411655,3396435,500,0,6,-86.89
574801,411665.0,3396500.0,16,340,3,3,2585.0,12.2,498,15,14,411665,3396405,501,0,5,-95.2
574801,411665.0,3396500.0,16,340,3,3,2585.0,12.2,498,15,14,411635,3396455,498,0,6,-81.71
574801,411665.0,3396500.0,16,340,3,3,2585.0,12.2,498,15,14,411650,3396440,499,0,6,-86.25
574801,411665.0,3396500.0,16,340,3,3,2585.0,12.2,498,15,14,411645,3396425,501,0,6,-84.38
574801,411665.0,3396500.0,16,340,3,3,2585.0,12.2,498,15,14,411800,3396390,501,0,5,-91.67
574801,411665.0,3396500.0,16,340,3,3,2585.0,12.2,498,15,14,411680,3396430,500,5,6,-91.0
574801,411665.0,3396500.0,16,340,3,3,2585.0,12.2,498,15,14,411805,3396385,501,0,5,-93.17
574801,411665.0,3396500.0,16,340,3,3,2585.0,12.2,498,15,14,411815,3396395,501,0,5,-94.33
574801,411665.0,3396500.0,16,340,3,3,2585.0,12.2,498,15,14,411810,3396400,501,0,5,-96.6
574801,411665.0,3396500.0,16,340,3,3,2585.0,12.2,498,15,14,411755,3396455,499,0,6,-85.5
574801,411665.0,3396500.0,16,340,3,3,2585.0,12.2,498,15,14,411695,3396595,499,0,5,-85.5
574801,411665.0,3396500.0,16,340,3,3,2585.0,12.2,498,15,14,411640,3396710,500,0,6,-86.0
574801,411665.0,3396500.0,16,340,3,3,2585.0,12.2,498,15,14,411800,3396550,501,0,5,-89.0
574801,411665.0,3396500.0,16,340,3,3,2585.0,12.2,498,15,14,411785,3396485,500,0,6,-97.5
574801,411665.0,3396500.0,16,340,3,3,2585.0,12.2,498,15,14,411770,3396520,500,0,6,-88.5
574801,411665.0,3396500.0,16,340,3,3,2585.0,12.2,498,15,14,411630,3396660,500,0,6,-68.17
574801,411665.0,3396500.0,16,340,3,3,2585.0,12.2,498,15,14,411790,3396500,500,0,6,-91.5
574801,411665.0,3396500.0,16,340,3,3,2585.0,12.2,498,15,14,411635,3396655,500,0,6,-69.07
574801,411665.0,3396500.0,16,340,3,3,2585.0,12.2,498,15,14,411660,3396690,500,0,5,-81.67
574801,411665.0,3396500.0,16,340,3,3,2585.0,12.2,498,15,14,411655,3396715,500,0,5,-85.0
574801,411665.0,3396500.0,16,340,3,3,2585.0,12.2,498,15,14,411645,3396705,500,0,6,-83.5
574801,411665.0,3396500.0,16,340,3,3,2585.0,12.2,498,15,14,411650,3396720,500,0,6,-82.67
574801,411665.0,3396500.0,16,340,3,3,2585.0,12.2,498,15,14,411780,3396490,500,0,6,-91.5
574801,411665.0,3396500.0,16,340,3,3,2585.0,12.2,498,15,14,411625,3396645,500,0,5,-65.0
574801,411665.0,3396500.0,16,340,3,3,2585.0,12.2,498,15,14,411635,3396840,500,0,6,-82.0
574801,411665.0,3396500.0,16,340,3,3,2585.0,12.2,498,15,14,408650,3395855,506,0,5,-94.0
574801,411665.0,3396500.0,16,340,3,3,2585.0,12.2,498,15,14,408665,3395870,505,6,5,-106.0
574801,411665.0,3396500.0,16,340,3,3,2585.0,12.2,498,15,14,408655,3395860,506,0,5,-91.0
574801,411665.0,3396500.0,16,340,3,3,2585.0,12.2,498,15,14,408620,3395720,506,21,5,-97.5
574801,411665.0,3396500.0,16,340,3,3,2585.0,12.2,498,15,14,408615,3395685,505,0,5,-117.0
574801,411665.0,3396500.0,16,340,3,3,2585.0,12.2,498,15,14,408625,3395715,506,0,5,-100.0
574801,411665.0,3396500.0,16,340,3,3,2585.0,12.2,498,15,14,411805,3396360,501,0,5,-90.0
574801,411665.0,3396500.0,16,340,3,3,2585.0,12.2,498,15,14,411760,3396395,500,0,6,-95.5
574801,411665.0,3396500.0,16,340,3,3,2585.0,12.2,498,15,14,411815,3396350,501,0,5,-92.0
574801,411665.0,3396500.0,16,340,3,3,2585.0,12.2,498,15,14,411800,3396355,501,0,5,-96.67
574801,411665.0,3396500.0,16,340,3,3,2585.0,12.2,498,15,14,411770,3396385,500,0,6,-90.88
574801,411665.0,3396500.0,16,340,3,3,2585.0,12.2,498,15,14,411775,3396390,501,0,6,-97.44
574801,411665.0,3396500.0,16,340,3,3,2585.0,12.2,498,15,14,411795,3396370,501,0,5,-91.5
574801,411665.0,3396500.0,16,340,3,3,2585.0,12.2,498,15,14,411745,3396420,500,0,5,-83.5
574801,411665.0,3396500.0,16,340,3,3,2585.0,12.2,498,15,14,411785,3396380,501,0,6,-90.33
574801,411665.0,3396500.0,16,340,3,3,2585.0,12.2,498,15,14,408690,3395640,506,0,5,-106.67
574801,411665.0,3396500.0,16,340,3,3,2585.0,12.2,498,15,14,408840,3395790,505,15,13,-108.0
574801,411665.0,3396500.0,16,340,3,3,2585.0,12.2,498,15,14,408680,3395630,507,0,13,-104.0
574801,411665.0,3396500.0,16,340,3,3,2585.0,12.2,498,15,14,408715,3395615,507,0,5,-110.5
574801,411665.0,3396500.0,16,340,3,3,2585.0,12.2,498,15,14,408630,3395700,505,18,13,-107.0
574801,411665.0,3396500.0,16,340,3,3,2585.0,12.2,498,15,14,408625,3395685,505,0,6,-116.14
574801,411665.0,3396500.0,16,340,3,3,2585.0,12.2,498,15,14,408620,3395690,505,0,5,-121.5
574801,411665.0,3396500.0,16,340,3,3,2585.0,12.2,498,15,14,408650,3395630,507,0,13,-106.0
574801,411665.0,3396500.0,16,340,3,3,2585.0,12.2,498,15,14,408715,3395645,507,0,5,-99.94
574801,411665.0,3396500.0,16,340,3,3,2585.0,12.2,498,15,14,408705,3395655,506,0,13,-106.6
574801,411665.0,3396500.0,16,340,3,3,2585.0,12.2,498,15,14,408710,3395650,506,0,5,-99.62
574801,411665.0,3396500.0,16,340,3,3,2585.0,12.2,498,15,14,408700,3395660,506,0,5,-106.0
574801,411665.0,3396500.0,16,340,3,3,2585.0,12.2,498,15,14,408655,3395880,506,0,5,-118.5
574801,411665.0,3396500.0,16,340,3,3,2585.0,12.2,498,15,14,408670,3395855,505,0,5,-101.5
574801,411665.0,3396500.0,16,340,3,3,2585.0,12.2,498,15,14,408665,3395850,505,0,5,-94.6
574801,411665.0,3396500.0,16,340,3,3,2585.0,12.2,498,15,14,408660,3395845,506,0,5,-98.7
574801,411665.0,3396500.0,16,340,3,3,2585.0,12.2,498,15,14,408625,3395695,505,0,5,-112.5
574801,411665.0,3396500.0,16,340,3,3,2585.0,12.2,498,15,14,411780,3396475,500,0,6,-91.67
574801,411665.0,3396500.0,16,340,3,3,2585.0,12.2,498,15,14,411680,3396375,502,0,5,-98.33
574801,411665.0,3396500.0,16,340,3,3,2585.0,12.2,498,15,14,411685,3396380,502,0,5,-96.0
574801,411665.0,3396500.0,16,340,3,3,2585.0,12.2,498,15,14,411715,3396390,500,0,5,-99.5
574801,411665.0,3396500.0,16,340,3,3,2585.0,12.2,498,15,14,411790,3396465,500,0,5,-94.5
574801,411665.0,3396500.0,16,340,3,3,2585.0,12.2,498,15,14,411805,3396420,501,0,6,-97.0
574801,411665.0,3396500.0,16,340,3,3,2585.0,12.2,498,15,14,411775,3396450,500,0,6,-87.0
574801,411665.0,3396500.0,16,340,3,3,2585.0,12.2,498,15,14,411635,3396590,499,0,6,-67.83
574801,411665.0,3396500.0,16,340,3,3,2585.0,12.2,498,15,14,411655,3396610,499,0,5,-72.21
574801,411665.0,3396500.0,16,340,3,3,2585.0,12.2,498,15,14,411645,3396620,500,0,6,-72.86
574801,411665.0,3396500.0,16,340,3,3,2585.0,12.2,498,15,14,411640,3396615,500,0,6,-69.93
574801,411665.0,3396500.0,16,340,3,3,2585.0,12.2,498,15,14,411650,3396605,499,0,6,-73.17
574801,411665.0,3396500.0,16,340,3,3,2585.0,12.2,498,15,14,411630,3396585,499,0,6,-67.57
574801,411665.0,3396500.0,16,340,3,3,2585.0,12.2,498,15,14,411665,3396640,500,0,5,-63.5
574801,411665.0,3396500.0,16,340,3,3,2585.0,12.2,498,15,14,411660,3396635,500,0,5,-70.29
574801,411665.0,3396500.0,16,340,3,3,2585.0,12.2,498,15,14,411650,3396340,504,0,6,-91.33
574801,411665.0,3396500.0,16,340,3,3,2585.0,12.2,498,15,14,411665,3396345,503,0,5,-94.0
574801,411665.0,3396500.0,16,340,3,3,2585.0,12.2,498,15,14,411610,3396380,506,0,14,-95.44
574801,411665.0,3396500.0,16,340,3,3,2585.0,12.2,498,15,14,411625,3396385,505,0,14,-90.43
574801,411665.0,3396500.0,16,340,3,3,2585.0,12.2,498,15,14,411615,3396375,507,0,14,-94.36
574801,411665.0,3396500.0,16,340,3,3,2585.0,12.2,498,15,14,411600,3396370,508,0,14,-91.5
574801,411665.0,3396500.0,16,340,3,3,2585.0,12.2,498,15,14,411620,3396390,505,0,14,-92.75
574801,411665.0,3396500.0,16,340,3,3,2585.0,12.2,498,15,14,411605,3396365,507,0,14,-92.5
574801,411665.0,3396500.0,16,340,3,3,2585.0,12.2,498,15,14,411630,3396400,503,0,5,-87.84
574801,411665.0,3396500.0,16,340,3,3,2585.0,12.2,498,15,14,411635,3396395,504,0,5,-85.65
574801,411665.0,3396500.0,16,340,3,3,2585.0,12.2,498,15,14,411660,3396350,503,0,5,-91.0
574801,411665.0,3396500.0,16,340,3,3,2585.0,12.2,498,15,14,411500,3396510,501,0,14,-85.0
574801,411665.0,3396500.0,16,340,3,3,2585.0,12.2,498,15,14,408640,3395810,507,0,5,-99.5
574801,411665.0,3396500.0,16,340,3,3,2585.0,12.2,498,15,14,408665,3395825,505,0,5,-81.4
574801,411665.0,3396500.0,16,340,3,3,2585.0,12.2,498,15,14,408695,3395775,506,0,13,-99.33
574801,411665.0,3396500.0,16,340,3,3,2585.0,12.2,498,15,14,408645,3395805,506,0,5,-97.2
574801,411665.0,3396500.0,16,340,3,3,2585.0,12.2,498,15,14,408715,3395795,505,0,5,-96.37
574801,411665.0,3396500.0,16,340,3,3,2585.0,12.2,498,15,14,408710,3395800,505,0,5,-89.4
574801,411665.0,3396500.0,16,340,3,3,2585.0,12.2,498,15,14,408705,3395785,506,6,5,-82.83
574801,411665.0,3396500.0,16,340,3,3,2585.0,12.2,498,15,14,408800,3395650,507,18,13,-108.33
574801,411665.0,3396500.0,16,340,3,3,2585.0,12.2,498,15,14,408785,3395705,506,0,13,-96.0
574801,411665.0,3396500.0,16,340,3,3,2585.0,12.2,498,15,14,408730,3395740,506,21,5,-102.0
574801,411665.0,3396500.0,16,340,3,3,2585.0,12.2,498,15,14,408740,3395750,506,21,5,-106.0
574801,411665.0,3396500.0,16,340,3,3,2585.0,12.2,498,15,14,408735,3395735,506,21,13,-105.67
574801,411665.0,3396500.0,16,340,3,3,2585.0,12.2,498,15,14,408690,3395780,506,0,5,-111.5
574801,411665.0,3396500.0,16,340,3,3,2585.0,12.2,498,15,14,408700,3395790,505,0,7,-93.5
574801,411665.0,3396500.0,16,340,3,3,2585.0,12.2,498,15,14,408755,3395755,506,0,5,-96.13
574801,411665.0,3396500.0,16,340,3,3,2585.0,12.2,498,15,14,411640,3396595,499,0,6,-71.32
574801,411665.0,3396500.0,16,340,3,3,2585.0,12.2,498,15,14,411660,3396575,499,0,14,-73.0
574801,411665.0,3396500.0,16,340,3,3,2585.0,12.2,498,15,14,411635,3396610,499,0,6,-68.27
574801,411665.0,3396500.0,16,340,3,3,2585.0,12.2,498,15,14,411655,3396590,499,0,5,-71.11
574801,411665.0,3396500.0,16,340,3,3,2585.0,12.2,498,15,14,411645,3396600,499,0,6,-70.13
574801,411665.0,3396500.0,16,340,3,3,2585.0,12.2,498,15,14,411650,3396585,499,0,6,-73.73
574801,411665.0,3396500.0,16,340,3,3,2585.0,12.2,498,15,14,411630,3396605,499,0,6,-68.0
574801,411665.0,3396500.0,16,340,3,3,2585.0,12.2,498,15,14,411620,3396615,500,0,5,-64.5
574801,411665.0,3396500.0,16,340,3,3,2585.0,12.2,498,15,14,411670,3396565,498,54,14,-63.5
574801,411665.0,3396500.0,16,340,3,3,2585.0,12.2,498,15,14,411835,3396400,501,0,5,-102.5
574801,411665.0,3396500.0,16,340,3,3,2585.0,12.2,498,15,14,411815,3396380,501,0,5,-88.33
574801,411665.0,3396500.0,16,340,3,3,2585.0,12.2,498,15,14,411825,3396390,501,0,6,-93.0
574801,411665.0,3396500.0,16,340,3,3,2585.0,12.2,498,15,14,411805,3396370,501,0,5,-91.67
574801,411665.0,3396500.0,16,340,3,3,2585.0,12.2,498,15,14,411820,3396385,501,0,5,-92.33
574801,411665.0,3396500.0,16,340,3,3,2585.0,12.2,498,15,14,411810,3396375,501,0,5,-116.0
574801,411665.0,3396500.0,16,340,3,3,2585.0,12.2,498,15,14,411745,3396470,499,0,5,-80.5
574801,411665.0,3396500.0,16,340,3,3,2585.0,12.2,498,15,14,411790,3396355,501,0,5,-95.5
574801,411665.0,3396500.0,16,340,3,3,2585.0,12.2,498,15,14,411655,3396460,498,0,5,-83.78
574801,411665.0,3396500.0,16,340,3,3,2585.0,12.2,498,15,14,411625,3396430,501,0,6,-105.0
574801,411665.0,3396500.0,16,340,3,3,2585.0,12.2,498,15,14,411600,3396405,504,12,14,-92.67
574801,411665.0,3396500.0,16,340,3,3,2585.0,12.2,498,15,14,411585,3396390,507,0,14,-99.0
574801,411665.0,3396500.0,16,340,3,3,2585.0,12.2,498,15,14,411650,3396455,498,0,6,-82.67
574801,411665.0,3396500.0,16,340,3,3,2585.0,12.2,498,15,14,411590,3396395,506,0,14,-98.5
574801,411665.0,3396500.0,16,340,3,3,2585.0,12.2,498,15,14,411635,3396440,500,0,6,-83.23
574801,411665.0,3396500.0,16,340,3,3,2585.0,12.2,498,15,14,411640,3396445,499,0,6,-83.9
574801,411665.0,3396500.0,16,340,3,3,2585.0,12.2,498,15,14,411645,3396450,499,0,6,-85.64
574801,411665.0,3396500.0,16,340,3,3,2585.0,12.2,498,15,14,411580,3396385,508,0,14,-98.0
574801,411665.0,3396500.0,16,340,3,3,2585.0,12.2,498,15,14,411660,3396465,498,15,14,-83.5
574801,411665.0,3396500.0,16,340,3,3,2585.0,12.2,498,15,14,411630,3396435,500,0,6,-90.67
574801,411665.0,3396500.0,16,340,3,3,2585.0,12.2,498,15,14,411575,3396380,508,0,14,-94.5
574801,411665.0,3396500.0,16,340,3,3,2585.0,12.2,498,15,14,408605,3395730,506,21,5,-100.5
574801,411665.0,3396500.0,16,340,3,3,2585.0,12.2,498,15,14,408590,3395715,506,0,5,-94.0
574801,411665.0,3396500.0,16,340,3,3,2585.0,12.2,498,15,14,411660,3396785,500,0,5,-82.0
574801,411665.0,3396500.0,16,340,3,3,2585.0,12.2,498,15,14,411645,3396770,500,0,6,-85.67
574801,411665.0,3396500.0,16,340,3,3,2585.0,12.2,498,15,14,411725,3396530,498,0,7,-87.0
574801,411665.0,3396500.0,16,340,3,3,2585.0,12.2,498,15,14,411640,3396765,500,0,6,-91.0
574801,411665.0,3396500.0,16,340,3,3,2585.0,12.2,498,15,14,411780,3396585,500,0,6,-94.75
574801,411665.0,3396500.0,16,340,3,3,2585.0,12.2,498,15,14,411795,3396600,501,0,6,-93.75
574801,411665.0,3396500.0,16,340,3,3,2585.0,12.2,498,15,14,411775,3396580,500,0,6,-91.0
574801,411665.0,3396500.0,16,340,3,3,2585.0,12.2,498,15,14,411785,3396590,500,0,6,-92.5
574801,411665.0,3396500.0,16,340,3,3,2585.0,12.2,498,15,14,411635,3396760,500,0,6,-83.57
574801,411665.0,3396500.0,16,340,3,3,2585.0,12.2,498,15,14,411655,3396780,500,0,5,-86.67
574801,411665.0,3396500.0,16,340,3,3,2585.0,12.2,498,15,14,411650,3396775,500,0,6,-86.17
574801,411665.0,3396500.0,16,340,3,3,2585.0,12.2,498,15,14,411625,3396750,500,0,5,-83.5
574801,411665.0,3396500.0,16,340,3,3,2585.0,12.2,498,15,14,411575,3396700,501,0,14,-97.5
574801,411665.0,3396500.0,16,340,3,3,2585.0,12.2,498,15,14,408700,3395855,504,0,13,-97.67
574801,411665.0,3396500.0,16,340,3,3,2585.0,12.2,498,15,14,411795,3396425,501,0,6,-93.8
574801,411665.0,3396500.0,16,340,3,3,2585.0,12.2,498,15,14,411770,3396410,500,0,6,-89.33
574801,411665.0,3396500.0,16,340,3,3,2585.0,12.2,498,15,14,411790,3396430,501,0,6,-96.25
574801,411665.0,3396500.0,16,340,3,3,2585.0,12.2,498,15,14,411755,3396385,500,0,14,-96.57
574801,411665.0,3396500.0,16,340,3,3,2585.0,12.2,498,15,14,411750,3396390,500,0,5,-93.88
574801,411665.0,3396500.0,16,340,3,3,2585.0,12.2,498,15,14,411745,3396395,500,0,5,-100.0
574801,411665.0,3396500.0,16,340,3,3,2585.0,12.2,498,15,14,411780,3396440,500,0,6,-89.0
574801,411665.0,3396500.0,16,340,3,3,2585.0,12.2,498,15,14,411785,3396435,500,0,6,-91.78
574801,411665.0,3396500.0,16,340,3,3,2585.0,12.2,498,15,14,411760,3396420,500,0,5,-90.5
574801,411665.0,3396500.0,16,340,3,3,2585.0,12.2,498,15,14,411775,3396405,500,0,6,-85.4
574801,411665.0,3396500.0,16,340,3,3,2585.0,12.2,498,15,14,411655,3396765,500,0,6,-88.0
574801,411665.0,3396500.0,16,340,3,3,2585.0,12.2,498,15,14,411635,3396745,500,0,6,-78.5
574801,411665.0,3396500.0,16,340,3,3,2585.0,12.2,498,15,14,411780,3396600,500,0,6,-87.0
574801,411665.0,3396500.0,16,340,3,3,2585.0,12.2,498,15,14,411795,3396585,501,0,6,-91.0
574801,411665.0,3396500.0,16,340,3,3,2585.0,12.2,498,15,14,411650,3396770,500,0,6,-87.57
574801,411665.0,3396500.0,16,340,3,3,2585.0,12.2,498,15,14,411790,3396590,501,0,6,-91.75
574801,411665.0,3396500.0,16,340,3,3,2585.0,12.2,498,15,14,411775,3396565,500,0,6,-89.2
574801,411665.0,3396500.0,16,340,3,3,2585.0,12.2,498,15,14,411760,3396580,500,0,14,-94.0
574801,411665.0,3396500.0,16,340,3,3,2585.0,12.2,498,15,14,411800,3396620,501,0,6,-90.0
574801,411665.0,3396500.0,16,340,3,3,2585.0,12.2,498,15,14,411785,3396595,500,0,6,-92.67
574801,411665.0,3396500.0,16,340,3,3,2585.0,12.2,498,15,14,411645,3396775,500,0,6,-86.5
574801,411665.0,3396500.0,16,340,3,3,2585.0,12.2,498,15,14,411640,3396780,500,0,6,-87.86
574801,411665.0,3396500.0,16,340,3,3,2585.0,12.2,498,15,14,411680,3396500,498,6,14,-71.5
574801,411665.0,3396500.0,16,340,3,3,2585.0,12.2,498,15,14,411630,3396750,500,0,6,-86.63
574801,411665.0,3396500.0,16,340,3,3,2585.0,12.2,498,15,14,411905,3396535,501,0,12,-116.5
574801,411665.0,3396500.0,16,340,3,3,2585.0,12.2,498,15,14,411825,3396415,501,0,5,-118.5
574801,411665.0,3396500.0,16,340,3,3,2585.0,12.2,498,15,14,411785,3396455,500,0,6,-96.0
574801,411665.0,3396500.0,16,340,3,3,2585.0,12.2,498,15,14,411775,3396465,500,0,6,-85.0
574801,411665.0,3396500.0,16,340,3,3,2585.0,12.2,498,15,14,411710,3396370,501,0,12,-95.0
574801,411665.0,3396500.0,16,340,3,3,2585.0,12.2,498,15,14,411780,3396460,500,0,6,-95.4
574801,411665.0,3396500.0,16,340,3,3,2585.0,12.2,498,15,14,411790,3396450,501,0,6,-93.25
574801,411665.0,3396500.0,16,340,3,3,2585.0,12.2,498,15,14,408705,3395615,507,0,5,-107.0
574801,411665.0,3396500.0,16,340,3,3,2585.0,12.2,498,15,14,408660,3395660,506,0,5,-100.5
574801,411665.0,3396500.0,16,340,3,3,2585.0,12.2,498,15,14,408680,3395640,506,0,5,-108.5
574801,411665.0,3396500.0,16,340,3,3,2585.0,12.2,498,15,14,408675,3395645,506,0,13,-96.0
574801,411665.0,3396500.0,16,340,3,3,2585.0,12.2,498,15,14,411655,3396475,498,0,5,-80.5
574801,411665.0,3396500.0,16,340,3,3,2585.0,12.2,498,15,14,411660,3396450,499,15,6,-83.57
574801,411665.0,3396500.0,16,340,3,3,2585.0,12.2,498,15,14,411640,3396470,498,0,6,-81.12
574801,411665.0,3396500.0,16,340,3,3,2585.0,12.2,498,15,14,411650,3396480,498,0,6,-79.7
574801,411665.0,3396500.0,16,340,3,3,2585.0,12.2,498,15,14,411595,3396375,508,0,14,-98.5
574801,411665.0,3396500.0,16,340,3,3,2585.0,12.2,498,15,14,411645,3396465,498,0,6,-84.58
574801,411665.0,3396500.0,16,340,3,3,2585.0,12.2,498,15,14,411635,3396415,502,0,6,-86.46
574801,411665.0,3396500.0,16,340,3,3,2585.0,12.2,498,15,14,411620,3396410,503,12,14,-91.17
574801,411665.0,3396500.0,16,340,3,3,2585.0,12.2,498,15,14,411625,3396405,503,0,14,-90.42
574801,411665.0,3396500.0,16,340,3,3,2585.0,12.2,498,15,14,411560,3396390,508,0,14,-100.75
574801,411665.0,3396500.0,16,340,3,3,2585.0,12.2,498,15,14,411630,3396420,502,0,6,-85.75
574801,411665.0,3396500.0,16,340,3,3,2585.0,12.2,498,15,14,411565,3396385,508,0,14,-112.0
574801,411665.0,3396500.0,16,340,3,3,2585.0,12.2,498,15,14,411590,3396380,508,0,14,-96.0
574801,411665.0,3396500.0,16,340,3,3,2585.0,12.2,498,15,14,411670,3396460,498,15,5,-85.25
574801,411665.0,3396500.0,16,340,3,3,2585.0,12.2,498,15,14,411665,3396445,499,15,6,-88.5
574801,411665.0,3396500.0,16,340,3,3,2585.0,12.2,498,15,14,408700,3395690,506,0,5,-102.67
574801,411665.0,3396500.0,16,340,3,3,2585.0,12.2,498,15,14,408760,3395790,505,0,5,-94.0
574801,411665.0,3396500.0,16,340,3,3,2585.0,12.2,498,15,14,408730,3395840,504,0,11,-98.75
574801,411665.0,3396500.0,16,340,3,3,2585.0,12.2,498,15,14,408745,3395805,505,0,12,-103.5
574801,411665.0,3396500.0,16,340,3,3,2585.0,12.2,498,15,14,408685,3395705,505,12,5,-99.5
574801,411665.0,3396500.0,16,340,3,3,2585.0,12.2,498,15,14,408775,3395795,505,0,5,-110.5
574801,411665.0,3396500.0,16,340,3,3,2585.0,12.2,498,15,14,408715,3395695,506,0,5,-104.4
574801,411665.0,3396500.0,16,340,3,3,2585.0,12.2,498,15,14,408725,3395825,505,0,5,-92.5
574801,411665.0,3396500.0,16,340,3,3,2585.0,12.2,498,15,14,408750,3395820,505,0,5,-102.0
574801,411665.0,3396500.0,16,340,3,3,2585.0,12.2,498,15,14,408735,3395835,504,0,11,-100.27
574801,411665.0,3396500.0,16,340,3,3,2585.0,12.2,498,15,14,408740,3395810,505,0,5,-91.33
574801,411665.0,3396500.0,16,340,3,3,2585.0,12.2,498,15,14,408675,3395760,506,0,13,-96.5
574801,411665.0,3396500.0,16,340,3,3,2585.0,12.2,498,15,14,408720,3395805,505,0,5,-102.0
574801,411665.0,3396500.0,16,340,3,3,2585.0,12.2,498,15,14,408725,3395810,505,0,5,-104.0
574801,411665.0,3396500.0,16,340,3,3,2585.0,12.2,498,15,14,408735,3395820,505,0,5,-98.7
574801,411665.0,3396500.0,16,340,3,3,2585.0,12.2,498,15,14,408690,3395695,505,12,6,-106.0
574801,411665.0,3396500.0,16,340,3,3,2585.0,12.2,498,15,14,408740,3395825,505,0,11,-92.5
574801,411665.0,3396500.0,16,340,3,3,2585.0,12.2,498,15,14,408750,3395835,504,0,5,-99.5
574801,411665.0,3396500.0,16,340,3,3,2585.0,12.2,498,15,14,408730,3395815,505,0,5,-96.8
574801,411665.0,3396500.0,16,340,3,3,2585.0,12.2,498,15,14,408745,3395830,504,0,11,-97.67
574801,411665.0,3396500.0,16,340,3,3,2585.0,12.2,498,15,14,411615,3396385,506,0,14,-94.75
574801,411665.0,3396500.0,16,340,3,3,2585.0,12.2,498,15,14,411650,3396350,504,0,6,-92.0
574801,411665.0,3396500.0,16,340,3,3,2585.0,12.2,498,15,14,411630,3396370,506,0,5,-93.14
574801,411665.0,3396500.0,16,340,3,3,2585.0,12.2,498,15,14,411635,3396365,506,0,5,-90.25
574801,411665.0,3396500.0,16,340,3,3,2585.0,12.2,498,15,14,411640,3396360,505,0,5,-91.92
574801,411665.0,3396500.0,16,340,3,3,2585.0,12.2,498,15,14,411655,3396345,504,0,5,-93.33
574801,411665.0,3396500.0,16,340,3,3,2585.0,12.2,498,15,14,411645,3396355,505,0,6,-87.43
574801,411665.0,3396500.0,16,340,3,3,2585.0,12.2,498,15,14,411610,3396390,505,0,14,-99.08
574801,411665.0,3396500.0,16,340,3,3,2585.0,12.2,498,15,14,411625,3396375,506,0,14,-88.71
574801,411665.0,3396500.0,16,340,3,3,2585.0,12.2,498,15,14,411595,3396405,505,12,14,-89.67
574801,411665.0,3396500.0,16,340,3,3,2585.0,12.2,498,15,14,411605,3396395,505,0,14,-96.25
574801,411665.0,3396500.0,16,340,3,3,2585.0,12.2,498,15,14,411620,3396380,506,0,14,-91.0
574801,411665.0,3396500.0,16,340,3,3,2585.0,12.2,498,15,14,411495,3396505,501,0,14,-75.8
574801,411665.0,3396500.0,16,340,3,3,2585.0,12.2,498,15,14,411600,3396400,505,0,14,-102.0
574801,411665.0,3396500.0,16,340,3,3,2585.0,12.2,498,15,14,411920,3396480,502,0,12,-100.5
574801,411665.0,3396500.0,16,340,3,3,2585.0,12.2,498,15,14,411850,3396390,502,0,5,-93.0
574801,411665.0,3396500.0,16,340,3,3,2585.0,12.2,498,15,14,408770,3395760,506,0,5,-98.25
574801,411665.0,3396500.0,16,340,3,3,2585.0,12.2,498,15,14,408705,3395805,505,0,7,-91.71
574801,411665.0,3396500.0,16,340,3,3,2585.0,12.2,498,15,14,408700,3395810,505,0,7,-87.0
574801,411665.0,3396500.0,16,340,3,3,2585.0,12.2,498,15,14,408640,3395790,507,0,5,-100.67
574801,411665.0,3396500.0,16,340,3,3,2585.0,12.2,498,15,14,408710,3395820,505,0,5,-83.67
574801,411665.0,3396500.0,16,340,3,3,2585.0,12.2,498,15,14,408715,3395815,505,0,5,-84.67
574801,411665.0,3396500.0,16,340,3,3,2585.0,12.2,498,15,14,408790,3395740,506,0,13,-106.5
574801,411665.0,3396500.0,16,340,3,3,2585.0,12.2,498,15,14,408820,3395610,507,21,5,-116.0
574801,411665.0,3396500.0,16,340,3,3,2585.0,12.2,498,15,14,408650,3395800,506,0,7,-100.44
574801,411665.0,3396500.0,16,340,3,3,2585.0,12.2,498,15,14,408795,3395735,506,0,5,-102.25
574801,411665.0,3396500.0,16,340,3,3,2585.0,12.2,498,15,14,408725,3395705,506,0,6,-83.5
574801,411665.0,3396500.0,16,340,3,3,2585.0,12.2,498,15,14,408655,3395795,506,0,7,-103.6
574801,411665.0,3396500.0,16,340,3,3,2585.0,12.2,498,15,14,408785,3395725,506,21,6,-103.6
574801,411665.0,3396500.0,16,340,3,3,2585.0,12.2,498,15,14,408780,3395730,506,0,5,-103.33
574801,411665.0,3396500.0,16,340,3,3,2585.0,12.2,498,15,14,411640,3396850,501,0,6,-83.5
574801,411665.0,3396500.0,16,340,3,3,2585.0,12.2,498,15,14,411630,3396840,500,0,6,-86.0
574801,411665.0,3396500.0,16,340,3,3,2585.0,12.2,498,15,14,411350,3396440,505,0,6,-97.33
574801,411665.0,3396500.0,16,340,3,3,2585.0,12.2,498,15,14,411750,3396520,499,0,7,-83.5
574801,411665.0,3396500.0,16,340,3,3,2585.0,12.2,498,15,14,411755,3396515,499,0,5,-80.0
574801,411665.0,3396500.0,16,340,3,3,2585.0,12.2,498,15,14,411645,3396725,500,0,6,-81.67
574801,411665.0,3396500.0,16,340,3,3,2585.0,12.2,498,15,14,411625,3396785,499,0,5,-86.0
574801,411665.0,3396500.0,16,340,3,3,2585.0,12.2,498,15,14,411650,3396740,500,0,6,-88.0
574801,411665.0,3396500.0,16,340,3,3,2585.0,12.2,498,15,14,411695,3396535,498,6,7,-85.67
574801,411665.0,3396500.0,16,340,3,3,2585.0,12.2,498,15,14,411785,3396625,501,0,6,-85.5
574801,411665.0,3396500.0,16,340,3,3,2585.0,12.2,498,15,14,411795,3396635,501,0,6,-89.5
574801,411665.0,3396500.0,16,340,3,3,2585.0,12.2,498,15,14,411790,3396640,501,0,6,-94.5
574801,411665.0,3396500.0,16,340,3,3,2585.0,12.2,498,15,14,411655,3396735,500,0,5,-84.5
574801,411665.0,3396500.0,16,340,3,3,2585.0,12.2,498,15,14,411345,3396425,504,9,6,-94.33
574801,411665.0,3396500.0,16,340,3,3,2585.0,12.2,498,15,14,411640,3396730,500,0,6,-81.5
574801,411665.0,3396500.0,16,340,3,3,2585.0,12.2,498,15,14,411680,3396530,498,15,14,-82.75
574801,411665.0,3396500.0,16,340,3,3,2585.0,12.2,498,15,14,411635,3396795,499,0,6,-88.75
574801,411665.0,3396500.0,16,340,3,3,2585.0,12.2,498,15,14,411780,3396630,500,0,6,-89.5
574801,411665.0,3396500.0,16,340,3,3,2585.0,12.2,498,15,14,408680,3395855,504,0,5,-93.2
574801,411665.0,3396500.0,16,340,3,3,2585.0,12.2,498,15,14,408685,3395860,504,0,5,-113.0
574801,411665.0,3396500.0,16,340,3,3,2585.0,12.2,498,15,14,408770,3395925,505,0,6,-106.0
574801,411665.0,3396500.0,16,340,3,3,2585.0,12.2,498,15,14,411765,3396410,500,0,6,-89.5
574801,411665.0,3396500.0,16,340,3,3,2585.0,12.2,498,15,14,411735,3396380,500,0,12,-98.0
574801,411665.0,3396500.0,16,340,3,3,2585.0,12.2,498,15,14,411795,3396440,501,0,6,-93.6
574801,411665.0,3396500.0,16,340,3,3,2585.0,12.2,498,15,14,411770,3396415,500,0,6,-85.0
574801,411665.0,3396500.0,16,340,3,3,2585.0,12.2,498,15,14,411745,3396390,500,0,5,-98.67
574801,411665.0,3396500.0,16,340,3,3,2585.0,12.2,498,15,14,411720,3396365,500,0,12,-121.0
574801,411665.0,3396500.0,16,340,3,3,2585.0,12.2,498,15,14,411740,3396385,500,0,12,-100.38
574801,411665.0,3396500.0,16,340,3,3,2585.0,12.2,498,15,14,411750,3396395,500,0,5,-93.33
574801,411665.0,3396500.0,16,340,3,3,2585.0,12.2,498,15,14,411780,3396425,500,0,6,-91.0
574801,411665.0,3396500.0,16,340,3,3,2585.0,12.2,498,15,14,411760,3396405,500,0,5,-95.0
574801,411665.0,3396500.0,16,340,3,3,2585.0,12.2,498,15,14,411755,3396400,500,0,5,-94.75
574801,411665.0,3396500.0,16,340,3,3,2585.0,12.2,498,15,14,411790,3396435,501,0,6,-95.0
574801,411665.0,3396500.0,16,340,3,3,2585.0,12.2,498,15,14,411665,3396435,500,15,6,-90.33
574801,411665.0,3396500.0,16,340,3,3,2585.0,12.2,498,15,14,411660,3396440,499,15,6,-86.4
574801,411665.0,3396500.0,16,340,3,3,2585.0,12.2,498,15,14,411595,3396345,508,6,14,-92.25
574801,411665.0,3396500.0,16,340,3,3,2585.0,12.2,498,15,14,411630,3396470,498,0,6,-80.57
574801,411665.0,3396500.0,16,340,3,3,2585.0,12.2,498,15,14,411650,3396410,502,0,6,-88.0
574801,411665.0,3396500.0,16,340,3,3,2585.0,12.2,498,15,14,411640,3396420,501,0,6,-86.73
574801,411665.0,3396500.0,16,340,3,3,2585.0,12.2,498,15,14,411625,3396475,498,0,5,-78.25
574801,411665.0,3396500.0,16,340,3,3,2585.0,12.2,498,15,14,411655,3396405,502,0,5,-89.18
574801,411665.0,3396500.0,16,340,3,3,2585.0,12.2,498,15,14,411645,3396415,502,0,6,-84.64
574801,411665.0,3396500.0,16,340,3,3,2585.0,12.2,498,15,14,411635,3396465,498,0,6,-82.5
574801,411665.0,3396500.0,16,340,3,3,2585.0,12.2,498,15,14,411620,3396355,506,0,14,-91.75
574801,411665.0,3396500.0,16,340,3,3,2585.0,12.2,498,15,14,411665,3396400,502,0,5,-94.63
574801,411665.0,3396500.0,16,340,3,3,2585.0,12.2,498,15,14,411625,3396360,506,0,14,-91.86
574801,411665.0,3396500.0,16,340,3,3,2585.0,12.2,498,15,14,411635,3396350,505,0,5,-92.78
574801,411665.0,3396500.0,16,340,3,3,2585.0,12.2,498,15,14,411630,3396345,505,0,5,-95.0
574801,411665.0,3396500.0,16,340,3,3,2585.0,12.2,498,15,14,411650,3396365,504,0,6,-89.85
574801,411665.0,3396500.0,16,340,3,3,2585.0,12.2,498,15,14,411655,3396370,504,0,5,-90.09
574801,411665.0,3396500.0,16,340,3,3,2585.0,12.2,498,15,14,411670,3396385,503,0,5,-91.5
574801,411665.0,3396500.0,16,340,3,3,2585.0,12.2,498,15,14,411660,3396395,502,0,5,-92.5
574801,411665.0,3396500.0,16,340,3,3,2585.0,12.2,498,15,14,411645,3396380,504,0,6,-88.0
574801,411665.0,3396500.0,16,340,3,3,2585.0,12.2,498,15,14,411640,3396375,505,0,5,-85.89
574801,411665.0,3396500.0,16,340,3,3,2585.0,12.2,498,15,14,411660,3396475,498,15,14,-82.75
574801,411665.0,3396500.0,16,340,3,3,2585.0,12.2,498,15,14,411640,3396455,498,0,6,-82.57
574801,411665.0,3396500.0,16,340,3,3,2585.0,12.2,498,15,14,411635,3396430,501,0,6,-84.33
574801,411665.0,3396500.0,16,340,3,3,2585.0,12.2,498,15,14,411590,3396385,507,0,14,-107.33
574801,411665.0,3396500.0,16,340,3,3,2585.0,12.2,498,15,14,411655,3396450,499,0,6,-85.17
574801,411665.0,3396500.0,16,340,3,3,2585.0,12.2,498,15,14,411610,3396405,504,12,14,-93.0
574801,411665.0,3396500.0,16,340,3,3,2585.0,12.2,498,15,14,411585,3396400,506,0,14,-113.5
574801,411665.0,3396500.0,16,340,3,3,2585.0,12.2,498,15,14,411650,3396445,499,0,6,-85.29
574801,411665.0,3396500.0,16,340,3,3,2585.0,12.2,498,15,14,411595,3396390,506,0,14,-97.0
574801,411665.0,3396500.0,16,340,3,3,2585.0,12.2,498,15,14,411645,3396460,498,0,6,-81.33
574801,411665.0,3396500.0,16,340,3,3,2585.0,12.2,498,15,14,411630,3396425,501,0,6,-86.29
574801,411665.0,3396500.0,16,340,3,3,2585.0,12.2,498,15,14,411605,3396420,503,0,5,-93.0
574801,411665.0,3396500.0,16,340,3,3,2585.0,12.2,498,15,14,411615,3396410,503,12,14,-92.67
574801,411665.0,3396500.0,16,340,3,3,2585.0,12.2,498,15,14,411625,3396440,500,0,6,-88.5
574801,411665.0,3396500.0,16,340,3,3,2585.0,12.2,498,15,14,408755,3395730,506,0,13,-99.0
574801,411665.0,3396500.0,16,340,3,3,2585.0,12.2,498,15,14,408705,3395780,506,6,5,-101.33
574801,411665.0,3396500.0,16,340,3,3,2585.0,12.2,498,15,14,408690,3395785,506,6,5,-104.5
574801,411665.0,3396500.0,16,340,3,3,2585.0,12.2,498,15,14,408685,3395800,505,0,7,-84.75
574801,411665.0,3396500.0,16,340,3,3,2585.0,12.2,498,15,14,408665,3395820,505,0,5,-88.0
574801,411665.0,3396500.0,16,340,3,3,2585.0,12.2,498,15,14,408725,3395760,506,0,5,-87.83
574801,411665.0,3396500.0,16,340,3,3,2585.0,12.2,498,15,14,408675,3395810,505,0,7,-85.1
574801,411665.0,3396500.0,16,340,3,3,2585.0,12.2,498,15,14,408670,3395805,505,0,7,-91.14
574801,411665.0,3396500.0,16,340,3,3,2585.0,12.2,498,15,14,408700,3395775,506,0,13,-103.0
574801,411665.0,3396500.0,16,340,3,3,2585.0,12.2,498,15,14,408710,3395765,506,0,5,-79.2
574801,411665.0,3396500.0,16,340,3,3,2585.0,12.2,498,15,14,408740,3395735,506,0,13,-104.5
574801,411665.0,3396500.0,16,340,3,3,2585.0,12.2,498,15,14,408735,3395750,506,0,5,-103.67
574801,411665.0,3396500.0,16,340,3,3,2585.0,12.2,498,15,14,408715,3395770,506,0,5,-88.21
574801,411665.0,3396500.0,16,340,3,3,2585.0,12.2,498,15,14,408720,3395755,506,0,5,-90.75
574801,411665.0,3396500.0,16,340,3,3,2585.0,12.2,498,15,14,408760,3395650,507,0,5,-102.71
574801,411665.0,3396500.0,16,340,3,3,2585.0,12.2,498,15,14,408765,3395645,507,18,5,-103.67
574801,411665.0,3396500.0,16,340,3,3,2585.0,12.2,498,15,14,408770,3395660,507,0,5,-100.2
574801,411665.0,3396500.0,16,340,3,3,2585.0,12.2,498,15,14,408775,3395655,507,0,5,-99.5
574801,411665.0,3396500.0,16,340,3,3,2585.0,12.2,498,15,14,408780,3395670,507,0,13,-104.67
574801,411665.0,3396500.0,16,340,3,3,2585.0,12.2,498,15,14,408785,3395665,507,0,5,-98.0
574801,411665.0,3396500.0,16,340,3,3,2585.0,12.2,498,15,14,408675,3395705,505,12,5,-102.0
574801,411665.0,3396500.0,16,340,3,3,2585.0,12.2,498,15,14,408765,3395815,505,0,5,-98.33
574801,411665.0,3396500.0,16,340,3,3,2585.0,12.2,498,15,14,408715,3395745,506,0,5,-73.0
574801,411665.0,3396500.0,16,340,3,3,2585.0,12.2,498,15,14,408755,3395785,506,0,5,-98.25
574801,411665.0,3396500.0,16,340,3,3,2585.0,12.2,498,15,14,408700,3395760,506,0,13,-102.0
574801,411665.0,3396500.0,16,340,3,3,2585.0,12.2,498,15,14,408740,3395800,505,0,12,-100.0
574801,411665.0,3396500.0,16,340,3,3,2585.0,12.2,498,15,14,408705,3395755,506,0,5,-90.0
574801,411665.0,3396500.0,16,340,3,3,2585.0,12.2,498,15,14,408750,3395790,505,42,5,-100.5
574801,411665.0,3396500.0,16,340,3,3,2585.0,12.2,498,15,14,408745,3395795,505,42,12,-105.25
574801,411665.0,3396500.0,16,340,3,3,2585.0,12.2,498,15,14,408645,3395695,505,9,5,-100.0
574801,411665.0,3396500.0,16,340,3,3,2585.0,12.2,498,15,14,408655,3395685,505,0,6,-94.0
574801,411665.0,3396500.0,16,340,3,3,2585.0,12.2,498,15,14,408735,3395765,506,0,12,-96.25
574801,411665.0,3396500.0,16,340,3,3,2585.0,12.2,498,15,14,408710,3395750,506,0,5,-84.0
574801,411665.0,3396500.0,16,340,3,3,2585.0,12.2,498,15,14,408670,3395710,505,0,5,-97.4
574801,411665.0,3396500.0,16,340,3,3,2585.0,12.2,498,15,14,411630,3396825,500,0,6,-88.75
574801,411665.0,3396500.0,16,340,3,3,2585.0,12.2,498,15,14,411645,3396860,501,0,6,-89.0
574801,411665.0,3396500.0,16,340,3,3,2585.0,12.2,498,15,14,411655,3396730,500,0,5,-86.5
574801,411665.0,3396500.0,16,340,3,3,2585.0,12.2,498,15,14,411625,3396800,499,0,5,-87.5
574801,411665.0,3396500.0,16,340,3,3,2585.0,12.2,498,15,14,411805,3396580,501,0,5,-91.5
574801,411665.0,3396500.0,16,340,3,3,2585.0,12.2,498,15,14,411640,3396735,500,0,6,-78.4
574801,411665.0,3396500.0,16,340,3,3,2585.0,12.2,498,15,14,411775,3396610,500,0,6,-93.0
574801,411665.0,3396500.0,16,340,3,3,2585.0,12.2,498,15,14,411790,3396625,501,0,6,-90.0
574801,411665.0,3396500.0,16,340,3,3,2585.0,12.2,498,15,14,411660,3396755,500,0,6,-86.67
574801,411665.0,3396500.0,16,340,3,3,2585.0,12.2,498,15,14,411780,3396635,500,0,6,-88.33
574801,411665.0,3396500.0,16,340,3,3,2585.0,12.2,498,15,14,411795,3396630,501,0,6,-91.67
574801,411665.0,3396500.0,16,340,3,3,2585.0,12.2,498,15,14,411635,3396790,499,0,6,-86.0
574801,411665.0,3396500.0,16,340,3,3,2585.0,12.2,498,15,14,411680,3396535,498,0,14,-83.5
574801,411665.0,3396500.0,16,340,3,3,2585.0,12.2,498,15,14,411685,3396540,498,0,5,-85.5
574801,411665.0,3396500.0,16,340,3,3,2585.0,12.2,498,15,14,411710,3396545,498,0,7,-87.0
574801,411665.0,3396500.0,16,340,3,3,2585.0,12.2,498,15,14,411820,3396405,501,0,6,-97.75
574801,411665.0,3396500.0,16,340,3,3,2585.0,12.2,498,15,14,411775,3396480,500,0,6,-90.57
574801,411665.0,3396500.0,16,340,3,3,2585.0,12.2,498,15,14,411785,3396450,500,0,6,-94.67
574801,411665.0,3396500.0,16,340,3,3,2585.0,12.2,498,15,14,411800,3396425,501,0,6,-93.0
574801,411665.0,3396500.0,16,340,3,3,2585.0,12.2,498,15,14,411685,3396390,501,0,5,-91.0
574801,411665.0,3396500.0,16,340,3,3,2585.0,12.2,498,15,14,411790,3396455,501,0,5,-102.0
574801,411665.0,3396500.0,16,340,3,3,2585.0,12.2,498,15,14,411795,3396460,501,0,6,-91.33
574801,411665.0,3396500.0,16,340,3,3,2585.0,12.2,498,15,14,411650,3396495,498,0,6,-77.93
574801,411665.0,3396500.0,16,340,3,3,2585.0,12.2,498,15,14,411645,3396490,498,0,6,-77.83
574801,411665.0,3396500.0,16,340,3,3,2585.0,12.2,498,15,14,411655,3396500,498,0,5,-76.5
574801,411665.0,3396500.0,16,340,3,3,2585.0,12.2,498,15,14,411625,3396550,498,0,5,-74.83
574801,411665.0,3396500.0,16,340,3,3,2585.0,12.2,498,15,14,411660,3396505,498,15,14,-77.43
574801,411665.0,3396500.0,16,340,3,3,2585.0,12.2,498,15,14,411640,3396485,498,0,6,-78.58
574801,411665.0,3396500.0,16,340,3,3,2585.0,12.2,498,15,14,411630,3396555,498,0,6,-67.33
574801,411665.0,3396500.0,16,340,3,3,2585.0,12.2,498,15,14,411635,3396560,498,0,6,-71.45
574801,411665.0,3396500.0,16,340,3,3,2585.0,12.2,498,15,14,411805,3396650,501,0,5,-93.5
574801,411665.0,3396500.0,16,340,3,3,2585.0,12.2,498,15,14,411620,3396545,498,9,5,-74.0
574801,411665.0,3396500.0,16,340,3,3,2585.0,12.2,498,15,14,408680,3395850,504,0,5,-91.5
574801,411665.0,3396500.0,16,340,3,3,2585.0,12.2,498,15,14,408695,3395855,504,0,13,-101.33
574801,411665.0,3396500.0,16,340,3,3,2585.0,12.2,498,15,14,408690,3395860,504,0,5,-103.33
574801,411665.0,3396500.0,16,340,3,3,2585.0,12.2,498,15,14,411345,3396430,504,9,6,-95.5
574801,411665.0,3396500.0,16,340,3,3,2585.0,12.2,498,15,14,411680,3396525,498,15,14,-80.0
574801,411665.0,3396500.0,16,340,3,3,2585.0,12.2,498,15,14,411650,3396735,500,0,6,-86.0
574801,411665.0,3396500.0,16,340,3,3,2585.0,12.2,498,15,14,411800,3396565,501,0,5,-93.0
574801,411665.0,3396500.0,16,340,3,3,2585.0,12.2,498,15,14,411625,3396790,499,0,5,-83.0
574801,411665.0,3396500.0,16,340,3,3,2585.0,12.2,498,15,14,411635,3396800,499,0,6,-85.33
574801,411665.0,3396500.0,16,340,3,3,2585.0,12.2,498,15,14,411645,3396730,500,0,6,-76.5
574801,411665.0,3396500.0,16,340,3,3,2585.0,12.2,498,15,14,411790,3396635,501,0,6,-88.5
574801,411665.0,3396500.0,16,340,3,3,2585.0,12.2,498,15,14,411640,3396725,500,0,6,-83.0
574801,411665.0,3396500.0,16,340,3,3,2585.0,12.2,498,15,14,411780,3396625,500,0,6,-95.5
574801,411665.0,3396500.0,16,340,3,3,2585.0,12.2,498,15,14,411690,3396535,498,6,7,-77.5
574801,411665.0,3396500.0,16,340,3,3,2585.0,12.2,498,15,14,411735,3396500,499,0,7,-84.5
574801,411665.0,3396500.0,16,340,3,3,2585.0,12.2,498,15,14,411755,3396520,499,0,5,-82.0
574801,411665.0,3396500.0,16,340,3,3,2585.0,12.2,498,15,14,411795,3396640,501,0,6,-91.33
574801,411665.0,3396500.0,16,340,3,3,2585.0,12.2,498,15,14,411340,3396425,504,9,6,-97.5
574801,411665.0,3396500.0,16,340,3,3,2585.0,12.2,498,15,14,411805,3396570,501,0,5,-89.0
574801,411665.0,3396500.0,16,340,3,3,2585.0,12.2,498,15,14,411715,3396560,498,0,7,-89.5
574801,411665.0,3396500.0,16,340,3,3,2585.0,12.2,498,15,14,411635,3396805,499,0,6,-89.83
574801,411665.0,3396500.0,16,340,3,3,2585.0,12.2,498,15,14,411800,3396640,501,0,6,-88.67
574801,411665.0,3396500.0,16,340,3,3,2585.0,12.2,498,15,14,411780,3396580,500,0,6,-87.33
574801,411665.0,3396500.0,16,340,3,3,2585.0,12.2,498,15,14,411630,3396730,500,0,6,-83.25
574801,411665.0,3396500.0,16,340,3,3,2585.0,12.2,498,15,14,411755,3396525,499,0,5,-85.5
574801,411665.0,3396500.0,16,340,3,3,2585.0,12.2,498,15,14,411785,3396575,500,0,6,-85.33
574801,411665.0,3396500.0,16,340,3,3,2585.0,12.2,498,15,14,411795,3396565,501,0,6,-88.5
574801,411665.0,3396500.0,16,340,3,3,2585.0,12.2,498,15,14,411805,3396635,501,0,5,-93.0
574801,411665.0,3396500.0,16,340,3,3,2585.0,12.2,498,15,14,411750,3396530,499,0,7,-83.0
574801,411665.0,3396500.0,16,340,3,3,2585.0,12.2,498,15,14,411645,3396795,500,0,6,-87.0
574801,411665.0,3396500.0,16,340,3,3,2585.0,12.2,498,15,14,411650,3396790,500,0,6,-90.25
574801,411665.0,3396500.0,16,340,3,3,2585.0,12.2,498,15,14,411625,3396850,501,0,5,-81.0
574801,411665.0,3396500.0,16,340,3,3,2585.0,12.2,498,15,14,411640,3396825,500,0,6,-82.5
574801,411665.0,3396500.0,16,340,3,3,2585.0,12.2,498,15,14,408600,3395805,508,42,12,-100.0
574801,411665.0,3396500.0,16,340,3,3,2585.0,12.2,498,15,14,408660,3395855,505,0,5,-100.75
574801,411665.0,3396500.0,16,340,3,3,2585.0,12.2,498,15,14,408670,3395845,505,0,5,-92.8
574801,411665.0,3396500.0,16,340,3,3,2585.0,12.2,498,15,14,408675,3395850,504,0,5,-91.17
574801,411665.0,3396500.0,16,340,3,3,2585.0,12.2,498,15,14,411670,3396415,501,15,5,-91.67
574801,411665.0,3396500.0,16,340,3,3,2585.0,12.2,498,15,14,411625,3396450,499,0,6,-86.25
574801,411665.0,3396500.0,16,340,3,3,2585.0,12.2,498,15,14,411655,3396440,499,0,6,-84.0
574801,411665.0,3396500.0,16,340,3,3,2585.0,12.2,498,15,14,411595,3396340,508,6,14,-111.0
574801,411665.0,3396500.0,16,340,3,3,2585.0,12.2,498,15,14,411640,3396425,501,0,6,-86.85
574801,411665.0,3396500.0,16,340,3,3,2585.0,12.2,498,15,14,411630,3396455,498,0,6,-87.5
574801,411665.0,3396500.0,16,340,3,3,2585.0,12.2,498,15,14,411660,3396405,502,0,5,-89.27
574801,411665.0,3396500.0,16,340,3,3,2585.0,12.2,498,15,14,411635,3396460,498,0,6,-82.2
574801,411665.0,3396500.0,16,340,3,3,2585.0,12.2,498,15,14,411525,3396390,508,0,5,-111.0
574801,411665.0,3396500.0,16,340,3,3,2585.0,12.2,498,15,14,411650,3396435,500,0,6,-87.0
574801,411665.0,3396500.0,16,340,3,3,2585.0,12.2,498,15,14,411645,3396430,500,0,6,-89.4
574801,411665.0,3396500.0,16,340,3,3,2585.0,12.2,498,15,14,411665,3396410,501,15,5,-91.0
574801,411665.0,3396500.0,16,340,3,3,2585.0,12.2,498,15,14,411615,3396480,499,12,14,-80.5
574801,411665.0,3396500.0,16,340,3,3,2585.0,12.2,498,15,14,411620,3396445,500,12,6,-102.0
574801,411665.0,3396500.0,16,340,3,3,2585.0,12.2,498,15,14,408620,3395685,505,0,6,-117.63
574801,411665.0,3396500.0,16,340,3,3,2585.0,12.2,498,15,14,408625,3395690,505,0,5,-116.0
574801,411665.0,3396500.0,16,340,3,3,2585.0,12.2,498,15,14,408840,3395785,505,15,13,-103.67
574801,411665.0,3396500.0,16,340,3,3,2585.0,12.2,498,15,14,408815,3395840,504,12,13,-120.0
574801,411665.0,3396500.0,16,340,3,3,2585.0,12.2,498,15,14,408660,3395645,506,0,13,-109.0
574801,411665.0,3396500.0,16,340,3,3,2585.0,12.2,498,15,14,408715,3395620,507,0,5,-105.0
574801,411665.0,3396500.0,16,340,3,3,2585.0,12.2,498,15,14,408845,3395790,505,15,13,-103.0
574801,411665.0,3396500.0,16,340,3,3,2585.0,12.2,498,15,14,408615,3395785,507,42,12,-99.0
574801,411665.0,3396500.0,16,340,3,3,2585.0,12.2,498,15,14,408610,3395790,507,42,12,-97.33
574801,411665.0,3396500.0,16,340,3,3,2585.0,12.2,498,15,14,411815,3396370,501,0,5,-106.25
574801,411665.0,3396500.0,16,340,3,3,2585.0,12.2,498,15,14,411805,3396380,501,0,5,-91.5
574801,411665.0,3396500.0,16,340,3,3,2585.0,12.2,498,15,14,411810,3396365,501,0,5,-96.0
574801,411665.0,3396500.0,16,340,3,3,2585.0,12.2,498,15,14,411830,3396385,501,0,6,-93.0
574801,411665.0,3396500.0,16,340,3,3,2585.0,12.2,498,15,14,411800,3396375,501,0,5,-92.5
574801,411665.0,3396500.0,16,340,3,3,2585.0,12.2,498,15,14,411720,3396455,498,0,5,-92.33
574801,411665.0,3396500.0,16,340,3,3,2585.0,12.2,498,15,14,411825,3396400,501,0,6,-96.33
574801,411665.0,3396500.0,16,340,3,3,2585.0,12.2,498,15,14,408690,3395795,505,6,7,-93.5
574801,411665.0,3396500.0,16,340,3,3,2585.0,12.2,498,15,14,408780,3395685,507,18,5,-110.67
574801,411665.0,3396500.0,16,340,3,3,2585.0,12.2,498,15,14,408720,3395745,506,0,5,-70.25
574801,411665.0,3396500.0,16,340,3,3,2585.0,12.2,498,15,14,408660,3395805,506,0,7,-88.0
574801,411665.0,3396500.0,16,340,3,3,2585.0,12.2,498,15,14,408800,3395665,507,0,5,-101.0
574801,411665.0,3396500.0,16,340,3,3,2585.0,12.2,498,15,14,408805,3395670,507,0,12,-115.5
574801,411665.0,3396500.0,16,340,3,3,2585.0,12.2,498,15,14,408705,3395770,506,0,13,-97.25
574801,411665.0,3396500.0,16,340,3,3,2585.0,12.2,498,15,14,408670,3395815,505,0,5,-84.27
574801,411665.0,3396500.0,16,340,3,3,2585.0,12.2,498,15,14,408665,3395810,506,0,7,-87.29
574801,411665.0,3396500.0,16,340,3,3,2585.0,12.2,498,15,14,408775,3395720,506,21,6,-97.5
574801,411665.0,3396500.0,16,340,3,3,2585.0,12.2,498,15,14,408735,3395760,506,0,12,-100.0
574801,411665.0,3396500.0,16,340,3,3,2585.0,12.2,498,15,14,408730,3395755,506,0,5,-99.45
574801,411665.0,3396500.0,16,340,3,3,2585.0,12.2,498,15,14,408655,3395840,506,42,13,-99.0
574801,411665.0,3396500.0,16,340,3,3,2585.0,12.2,498,15,14,408710,3395775,506,0,5,-94.07
574801,411665.0,3396500.0,16,340,3,3,2585.0,12.2,498,15,14,408715,3395780,506,0,5,-90.92
574801,411665.0,3396500.0,16,340,3,3,2585.0,12.2,498,15,14,408675,3395820,505,0,5,-88.0
574801,411665.0,3396500.0,16,340,3,3,2585.0,12.2,498,15,14,408725,3395750,506,0,5,-106.0
574801,411665.0,3396500.0,16,340,3,3,2585.0,12.2,498,15,14,413290,3396115,503,54,11,-88.0
574801,411665.0,3396500.0,16,340,3,3,2585.0,12.2,498,15,14,408795,3395645,507,18,13,-110.0
574801,411665.0,3396500.0,16,340,3,3,2585.0,12.2,498,15,14,408800,3395720,506,0,6,-100.33
574801,411665.0,3396500.0,16,340,3,3,2585.0,12.2,498,15,14,408780,3395660,507,0,5,-106.2
574801,411665.0,3396500.0,16,340,3,3,2585.0,12.2,498,15,14,408775,3395665,507,0,5,-103.25
574801,411665.0,3396500.0,16,340,3,3,2585.0,12.2,498,15,14,408720,3395640,507,0,5,-98.0
574801,411665.0,3396500.0,16,340,3,3,2585.0,12.2,498,15,14,408725,3395635,507,18,13,-104.14
574801,411665.0,3396500.0,16,340,3,3,2585.0,12.2,498,15,14,408785,3395655,507,0,5,-106.33
574801,411665.0,3396500.0,16,340,3,3,2585.0,12.2,498,15,14,408770,3395670,507,0,13,-102.67
574801,411665.0,3396500.0,16,340,3,3,2585.0,12.2,498,15,14,408790,3395650,507,18,13,-112.5
574801,411665.0,3396500.0,16,340,3,3,2585.0,12.2,498,15,14,408720,3395675,506,0,5,-98.67
574801,411665.0,3396500.0,16,340,3,3,2585.0,12.2,498,15,14,408760,3395635,507,18,13,-104.0
574801,411665.0,3396500.0,16,340,3,3,2585.0,12.2,498,15,14,408765,3395640,507,18,13,-105.0
574801,411665.0,3396500.0,16,340,3,3,2585.0,12.2,498,15,14,408740,3395655,507,0,5,-100.45
574801,411665.0,3396500.0,16,340,3,3,2585.0,12.2,498,15,14,408725,3395680,506,0,5,-95.75
574801,411665.0,3396500.0,16,340,3,3,2585.0,12.2,498,15,14,408755,3395650,507,0,5,-101.5
574801,411665.0,3396500.0,16,340,3,3,2585.0,12.2,498,15,14,408745,3395660,507,0,13,-99.7
574801,411665.0,3396500.0,16,340,3,3,2585.0,12.2,498,15,14,408730,3395665,506,0,13,-101.38
574801,411665.0,3396500.0,16,340,3,3,2585.0,12.2,498,15,14,408750,3395645,507,0,5,-106.25
574801,411665.0,3396500.0,16,340,3,3,2585.0,12.2,498,15,14,411630,3396780,499,0,6,-92.5
574801,411665.0,3396500.0,16,340,3,3,2585.0,12.2,498,15,14,411645,3396745,500,0,6,-86.25
574801,411665.0,3396500.0,16,340,3,3,2585.0,12.2,498,15,14,411810,3396600,501,0,5,-88.0
574801,411665.0,3396500.0,16,340,3,3,2585.0,12.2,498,15,14,411685,3396545,498,0,5,-84.5
574801,411665.0,3396500.0,16,340,3,3,2585.0,12.2,498,15,14,411710,3396540,498,0,7,-85.33
574801,411665.0,3396500.0,16,340,3,3,2585.0,12.2,498,15,14,411790,3396620,501,0,6,-89.33
574801,411665.0,3396500.0,16,340,3,3,2585.0,12.2,498,15,14,411650,3396760,500,0,6,-85.5
574801,411665.0,3396500.0,16,340,3,3,2585.0,12.2,498,15,14,411640,3396750,500,0,6,-83.75
574801,411665.0,3396500.0,16,340,3,3,2585.0,12.2,498,15,14,411795,3396615,501,0,6,-89.8
574801,411665.0,3396500.0,16,340,3,3,2585.0,12.2,498,15,14,411780,3396610,500,0,6,-90.4
574801,411665.0,3396500.0,16,340,3,3,2585.0,12.2,498,15,14,411715,3396535,498,6,7,-85.5
574801,411665.0,3396500.0,16,340,3,3,2585.0,12.2,498,15,14,411745,3396485,499,0,7,-83.5
574801,411665.0,3396500.0,16,340,3,3,2585.0,12.2,498,15,14,411655,3396755,500,0,6,-89.0
574801,411665.0,3396500.0,16,340,3,3,2585.0,12.2,498,15,14,411785,3396605,500,0,6,-95.5
574801,411665.0,3396500.0,16,340,3,3,2585.0,12.2,498,15,14,411625,3396765,500,0,6,-88.0
574801,411665.0,3396500.0,16,340,3,3,2585.0,12.2,498,15,14,411635,3396775,499,0,6,-100.0
574801,411665.0,3396500.0,16,340,3,3,2585.0,12.2,498,15,14,411700,3396585,499,0,5,-82.0
574801,411665.0,3396500.0,16,340,3,3,2585.0,12.2,498,15,14,411815,3396540,501,0,5,-100.0
574801,411665.0,3396500.0,16,340,3,3,2585.0,12.2,498,15,14,411800,3396525,501,0,5,-86.5
574801,411665.0,3396500.0,16,340,3,3,2585.0,12.2,498,15,14,411770,3396495,500,0,6,-85.67
574801,411665.0,3396500.0,16,340,3,3,2585.0,12.2,498,15,14,411630,3396675,500,0,6,-73.13
574801,411665.0,3396500.0,16,340,3,3,2585.0,12.2,498,15,14,411655,3396700,500,0,5,-78.67
574801,411665.0,3396500.0,16,340,3,3,2585.0,12.2,498,15,14,411640,3396685,500,0,6,-77.0
574801,411665.0,3396500.0,16,340,3,3,2585.0,12.2,498,15,14,411350,3396395,505,0,11,-95.0
574801,411665.0,3396500.0,16,340,3,3,2585.0,12.2,498,15,14,411355,3396400,505,0,11,-92.5
574801,411665.0,3396500.0,16,340,3,3,2585.0,12.2,498,15,14,411650,3396695,500,0,6,-87.0
574801,411665.0,3396500.0,16,340,3,3,2585.0,12.2,498,15,14,411660,3396705,500,0,5,-86.0
574801,411665.0,3396500.0,16,340,3,3,2585.0,12.2,498,15,14,411795,3396520,501,0,6,-92.5
574801,411665.0,3396500.0,16,340,3,3,2585.0,12.2,498,15,14,411775,3396500,500,0,6,-95.67
574801,411665.0,3396500.0,16,340,3,3,2585.0,12.2,498,15,14,411635,3396680,500,0,6,-70.57
574801,411665.0,3396500.0,16,340,3,3,2585.0,12.2,498,15,14,411790,3396515,500,0,6,-90.6
574801,411665.0,3396500.0,16,340,3,3,2585.0,12.2,498,15,14,411780,3396505,500,0,6,-92.83
574801,411665.0,3396500.0,16,340,3,3,2585.0,12.2,498,15,14,411645,3396690,500,0,6,-76.29
574801,411665.0,3396500.0,16,340,3,3,2585.0,12.2,498,15,14,411625,3396670,500,0,5,-73.33
574801,411665.0,3396500.0,16,340,3,3,2585.0,12.2,498,15,14,411785,3396510,500,0,6,-89.67
574801,411665.0,3396500.0,16,340,3,3,2585.0,12.2,498,15,14,408715,3395810,505,0,5,-93.5
574801,411665.0,3396500.0,16,340,3,3,2585.0,12.2,498,15,14,408665,3395780,506,6,5,-93.0
574801,411665.0,3396500.0,16,340,3,3,2585.0,12.2,498,15,14,408680,3395835,504,42,13,-95.33
574801,411665.0,3396500.0,16,340,3,3,2585.0,12.2,498,15,14,408745,3395700,506,0,5,-113.0
574801,411665.0,3396500.0,16,340,3,3,2585.0,12.2,498,15,14,408750,3395685,507,0,5,-106.5
574801,411665.0,3396500.0,16,340,3,3,2585.0,12.2,498,15,14,408700,3395815,505,0,5,-94.33
574801,411665.0,3396500.0,16,340,3,3,2585.0,12.2,498,15,14,408710,3395805,505,0,5,-88.2
574801,411665.0,3396500.0,16,340,3,3,2585.0,12.2,498,15,14,408780,3395735,506,0,13,-98.93
574801,411665.0,3396500.0,16,340,3,3,2585.0,12.2,498,15,14,408785,3395740,506,0,13,-98.57
574801,411665.0,3396500.0,16,340,3,3,2585.0,12.2,498,15,14,408775,3395750,506,0,5,-100.67
574801,411665.0,3396500.0,16,340,3,3,2585.0,12.2,498,15,14,408640,3395795,507,0,5,-99.8
574801,411665.0,3396500.0,16,340,3,3,2585.0,12.2,498,15,14,408645,3395800,506,0,5,-96.58
574801,411665.0,3396500.0,16,340,3,3,2585.0,12.2,498,15,14,408650,3395785,506,6,5,-97.67
574801,411665.0,3396500.0,16,340,3,3,2585.0,12.2,498,15,14,411875,3396375,503,0,13,-98.75
574801,411665.0,3396500.0,16,340,3,3,2585.0,12.2,498,15,14,411660,3396470,498,15,14,-82.0
574801,411665.0,3396500.0,16,340,3,3,2585.0,12.2,498,15,14,411635,3396435,500,0,6,-83.45
574801,411665.0,3396500.0,16,340,3,3,2585.0,12.2,498,15,14,411595,3396395,506,0,14,-98.25
574801,411665.0,3396500.0,16,340,3,3,2585.0,12.2,498,15,14,411640,3396450,499,0,6,-83.09
574801,411665.0,3396500.0,16,340,3,3,2585.0,12.2,498,15,14,411645,3396445,499,0,6,-84.47
574801,411665.0,3396500.0,16,340,3,3,2585.0,12.2,498,15,14,411655,3396455,498,0,6,-86.67
574801,411665.0,3396500.0,16,340,3,3,2585.0,12.2,498,15,14,411630,3396440,500,0,6,-82.92
574801,411665.0,3396500.0,16,340,3,3,2585.0,12.2,498,15,14,411580,3396390,507,0,14,-102.0
574801,411665.0,3396500.0,16,340,3,3,2585.0,12.2,498,15,14,411575,3396375,509,0,14,-97.5
574801,411665.0,3396500.0,16,340,3,3,2585.0,12.2,498,15,14,411615,3396415,503,12,5,-91.75
574801,411665.0,3396500.0,16,340,3,3,2585.0,12.2,498,15,14,411650,3396460,498,0,6,-83.23
574801,411665.0,3396500.0,16,340,3,3,2585.0,12.2,498,15,14,411625,3396425,501,0,6,-89.5
574801,411665.0,3396500.0,16,340,3,3,2585.0,12.2,498,15,14,411665,3396525,498,15,14,-75.0
574801,411665.0,3396500.0,16,340,3,3,2585.0,12.2,498,15,14,411625,3396485,498,0,5,-84.0
574801,411665.0,3396500.0,16,340,3,3,2585.0,12.2,498,15,14,411630,3396500,498,0,6,-77.46
574801,411665.0,3396500.0,16,340,3,3,2585.0,12.2,498,15,14,411790,3396660,500,0,6,-98.33
574801,411665.0,3396500.0,16,340,3,3,2585.0,12.2,498,15,14,411670,3396540,498,0,14,-83.33
574801,411665.0,3396500.0,16,340,3,3,2585.0,12.2,498,15,14,411640,3396550,498,0,6,-73.57
574801,411665.0,3396500.0,16,340,3,3,2585.0,12.2,498,15,14,411785,3396645,500,0,6,-81.0
574801,411665.0,3396500.0,16,340,3,3,2585.0,12.2,498,15,14,411655,3396555,498,0,5,-72.88
574801,411665.0,3396500.0,16,340,3,3,2585.0,12.2,498,15,14,411795,3396655,501,0,6,-90.75
574801,411665.0,3396500.0,16,340,3,3,2585.0,12.2,498,15,14,411675,3396535,498,0,5,-78.5
574801,411665.0,3396500.0,16,340,3,3,2585.0,12.2,498,15,14,411660,3396530,498,15,14,-73.25
574801,411665.0,3396500.0,16,340,3,3,2585.0,12.2,498,15,14,411635,3396495,498,0,6,-76.43
574801,411665.0,3396500.0,16,340,3,3,2585.0,12.2,498,15,14,411645,3396545,498,0,6,-74.6
574801,411665.0,3396500.0,16,340,3,3,2585.0,12.2,498,15,14,411650,3396560,498,0,6,-73.4
574801,411665.0,3396500.0,16,340,3,3,2585.0,12.2,498,15,14,411800,3396710,500,0,6,-95.5
574801,411665.0,3396500.0,16,340,3,3,2585.0,12.2,498,15,14,411615,3396515,499,0,14,-74.0
574801,411665.0,3396500.0,16,340,3,3,2585.0,12.2,498,15,14,411620,3396490,498,0,14,-78.4
574801,411665.0,3396500.0,16,340,3,3,2585.0,12.2,498,15,14,411745,3396540,499,0,7,-87.0
574801,411665.0,3396500.0,16,340,3,3,2585.0,12.2,498,15,14,411635,3396730,500,0,6,-87.0
574801,411665.0,3396500.0,16,340,3,3,2585.0,12.2,498,15,14,411645,3396800,500,0,6,-85.83
574801,411665.0,3396500.0,16,340,3,3,2585.0,12.2,498,15,14,411780,3396575,500,0,6,-93.0
574801,411665.0,3396500.0,16,340,3,3,2585.0,12.2,498,15,14,411785,3396580,500,0,6,-93.5
574801,411665.0,3396500.0,16,340,3,3,2585.0,12.2,498,15,14,411790,3396565,501,0,6,-89.0
574801,411665.0,3396500.0,16,340,3,3,2585.0,12.2,498,15,14,411775,3396590,500,0,6,-83.67
574801,411665.0,3396500.0,16,340,3,3,2585.0,12.2,498,15,14,411795,3396570,501,0,6,-95.0
574801,411665.0,3396500.0,16,340,3,3,2585.0,12.2,498,15,14,411800,3396635,501,0,6,-88.5
574801,411665.0,3396500.0,16,340,3,3,2585.0,12.2,498,15,14,411650,3396785,500,0,6,-88.13
574801,411665.0,3396500.0,16,340,3,3,2585.0,12.2,498,15,14,411640,3396795,499,0,6,-90.0
574801,411665.0,3396500.0,16,340,3,3,2585.0,12.2,498,15,14,411740,3396535,499,0,7,-83.0
574801,411665.0,3396500.0,16,340,3,3,2585.0,12.2,498,15,14,411630,3396725,500,0,6,-83.0
574801,411665.0,3396500.0,16,340,3,3,2585.0,12.2,498,15,14,411655,3396790,500,0,5,-92.0
574801,411665.0,3396500.0,16,340,3,3,2585.0,12.2,498,15,14,408695,3395825,505,42,5,-91.33
574801,411665.0,3396500.0,16,340,3,3,2585.0,12.2,498,15,14,408715,3395805,505,0,5,-86.75
574801,411665.0,3396500.0,16,340,3,3,2585.0,12.2,498,15,14,408650,3395790,506,0,7,-107.5
574801,411665.0,3396500.0,16,340,3,3,2585.0,12.2,498,15,14,408710,3395810,505,0,5,-88.67
574801,411665.0,3396500.0,16,340,3,3,2585.0,12.2,498,15,14,408640,3395800,507,0,5,-97.44
574801,411665.0,3396500.0,16,340,3,3,2585.0,12.2,498,15,14,408760,3395760,506,0,5,-100.83
574801,411665.0,3396500.0,16,340,3,3,2585.0,12.2,498,15,14,408785,3395735,506,0,13,-101.59
574801,411665.0,3396500.0,16,340,3,3,2585.0,12.2,498,15,14,408645,3395795,506,0,5,-93.2
574801,411665.0,3396500.0,16,340,3,3,2585.0,12.2,498,15,14,408780,3395740,506,0,13,-99.36
574801,411665.0,3396500.0,16,340,3,3,2585.0,12.2,498,15,14,408765,3395755,506,0,5,-114.71
574801,411665.0,3396500.0,16,340,3,3,2585.0,12.2,498,15,14,408795,3395725,506,21,6,-110.33
574801,411665.0,3396500.0,16,340,3,3,2585.0,12.2,498,15,14,408790,3395730,506,21,5,-102.67
574801,411665.0,3396500.0,16,340,3,3,2585.0,12.2,498,15,14,408770,3395750,506,21,5,-102.5
574801,411665.0,3396500.0,16,340,3,3,2585.0,12.2,498,15,14,408775,3395745,506,0,13,-99.75
574801,411665.0,3396500.0,16,340,3,3,2585.0,12.2,498,15,14,411625,3396570,499,0,5,-67.0
574801,411665.0,3396500.0,16,340,3,3,2585.0,12.2,498,15,14,411645,3396630,500,0,6,-70.44
574801,411665.0,3396500.0,16,340,3,3,2585.0,12.2,498,15,14,411630,3396575,499,0,6,-69.33
574801,411665.0,3396500.0,16,340,3,3,2585.0,12.2,498,15,14,411650,3396635,500,0,6,-72.47
574801,411665.0,3396500.0,16,340,3,3,2585.0,12.2,498,15,14,411655,3396640,500,0,5,-70.93
574801,411665.0,3396500.0,16,340,3,3,2585.0,12.2,498,15,14,411640,3396625,500,0,6,-69.68
574801,411665.0,3396500.0,16,340,3,3,2585.0,12.2,498,15,14,411635,3396580,499,0,6,-70.89
574801,411665.0,3396500.0,16,340,3,3,2585.0,12.2,498,15,14,411660,3396605,499,0,5,-71.9
574801,411665.0,3396500.0,16,340,3,3,2585.0,12.2,498,15,14,411620,3396565,499,12,5,-65.0
574801,411665.0,3396500.0,16,340,3,3,2585.0,12.2,498,15,14,411665,3396610,499,0,5,-75.0
574801,411665.0,3396500.0,16,340,3,3,2585.0,12.2,498,15,14,411770,3396485,500,0,6,-87.0
574801,411665.0,3396500.0,16,340,3,3,2585.0,12.2,498,15,14,411695,3396570,498,0,7,-73.67
574801,411665.0,3396500.0,16,340,3,3,2585.0,12.2,498,15,14,411800,3396535,501,0,5,-91.0
574801,411665.0,3396500.0,16,340,3,3,2585.0,12.2,498,15,14,411775,3396490,500,0,6,-92.0
574801,411665.0,3396500.0,16,340,3,3,2585.0,12.2,498,15,14,411720,3396615,499,54,5,-113.67
574801,411665.0,3396500.0,16,340,3,3,2585.0,12.2,498,15,14,411635,3396670,500,0,6,-72.58
574801,411665.0,3396500.0,16,340,3,3,2585.0,12.2,498,15,14,411785,3396520,500,0,6,-91.8
574801,411665.0,3396500.0,16,340,3,3,2585.0,12.2,498,15,14,411790,3396505,500,0,6,-96.0
574801,411665.0,3396500.0,16,340,3,3,2585.0,12.2,498,15,14,411650,3396685,500,0,6,-79.0
574801,411665.0,3396500.0,16,340,3,3,2585.0,12.2,498,15,14,411645,3396700,500,0,6,-78.0
574801,411665.0,3396500.0,16,340,3,3,2585.0,12.2,498,15,14,411640,3396695,500,0,6,-79.2
574801,411665.0,3396500.0,16,340,3,3,2585.0,12.2,498,15,14,411780,3396515,500,0,6,-88.67
574801,411665.0,3396500.0,16,340,3,3,2585.0,12.2,498,15,14,411630,3396665,500,0,6,-69.0
574801,411665.0,3396500.0,16,340,3,3,2585.0,12.2,498,15,14,411655,3396690,500,0,5,-80.4
574801,411665.0,3396500.0,16,340,3,3,2585.0,12.2,498,15,14,411690,3396375,502,0,12,-96.5
574801,411665.0,3396500.0,16,340,3,3,2585.0,12.2,498,15,14,411685,3396370,502,0,12,-90.33
574801,411665.0,3396500.0,16,340,3,3,2585.0,12.2,498,15,14,411775,3396460,500,0,6,-90.8
574801,411665.0,3396500.0,16,340,3,3,2585.0,12.2,498,15,14,411800,3396405,501,0,5,-92.0
574801,411665.0,3396500.0,16,340,3,3,2585.0,12.2,498,15,14,411785,3396470,500,0,6,-92.4
574801,411665.0,3396500.0,16,340,3,3,2585.0,12.2,498,15,14,411770,3396455,500,0,6,-87.5
574801,411665.0,3396500.0,16,340,3,3,2585.0,12.2,498,15,14,411805,3396410,501,0,5,-93.5
574801,411665.0,3396500.0,16,340,3,3,2585.0,12.2,498,15,14,411765,3396450,500,0,6,-83.75
574801,411665.0,3396500.0,16,340,3,3,2585.0,12.2,498,15,14,411780,3396465,500,0,6,-86.0
574801,411665.0,3396500.0,16,340,3,3,2585.0,12.2,498,15,14,411810,3396415,501,0,6,-116.0
574801,411665.0,3396500.0,16,340,3,3,2585.0,12.2,498,15,14,411795,3396480,501,0,6,-91.0
574801,411665.0,3396500.0,16,340,3,3,2585.0,12.2,498,15,14,408760,3395625,508,0,5,-112.0
574801,411665.0,3396500.0,16,340,3,3,2585.0,12.2,498,15,14,408745,3395650,507,0,5,-102.25
574801,411665.0,3396500.0,16,340,3,3,2585.0,12.2,498,15,14,408725,3395670,506,0,5,-100.0
574801,411665.0,3396500.0,16,340,3,3,2585.0,12.2,498,15,14,408785,3395610,508,0,5,-112.67
574801,411665.0,3396500.0,16,340,3,3,2585.0,12.2,498,15,14,408730,3395675,506,0,5,-105.0
574801,411665.0,3396500.0,16,340,3,3,2585.0,12.2,498,15,14,408755,3395660,507,0,5,-106.0
574801,411665.0,3396500.0,16,340,3,3,2585.0,12.2,498,15,14,408720,3395665,506,0,5,-103.82
574801,411665.0,3396500.0,16,340,3,3,2585.0,12.2,498,15,14,408750,3395655,507,0,5,-98.7
574801,411665.0,3396500.0,16,340,3,3,2585.0,12.2,498,15,14,408740,3395645,507,0,5,-103.56
574801,411665.0,3396500.0,16,340,3,3,2585.0,12.2,498,15,14,408800,3395745,506,0,13,-97.0
574801,411665.0,3396500.0,16,340,3,3,2585.0,12.2,498,15,14,411750,3396420,500,0,5,-87.8
574801,411665.0,3396500.0,16,340,3,3,2585.0,12.2,498,15,14,411770,3396400,500,0,6,-97.4
574801,411665.0,3396500.0,16,340,3,3,2585.0,12.2,498,15,14,411790,3396380,501,0,5,-92.5
574801,411665.0,3396500.0,16,340,3,3,2585.0,12.2,498,15,14,411745,3396405,500,0,5,-93.5
574801,411665.0,3396500.0,16,340,3,3,2585.0,12.2,498,15,14,411775,3396395,500,0,6,-93.67
574801,411665.0,3396500.0,16,340,3,3,2585.0,12.2,498,15,14,411760,3396390,500,0,6,-91.38
574801,411665.0,3396500.0,16,340,3,3,2585.0,12.2,498,15,14,411765,3396385,500,0,6,-92.33
574801,411665.0,3396500.0,16,340,3,3,2585.0,12.2,498,15,14,411755,3396415,500,0,5,-88.0
574801,411665.0,3396500.0,16,340,3,3,2585.0,12.2,498,15,14,408650,3395775,506,0,5,-96.0
574801,411665.0,3396500.0,16,340,3,3,2585.0,12.2,498,15,14,408690,3395815,505,0,5,-92.5
574801,411665.0,3396500.0,16,340,3,3,2585.0,12.2,498,15,14,408680,3395805,505,0,7,-88.25
574801,411665.0,3396500.0,16,340,3,3,2585.0,12.2,498,15,14,408670,3395795,506,0,7,-89.25
574801,411665.0,3396500.0,16,340,3,3,2585.0,12.2,498,15,14,408675,3395800,505,0,7,-94.2
574801,411665.0,3396500.0,16,340,3,3,2585.0,12.2,498,15,14,408775,3395740,506,0,13,-100.5
574801,411665.0,3396500.0,16,340,3,3,2585.0,12.2,498,15,14,408780,3395745,506,0,13,-101.11
574801,411665.0,3396500.0,16,340,3,3,2585.0,12.2,498,15,14,408655,3395780,506,6,5,-98.4
574801,411665.0,3396500.0,16,340,3,3,2585.0,12.2,498,15,14,408725,3395690,506,0,13,-92.0
574801,411665.0,3396500.0,16,340,3,3,2585.0,12.2,498,15,14,408720,3395685,506,0,5,-100.17
574801,411665.0,3396500.0,16,340,3,3,2585.0,12.2,498,15,14,408665,3395790,506,0,7,-86.0
574801,411665.0,3396500.0,16,340,3,3,2585.0,12.2,498,15,14,408770,3395735,506,0,13,-99.0
574801,411665.0,3396500.0,16,340,3,3,2585.0,12.2,498,15,14,408785,3395750,506,21,5,-98.5
574801,411665.0,3396500.0,16,340,3,3,2585.0,12.2,498,15,14,408675,3395690,505,12,6,-104.0
574801,411665.0,3396500.0,16,340,3,3,2585.0,12.2,498,15,14,408710,3395725,506,0,5,-89.5
574801,411665.0,3396500.0,16,340,3,3,2585.0,12.2,498,15,14,408755,3395770,506,0,12,-99.75
574801,411665.0,3396500.0,16,340,3,3,2585.0,12.2,498,15,14,408735,3395790,505,42,5,-95.67
574801,411665.0,3396500.0,16,340,3,3,2585.0,12.2,498,15,14,408715,3395730,506,0,5,-77.67
574801,411665.0,3396500.0,16,340,3,3,2585.0,12.2,498,15,14,408670,3395685,505,0,5,-102.0
574801,411665.0,3396500.0,16,340,3,3,2585.0,12.2,498,15,14,408665,3395700,505,0,5,-93.67
574801,411665.0,3396500.0,16,340,3,3,2585.0,12.2,498,15,14,408730,3395785,506,42,5,-92.33
574801,411665.0,3396500.0,16,340,3,3,2585.0,12.2,498,15,14,408750,3395765,506,0,12,-100.5
574801,411665.0,3396500.0,16,340,3,3,2585.0,12.2,498,15,14,411610,3396495,499,12,5,-71.0
574801,411665.0,3396500.0,16,340,3,3,2585.0,12.2,498,15,14,411620,3396505,498,12,14,-78.0
574801,411665.0,3396500.0,16,340,3,3,2585.0,12.2,498,15,14,411650,3396535,498,0,6,-74.03
574801,411665.0,3396500.0,16,340,3,3,2585.0,12.2,498,15,14,411635,3396520,498,0,6,-72.0
574801,411665.0,3396500.0,16,340,3,3,2585.0,12.2,498,15,14,411660,3396545,498,0,14,-73.4
574801,411665.0,3396500.0,16,340,3,3,2585.0,12.2,498,15,14,411655,3396540,498,0,5,-74.24
574801,411665.0,3396500.0,16,340,3,3,2585.0,12.2,498,15,14,411645,3396530,498,0,6,-72.45
574801,411665.0,3396500.0,16,340,3,3,2585.0,12.2,498,15,14,411640,3396525,498,0,6,-70.72
574801,411665.0,3396500.0,16,340,3,3,2585.0,12.2,498,15,14,411630,3396515,498,0,6,-73.0
574801,411665.0,3396500.0,16,340,3,3,2585.0,12.2,498,15,14,411675,3396560,498,0,5,-76.0
574801,411665.0,3396500.0,16,340,3,3,2585.0,12.2,498,15,14,411625,3396510,498,0,5,-74.38
574801,411665.0,3396500.0,16,340,3,3,2585.0,12.2,498,15,14,411800,3396685,500,0,6,-89.5
574801,411665.0,3396500.0,16,340,3,3,2585.0,12.2,498,15,14,411665,3396550,498,0,14,-74.5
574801,411665.0,3396500.0,16,340,3,3,2585.0,12.2,498,15,14,411795,3396680,500,0,6,-92.0
574801,411665.0,3396500.0,16,340,3,3,2585.0,12.2,498,15,14,411670,3396555,498,0,14,-78.38
574801,411665.0,3396500.0,16,340,3,3,2585.0,12.2,498,15,14,408705,3395640,507,0,5,-99.0
574801,411665.0,3396500.0,16,340,3,3,2585.0,12.2,498,15,14,408640,3395655,506,0,5,-106.0
574801,411665.0,3396500.0,16,340,3,3,2585.0,12.2,498,15,14,408715,3395630,507,18,13,-105.57
574801,411665.0,3396500.0,16,340,3,3,2585.0,12.2,498,15,14,411790,3396385,501,0,5,-94.0
574801,411665.0,3396500.0,16,340,3,3,2585.0,12.2,498,15,14,411770,3396365,501,0,6,-102.75
574801,411665.0,3396500.0,16,340,3,3,2585.0,12.2,498,15,14,411760,3396375,500,0,6,-99.0
574801,411665.0,3396500.0,16,340,3,3,2585.0,12.2,498,15,14,411780,3396395,501,0,6,-96.0
574801,411665.0,3396500.0,16,340,3,3,2585.0,12.2,498,15,14,411795,3396390,501,0,5,-91.1
574801,411665.0,3396500.0,16,340,3,3,2585.0,12.2,498,15,14,411680,3396455,498,0,6,-88.0
574801,411665.0,3396500.0,16,340,3,3,2585.0,12.2,498,15,14,408650,3395805,506,0,7,-95.0
574801,411665.0,3396500.0,16,340,3,3,2585.0,12.2,498,15,14,408670,3395825,505,0,5,-81.5
574801,411665.0,3396500.0,16,340,3,3,2585.0,12.2,498,15,14,408745,3395760,506,0,5,-98.67
574801,411665.0,3396500.0,16,340,3,3,2585.0,12.2,498,15,14,408685,3395780,506,6,5,-103.0
574801,411665.0,3396500.0,16,340,3,3,2585.0,12.2,498,15,14,408695,3395770,506,0,13,-98.5
574801,411665.0,3396500.0,16,340,3,3,2585.0,12.2,498,15,14,408705,3395800,505,0,7,-88.0
574801,411665.0,3396500.0,16,340,3,3,2585.0,12.2,498,15,14,408755,3395750,506,21,5,-108.0
574801,411665.0,3396500.0,16,340,3,3,2585.0,12.2,498,15,14,408640,3395815,507,42,5,-86.5
574801,411665.0,3396500.0,16,340,3,3,2585.0,12.2,498,15,14,408800,3395655,507,0,5,-119.0
574801,411665.0,3396500.0,16,340,3,3,2585.0,12.2,498,15,14,408710,3395785,506,0,5,-93.0
574801,411665.0,3396500.0,16,340,3,3,2585.0,12.2,498,15,14,408665,3395840,505,0,13,-97.54
574801,411665.0,3396500.0,16,340,3,3,2585.0,12.2,498,15,14,408720,3395735,506,0,5,-79.8
574801,411665.0,3396500.0,16,340,3,3,2585.0,12.2,498,15,14,408660,3395835,506,0,13,-92.0
574801,411665.0,3396500.0,16,340,3,3,2585.0,12.2,498,15,14,408820,3395675,506,0,5,-101.5
574801,411665.0,3396500.0,16,340,3,3,2585.0,12.2,498,15,14,408725,3395740,506,0,5,-94.0
574801,411665.0,3396500.0,16,340,3,3,2585.0,12.2,498,15,14,408785,3395720,506,21,6,-110.5
574801,411665.0,3396500.0,16,340,3,3,2585.0,12.2,498,15,14,408735,3395730,506,0,5,-113.0
574801,411665.0,3396500.0,16,340,3,3,2585.0,12.2,498,15,14,408715,3395790,505,0,5,-94.2
574801,411665.0,3396500.0,16,340,3,3,2585.0,12.2,498,15,14,408700,3395795,505,6,7,-94.0
574801,411665.0,3396500.0,16,340,3,3,2585.0,12.2,498,15,14,411490,3396505,501,0,5,-89.67
574801,411665.0,3396500.0,16,340,3,3,2585.0,12.2,498,15,14,411650,3396345,504,0,6,-90.67
574801,411665.0,3396500.0,16,340,3,3,2585.0,12.2,498,15,14,411665,3396340,503,0,5,-95.0
574801,411665.0,3396500.0,16,340,3,3,2585.0,12.2,498,15,14,411670,3396325,502,0,12,-94.0
574801,411665.0,3396500.0,16,340,3,3,2585.0,12.2,498,15,14,411645,3396360,505,0,6,-87.31
574801,411665.0,3396500.0,16,340,3,3,2585.0,12.2,498,15,14,411625,3396380,506,0,14,-97.29
574801,411665.0,3396500.0,16,340,3,3,2585.0,12.2,498,15,14,411635,3396370,506,0,5,-92.64
574801,411665.0,3396500.0,16,340,3,3,2585.0,12.2,498,15,14,411620,3396375,506,0,14,-91.8
574801,411665.0,3396500.0,16,340,3,3,2585.0,12.2,498,15,14,411630,3396365,506,0,5,-92.78
574801,411665.0,3396500.0,16,340,3,3,2585.0,12.2,498,15,14,411640,3396355,505,0,5,-87.71
574801,411665.0,3396500.0,16,340,3,3,2585.0,12.2,498,15,14,411610,3396385,506,0,14,-94.88
574801,411665.0,3396500.0,16,340,3,3,2585.0,12.2,498,15,14,411615,3396390,505,0,14,-92.85
574801,411665.0,3396500.0,16,340,3,3,2585.0,12.2,498,15,14,411605,3396400,505,0,14,-96.5
574801,411665.0,3396500.0,16,340,3,3,2585.0,12.2,498,15,14,411485,3396520,501,0,5,-82.5
574801,411665.0,3396500.0,16,340,3,3,2585.0,12.2,498,15,14,411480,3396515,501,9,14,-84.5
574801,411665.0,3396500.0,16,340,3,3,2585.0,12.2,498,15,14,411625,3396585,499,0,5,-65.33
574801,411665.0,3396500.0,16,340,3,3,2585.0,12.2,498,15,14,411635,3396595,499,0,6,-67.67
574801,411665.0,3396500.0,16,340,3,3,2585.0,12.2,498,15,14,411640,3396610,499,0,6,-67.17
574801,411665.0,3396500.0,16,340,3,3,2585.0,12.2,498,15,14,411645,3396605,499,0,6,-72.24
574801,411665.0,3396500.0,16,340,3,3,2585.0,12.2,498,15,14,411650,3396620,500,0,6,-73.14
574801,411665.0,3396500.0,16,340,3,3,2585.0,12.2,498,15,14,411655,3396615,499,0,5,-71.89
574801,411665.0,3396500.0,16,340,3,3,2585.0,12.2,498,15,14,411660,3396630,500,0,5,-70.22
574801,411665.0,3396500.0,16,340,3,3,2585.0,12.2,498,15,14,411620,3396590,499,12,5,-67.5
574801,411665.0,3396500.0,16,340,3,3,2585.0,12.2,498,15,14,411665,3396625,499,0,5,-67.43
574801,411665.0,3396500.0,16,340,3,3,2585.0,12.2,498,15,14,411630,3396600,499,0,6,-64.63
574801,411665.0,3396500.0,16,340,3,3,2585.0,12.2,498,15,14,411775,3396430,500,0,6,-91.0
574801,411665.0,3396500.0,16,340,3,3,2585.0,12.2,498,15,14,411785,3396420,501,0,6,-96.75
574801,411665.0,3396500.0,16,340,3,3,2585.0,12.2,498,15,14,411795,3396410,501,0,5,-87.6
574801,411665.0,3396500.0,16,340,3,3,2585.0,12.2,498,15,14,411735,3396390,500,0,5,-100.25
574801,411665.0,3396500.0,16,340,3,3,2585.0,12.2,498,15,14,411730,3396385,500,0,12,-99.5
574801,411665.0,3396500.0,16,340,3,3,2585.0,12.2,498,15,14,411790,3396405,501,0,5,-89.43
574801,411665.0,3396500.0,16,340,3,3,2585.0,12.2,498,15,14,411745,3396380,500,0,5,-94.5
574801,411665.0,3396500.0,16,340,3,3,2585.0,12.2,498,15,14,411765,3396440,500,0,6,-91.0
574801,411665.0,3396500.0,16,340,3,3,2585.0,12.2,498,15,14,408620,3395805,507,0,5,-100.5
574801,411665.0,3396500.0,16,340,3,3,2585.0,12.2,498,15,14,408630,3395815,507,0,5,-106.0
574801,411665.0,3396500.0,16,340,3,3,2585.0,12.2,498,15,14,408625,3395810,507,0,5,-98.0
574801,411665.0,3396500.0,16,340,3,3,2585.0,12.2,498,15,14,411640,3396720,500,0,6,-83.5
574801,411665.0,3396500.0,16,340,3,3,2585.0,12.2,498,15,14,411770,3396510,500,0,6,-86.5
574801,411665.0,3396500.0,16,340,3,3,2585.0,12.2,498,15,14,411805,3396555,501,0,5,-91.0
574801,411665.0,3396500.0,16,340,3,3,2585.0,12.2,498,15,14,411785,3396495,500,0,6,-94.6
574801,411665.0,3396500.0,16,340,3,3,2585.0,12.2,498,15,14,411800,3396560,501,0,5,-99.25
574801,411665.0,3396500.0,16,340,3,3,2585.0,12.2,498,15,14,411655,3396705,500,0,5,-92.0
574801,411665.0,3396500.0,16,340,3,3,2585.0,12.2,498,15,14,411650,3396710,500,0,6,-79.29
574801,411665.0,3396500.0,16,340,3,3,2585.0,12.2,498,15,14,411630,3396650,500,0,6,-66.33
574801,411665.0,3396500.0,16,340,3,3,2585.0,12.2,498,15,14,411635,3396645,500,0,6,-65.57
574801,411665.0,3396500.0,16,340,3,3,2585.0,12.2,498,15,14,411780,3396500,500,0,6,-90.57
574801,411665.0,3396500.0,16,340,3,3,2585.0,12.2,498,15,14,411775,3396505,500,0,6,-87.67
574801,411665.0,3396500.0,16,340,3,3,2585.0,12.2,498,15,14,411660,3396700,500,0,5,-88.0
574801,411665.0,3396500.0,16,340,3,3,2585.0,12.2,498,15,14,411645,3396715,500,0,6,-78.0
574801,411665.0,3396500.0,16,340,3,3,2585.0,12.2,498,15,14,411795,3396485,501,0,6,-86.67
574801,411665.0,3396500.0,16,340,3,3,2585.0,12.2,498,15,14,411625,3396655,500,0,5,-73.0
574801,411665.0,3396500.0,16,340,3,3,2585.0,12.2,498,15,14,411730,3396540,498,0,7,-82.5
574801,411665.0,3396500.0,16,340,3,3,2585.0,12.2,498,15,14,411625,3396745,500,0,5,-85.5
574801,411665.0,3396500.0,16,340,3,3,2585.0,12.2,498,15,14,411795,3396595,501,0,6,-89.75
574801,411665.0,3396500.0,16,340,3,3,2585.0,12.2,498,15,14,411785,3396585,500,0,6,-88.25
574801,411665.0,3396500.0,16,340,3,3,2585.0,12.2,498,15,14,411640,3396770,500,0,6,-84.5
574801,411665.0,3396500.0,16,340,3,3,2585.0,12.2,498,15,14,411800,3396610,501,0,6,-91.5
574801,411665.0,3396500.0,16,340,3,3,2585.0,12.2,498,15,14,411780,3396590,500,0,6,-86.5
574801,411665.0,3396500.0,16,340,3,3,2585.0,12.2,498,15,14,411775,3396575,500,0,6,-80.5
574801,411665.0,3396500.0,16,340,3,3,2585.0,12.2,498,15,14,411790,3396600,501,0,6,-94.67
574801,411665.0,3396500.0,16,340,3,3,2585.0,12.2,498,15,14,411650,3396780,500,0,6,-86.6
574801,411665.0,3396500.0,16,340,3,3,2585.0,12.2,498,15,14,411655,3396775,500,0,5,-87.5
574801,411665.0,3396500.0,16,340,3,3,2585.0,12.2,498,15,14,411635,3396755,500,0,6,-83.86
574801,411665.0,3396500.0,16,340,3,3,2585.0,12.2,498,15,14,411630,3396760,500,0,6,-87.45
574801,411665.0,3396500.0,16,340,3,3,2585.0,12.2,498,15,14,411645,3396765,500,0,6,-80.0
574801,411665.0,3396500.0,16,340,3,3,2585.0,12.2,498,15,14,411725,3396525,498,0,7,-90.5
574801,411665.0,3396500.0,16,340,3,3,2585.0,12.2,498,15,14,411710,3396520,498,0,7,-100.5
574801,411665.0,3396500.0,16,340,3,3,2585.0,12.2,498,15,14,408635,3395805,507,0,5,-98.63
574801,411665.0,3396500.0,16,340,3,3,2585.0,12.2,498,15,14,408625,3395815,507,0,5,-98.75
574801,411665.0,3396500.0,16,340,3,3,2585.0,12.2,498,15,14,408585,3395775,507,0,5,-104.5
574801,411665.0,3396500.0,16,340,3,3,2585.0,12.2,498,15,14,408630,3395810,507,0,5,-104.75
574801,411665.0,3396500.0,16,340,3,3,2585.0,12.2,498,15,14,408655,3395690,505,0,6,-106.0
574801,411665.0,3396500.0,16,340,3,3,2585.0,12.2,498,15,14,408700,3395755,506,0,5,-88.33
574801,411665.0,3396500.0,16,340,3,3,2585.0,12.2,498,15,14,408740,3395795,505,42,12,-98.0
574801,411665.0,3396500.0,16,340,3,3,2585.0,12.2,498,15,14,408715,3395750,506,0,5,-71.86
574801,411665.0,3396500.0,16,340,3,3,2585.0,12.2,498,15,14,408670,3395705,505,0,5,-93.83
574801,411665.0,3396500.0,16,340,3,3,2585.0,12.2,498,15,14,408735,3395770,506,42,12,-102.5
574801,411665.0,3396500.0,16,340,3,3,2585.0,12.2,498,15,14,408745,3395800,505,0,12,-94.33
574801,411665.0,3396500.0,16,340,3,3,2585.0,12.2,498,15,14,408755,3395790,505,0,5,-107.0
574801,411665.0,3396500.0,16,340,3,3,2585.0,12.2,498,15,14,408710,3395745,506,0,5,-77.0
574801,411665.0,3396500.0,16,340,3,3,2585.0,12.2,498,15,14,408675,3395710,505,12,5,-102.0
574801,411665.0,3396500.0,16,340,3,3,2585.0,12.2,498,15,14,408760,3395815,505,0,5,-94.5
574801,411665.0,3396500.0,16,340,3,3,2585.0,12.2,498,15,14,411840,3396415,501,0,5,-103.0
574801,411665.0,3396500.0,16,340,3,3,2585.0,12.2,498,15,14,411860,3396435,501,39,6,-100.5
574801,411665.0,3396500.0,16,340,3,3,2585.0,12.2,498,15,14,411605,3396335,507,6,14,-96.6
574801,411665.0,3396500.0,16,340,3,3,2585.0,12.2,498,15,14,411640,3396380,505,0,5,-89.1
574801,411665.0,3396500.0,16,340,3,3,2585.0,12.2,498,15,14,411625,3396355,506,0,14,-87.0
574801,411665.0,3396500.0,16,340,3,3,2585.0,12.2,498,15,14,411620,3396360,506,0,14,-95.38
574801,411665.0,3396500.0,16,340,3,3,2585.0,12.2,498,15,14,411645,3396375,505,0,6,-87.64
574801,411665.0,3396500.0,16,340,3,3,2585.0,12.2,498,15,14,411655,3396365,504,0,5,-93.83
574801,411665.0,3396500.0,16,340,3,3,2585.0,12.2,498,15,14,411635,3396345,505,0,5,-92.33
574801,411665.0,3396500.0,16,340,3,3,2585.0,12.2,498,15,14,411665,3396395,502,0,5,-92.5
574801,411665.0,3396500.0,16,340,3,3,2585.0,12.2,498,15,14,411660,3396400,502,0,5,-91.08
574801,411665.0,3396500.0,16,340,3,3,2585.0,12.2,498,15,14,411650,3396370,505,0,6,-91.25
574801,411665.0,3396500.0,16,340,3,3,2585.0,12.2,498,15,14,411670,3396390,502,0,5,-96.0
574801,411665.0,3396500.0,16,340,3,3,2585.0,12.2,498,15,14,411600,3396340,507,6,14,-89.0
574801,411665.0,3396500.0,16,340,3,3,2585.0,12.2,498,15,14,411610,3396330,506,6,14,-98.33
574801,411665.0,3396500.0,16,340,3,3,2585.0,12.2,498,15,14,408705,3395735,506,0,5,-85.5
574801,411665.0,3396500.0,16,340,3,3,2585.0,12.2,498,15,14,408755,3395765,506,0,12,-92.0
574801,411665.0,3396500.0,16,340,3,3,2585.0,12.2,498,15,14,408750,3395770,506,0,12,-105.5
574801,411665.0,3396500.0,16,340,3,3,2585.0,12.2,498,15,14,408665,3395695,505,0,6,-105.5
574801,411665.0,3396500.0,16,340,3,3,2585.0,12.2,498,15,14,408720,3395800,505,0,5,-95.8
574801,411665.0,3396500.0,16,340,3,3,2585.0,12.2,498,15,14,408715,3395725,506,0,5,-76.0
574801,411665.0,3396500.0,16,340,3,3,2585.0,12.2,498,15,14,408735,3395785,506,42,5,-104.5
574801,411665.0,3396500.0,16,340,3,3,2585.0,12.2,498,15,14,408710,3395730,506,0,5,-78.5
574801,411665.0,3396500.0,16,340,3,3,2585.0,12.2,498,15,14,408670,3395690,505,12,6,-105.0
574801,411665.0,3396500.0,16,340,3,3,2585.0,12.2,498,15,14,411630,3396640,500,0,6,-65.33
574801,411665.0,3396500.0,16,340,3,3,2585.0,12.2,498,15,14,411635,3396635,500,0,6,-68.64
574801,411665.0,3396500.0,16,340,3,3,2585.0,12.2,498,15,14,411660,3396590,499,0,14,-75.33
574801,411665.0,3396500.0,16,340,3,3,2585.0,12.2,498,15,14,411645,3396565,498,0,6,-70.67
574801,411665.0,3396500.0,16,340,3,3,2585.0,12.2,498,15,14,411640,3396570,499,0,6,-73.13
574801,411665.0,3396500.0,16,340,3,3,2585.0,12.2,498,15,14,411655,3396575,499,0,5,-72.0
574801,411665.0,3396500.0,16,340,3,3,2585.0,12.2,498,15,14,411650,3396580,499,0,6,-72.75
574801,411665.0,3396500.0,16,340,3,3,2585.0,12.2,498,15,14,411625,3396625,500,0,5,-64.4
574801,411665.0,3396500.0,16,340,3,3,2585.0,12.2,498,15,14,411665,3396585,499,0,14,-73.2
574801,411665.0,3396500.0,16,340,3,3,2585.0,12.2,498,15,14,411670,3396600,499,54,5,-69.5
574801,411665.0,3396500.0,16,340,3,3,2585.0,12.2,498,15,14,411490,3396490,501,0,5,-101.0
574801,411665.0,3396500.0,16,340,3,3,2585.0,12.2,498,15,14,411665,3396355,503,0,5,-86.0
574801,411665.0,3396500.0,16,340,3,3,2585.0,12.2,498,15,14,411620,3396400,504,0,14,-93.21
574801,411665.0,3396500.0,16,340,3,3,2585.0,12.2,498,15,14,411625,3396395,504,0,14,-90.77
574801,411665.0,3396500.0,16,340,3,3,2585.0,12.2,498,15,14,411610,3396370,507,0,14,-91.0
574801,411665.0,3396500.0,16,340,3,3,2585.0,12.2,498,15,14,411630,3396390,504,0,5,-89.14
574801,411665.0,3396500.0,16,340,3,3,2585.0,12.2,498,15,14,411615,3396365,507,0,14,-90.4
574801,411665.0,3396500.0,16,340,3,3,2585.0,12.2,498,15,14,411635,3396385,505,0,5,-89.0
574801,411665.0,3396500.0,16,340,3,3,2585.0,12.2,498,15,14,411645,3396335,504,0,6,-90.5
574801,411665.0,3396500.0,16,340,3,3,2585.0,12.2,498,15,14,411605,3396375,507,0,14,-99.2
574801,411665.0,3396500.0,16,340,3,3,2585.0,12.2,498,15,14,411640,3396340,504,0,5,-92.5
574801,411665.0,3396500.0,16,340,3,3,2585.0,12.2,498,15,14,411660,3396360,504,0,5,-91.8
574801,411665.0,3396500.0,16,340,3,3,2585.0,12.2,498,15,14,411670,3396450,499,15,6,-81.0
574801,411665.0,3396500.0,16,340,3,3,2585.0,12.2,498,15,14,411645,3396475,498,0,6,-80.65
574801,411665.0,3396500.0,16,340,3,3,2585.0,12.2,498,15,14,411655,3396465,498,0,5,-86.0
574801,411665.0,3396500.0,16,340,3,3,2585.0,12.2,498,15,14,411590,3396370,508,0,14,-110.0
574801,411665.0,3396500.0,16,340,3,3,2585.0,12.2,498,15,14,411565,3396395,507,0,14,-103.5
574801,411665.0,3396500.0,16,340,3,3,2585.0,12.2,498,15,14,411635,3396405,503,0,5,-85.12
574801,411665.0,3396500.0,16,340,3,3,2585.0,12.2,498,15,14,411630,3396410,503,0,5,-86.9
574801,411665.0,3396500.0,16,340,3,3,2585.0,12.2,498,15,14,411585,3396375,508,0,14,-100.0
574801,411665.0,3396500.0,16,340,3,3,2585.0,12.2,498,15,14,411625,3396415,502,0,5,-93.29
574801,411665.0,3396500.0,16,340,3,3,2585.0,12.2,498,15,14,411640,3396480,498,0,6,-79.31
574801,411665.0,3396500.0,16,340,3,3,2585.0,12.2,498,15,14,411650,3396470,498,0,6,-82.0
574801,411665.0,3396500.0,16,340,3,3,2585.0,12.2,498,15,14,411660,3396460,498,15,5,-84.6
574801,411665.0,3396500.0,16,340,3,3,2585.0,12.2,498,15,14,411430,3396530,502,0,14,-92.0
574801,411665.0,3396500.0,16,340,3,3,2585.0,12.2,498,15,14,411570,3396390,508,0,14,-101.0
574801,411665.0,3396500.0,16,340,3,3,2585.0,12.2,498,15,14,411665,3396455,498,15,6,-85.33
574801,411665.0,3396500.0,16,340,3,3,2585.0,12.2,498,15,14,408675,3395845,505,0,5,-92.5
574801,411665.0,3396500.0,16,340,3,3,2585.0,12.2,498,15,14,408665,3395855,505,0,5,-94.2
574801,411665.0,3396500.0,16,340,3,3,2585.0,12.2,498,15,14,408670,3395850,505,0,5,-92.5
574801,411665.0,3396500.0,16,340,3,3,2585.0,12.2,498,15,14,408625,3395795,507,42,5,-87.0
574801,411665.0,3396500.0,16,340,3,3,2585.0,12.2,498,15,14,408545,3395715,506,21,5,-102.0
574801,411665.0,3396500.0,16,340,3,3,2585.0,12.2,498,15,14,408605,3395775,507,0,5,-110.5
574801,411665.0,3396500.0,16,340,3,3,2585.0,12.2,498,15,14,411720,3396535,498,6,7,-87.5
574801,411665.0,3396500.0,16,340,3,3,2585.0,12.2,498,15,14,411700,3396515,498,0,7,-86.67
574801,411665.0,3396500.0,16,340,3,3,2585.0,12.2,498,15,14,411625,3396760,500,0,6,-81.0
574801,411665.0,3396500.0,16,340,3,3,2585.0,12.2,498,15,14,411795,3396590,501,0,6,-93.0
574801,411665.0,3396500.0,16,340,3,3,2585.0,12.2,498,15,14,411790,3396585,501,0,6,-89.0
574801,411665.0,3396500.0,16,340,3,3,2585.0,12.2,498,15,14,411785,3396600,500,0,6,-85.67
574801,411665.0,3396500.0,16,340,3,3,2585.0,12.2,498,15,14,411780,3396595,500,0,6,-94.0
574801,411665.0,3396500.0,16,340,3,3,2585.0,12.2,498,15,14,411745,3396560,499,0,7,-82.0
574801,411665.0,3396500.0,16,340,3,3,2585.0,12.2,498,15,14,411760,3396575,500,0,14,-94.5
574801,411665.0,3396500.0,16,340,3,3,2585.0,12.2,498,15,14,411640,3396775,500,0,6,-88.67
574801,411665.0,3396500.0,16,340,3,3,2585.0,12.2,498,15,14,411645,3396780,500,0,6,-85.0
574801,411665.0,3396500.0,16,340,3,3,2585.0,12.2,498,15,14,411655,3396770,500,0,5,-81.5
574801,411665.0,3396500.0,16,340,3,3,2585.0,12.2,498,15,14,411650,3396765,500,0,6,-87.67
574801,411665.0,3396500.0,16,340,3,3,2585.0,12.2,498,15,14,411630,3396745,500,0,6,-76.0
574801,411665.0,3396500.0,16,340,3,3,2585.0,12.2,498,15,14,411635,3396750,500,0,6,-78.38
574801,411665.0,3396500.0,16,340,3,3,2585.0,12.2,498,15,14,411735,3396530,499,0,7,-87.0
574801,411665.0,3396500.0,16,340,3,3,2585.0,12.2,498,15,14,411800,3396615,501,0,6,-88.0
574801,411665.0,3396500.0,16,340,3,3,2585.0,12.2,498,15,14,411810,3396605,501,0,5,-96.0
574801,411665.0,3396500.0,16,340,3,3,2585.0,12.2,498,15,14,408635,3395635,506,0,12,-107.0
574801,411665.0,3396500.0,16,340,3,3,2585.0,12.2,498,15,14,411685,3396440,499,0,6,-80.0
574801,411665.0,3396500.0,16,340,3,3,2585.0,12.2,498,15,14,411800,3396395,501,0,5,-86.0
574801,411665.0,3396500.0,16,340,3,3,2585.0,12.2,498,15,14,411810,3396385,501,0,5,-89.71
574801,411665.0,3396500.0,16,340,3,3,2585.0,12.2,498,15,14,411825,3396380,501,0,6,-92.0
574801,411665.0,3396500.0,16,340,3,3,2585.0,12.2,498,15,14,411815,3396390,501,0,5,-91.5
574801,411665.0,3396500.0,16,340,3,3,2585.0,12.2,498,15,14,411805,3396400,501,0,5,-92.75
574801,411665.0,3396500.0,16,340,3,3,2585.0,12.2,498,15,14,411855,3396405,502,0,5,-101.0
574801,411665.0,3396500.0,16,340,3,3,2585.0,12.2,498,15,14,411630,3396570,499,0,6,-69.67
574801,411665.0,3396500.0,16,340,3,3,2585.0,12.2,498,15,14,411640,3396640,500,0,6,-69.3
574801,411665.0,3396500.0,16,340,3,3,2585.0,12.2,498,15,14,411650,3396630,500,0,6,-76.71
574801,411665.0,3396500.0,16,340,3,3,2585.0,12.2,498,15,14,411635,3396565,498,0,6,-68.44
574801,411665.0,3396500.0,16,340,3,3,2585.0,12.2,498,15,14,411665,3396615,499,0,5,-76.0
574801,411665.0,3396500.0,16,340,3,3,2585.0,12.2,498,15,14,411645,3396635,500,0,6,-72.78
574801,411665.0,3396500.0,16,340,3,3,2585.0,12.2,498,15,14,411660,3396620,499,0,5,-70.67
574801,411665.0,3396500.0,16,340,3,3,2585.0,12.2,498,15,14,411625,3396575,499,0,5,-67.75
574801,411665.0,3396500.0,16,340,3,3,2585.0,12.2,498,15,14,411655,3396625,500,0,5,-70.58
574801,411665.0,3396500.0,16,340,3,3,2585.0,12.2,498,15,14,411670,3396610,499,0,5,-71.0
574801,411665.0,3396500.0,16,340,3,3,2585.0,12.2,498,15,14,411630,3396535,498,0,6,-73.92
574801,411665.0,3396500.0,16,340,3,3,2585.0,12.2,498,15,14,411635,3396540,498,0,6,-74.92
574801,411665.0,3396500.0,16,340,3,3,2585.0,12.2,498,15,14,411655,3396520,498,0,5,-74.14
574801,411665.0,3396500.0,16,340,3,3,2585.0,12.2,498,15,14,411645,3396510,498,0,6,-70.92
574801,411665.0,3396500.0,16,340,3,3,2585.0,12.2,498,15,14,411800,3396665,501,0,6,-95.0
574801,411665.0,3396500.0,16,340,3,3,2585.0,12.2,498,15,14,411640,3396505,498,0,6,-74.2
574801,411665.0,3396500.0,16,340,3,3,2585.0,12.2,498,15,14,411650,3396515,498,0,6,-72.67
574801,411665.0,3396500.0,16,340,3,3,2585.0,12.2,498,15,14,411620,3396525,498,9,14,-77.0
574801,411665.0,3396500.0,16,340,3,3,2585.0,12.2,498,15,14,411625,3396530,498,0,5,-71.33
574801,411665.0,3396500.0,16,340,3,3,2585.0,12.2,498,15,14,411660,3396485,498,15,14,-79.78
574801,411665.0,3396500.0,16,340,3,3,2585.0,12.2,498,15,14,411805,3396670,501,0,6,-93.5
574801,411665.0,3396500.0,16,340,3,3,2585.0,12.2,498,15,14,411665,3396490,498,15,14,-75.4
574801,411665.0,3396500.0,16,340,3,3,2585.0,12.2,498,15,14,408670,3395625,507,0,13,-103.0
574801,411665.0,3396500.0,16,340,3,3,2585.0,12.2,498,15,14,408700,3395675,506,12,5,-113.0
574801,411665.0,3396500.0,16,340,3,3,2585.0,12.2,498,15,14,408710,3395665,506,0,5,-101.6
574801,411665.0,3396500.0,16,340,3,3,2585.0,12.2,498,15,14,408690,3395645,506,0,5,-112.75
574801,411665.0,3396500.0,16,340,3,3,2585.0,12.2,498,15,14,408685,3395660,506,0,5,-110.0
574801,411665.0,3396500.0,16,340,3,3,2585.0,12.2,498,15,14,408705,3395680,506,0,13,-95.5
574801,411665.0,3396500.0,16,340,3,3,2585.0,12.2,498,15,14,408715,3395670,506,0,5,-104.23
574801,411665.0,3396500.0,16,340,3,3,2585.0,12.2,498,15,14,408695,3395650,506,0,13,-104.2
574801,411665.0,3396500.0,16,340,3,3,2585.0,12.2,498,15,14,411605,3396345,507,6,14,-95.0
574801,411665.0,3396500.0,16,340,3,3,2585.0,12.2,498,15,14,411600,3396350,507,6,14,-92.67
574801,411665.0,3396500.0,16,340,3,3,2585.0,12.2,498,15,14,411665,3396365,503,0,5,-93.0
574801,411665.0,3396500.0,16,340,3,3,2585.0,12.2,498,15,14,411640,3396390,504,0,5,-86.68
574801,411665.0,3396500.0,16,340,3,3,2585.0,12.2,498,15,14,411650,3396400,503,0,6,-87.81
574801,411665.0,3396500.0,16,340,3,3,2585.0,12.2,498,15,14,411615,3396355,506,6,14,-87.25
574801,411665.0,3396500.0,16,340,3,3,2585.0,12.2,498,15,14,411610,3396360,507,0,14,-95.0
574801,411665.0,3396500.0,16,340,3,3,2585.0,12.2,498,15,14,411655,3396395,503,0,5,-86.58
574801,411665.0,3396500.0,16,340,3,3,2585.0,12.2,498,15,14,411660,3396370,504,0,5,-89.93
574801,411665.0,3396500.0,16,340,3,3,2585.0,12.2,498,15,14,411630,3396340,505,0,5,-96.0
574801,411665.0,3396500.0,16,340,3,3,2585.0,12.2,498,15,14,411645,3396385,504,0,6,-90.0
574801,411665.0,3396500.0,16,340,3,3,2585.0,12.2,498,15,14,411675,3396375,503,0,5,-107.0
574801,411665.0,3396500.0,16,340,3,3,2585.0,12.2,498,15,14,411620,3396330,505,6,14,-94.0
574801,411665.0,3396500.0,16,340,3,3,2585.0,12.2,498,15,14,408735,3395855,504,0,5,-97.0
574801,411665.0,3396500.0,16,340,3,3,2585.0,12.2,498,15,14,408730,3395860,504,0,5,-102.4
574801,411665.0,3396500.0,16,340,3,3,2585.0,12.2,498,15,14,408785,3395660,507,0,5,-105.5
574801,411665.0,3396500.0,16,340,3,3,2585.0,12.2,498,15,14,408725,3395640,507,0,5,-105.3
574801,411665.0,3396500.0,16,340,3,3,2585.0,12.2,498,15,14,408720,3395635,507,0,13,-101.0
574801,411665.0,3396500.0,16,340,3,3,2585.0,12.2,498,15,14,408655,3395550,505,0,5,-117.0
574801,411665.0,3396500.0,16,340,3,3,2585.0,12.2,498,15,14,408770,3395665,507,0,13,-107.0
574801,411665.0,3396500.0,16,340,3,3,2585.0,12.2,498,15,14,408775,3395670,507,0,13,-101.67
574801,411665.0,3396500.0,16,340,3,3,2585.0,12.2,498,15,14,408760,3395675,507,18,5,-110.0
574801,411665.0,3396500.0,16,340,3,3,2585.0,12.2,498,15,14,411645,3396825,500,0,6,-92.33
574801,411665.0,3396500.0,16,340,3,3,2585.0,12.2,498,15,14,411640,3396830,500,0,6,-86.33
574801,411665.0,3396500.0,16,340,3,3,2585.0,12.2,498,15,14,411650,3396840,501,0,6,-82.0
574801,411665.0,3396500.0,16,340,3,3,2585.0,12.2,498,15,14,412010,3396235,504,0,5,-98.5
574801,411665.0,3396500.0,16,340,3,3,2585.0,12.2,498,15,14,411775,3396400,500,0,6,-89.25
574801,411665.0,3396500.0,16,340,3,3,2585.0,12.2,498,15,14,411795,3396380,501,0,5,-93.0
574801,411665.0,3396500.0,16,340,3,3,2585.0,12.2,498,15,14,411770,3396395,500,0,6,-94.4
574801,411665.0,3396500.0,16,340,3,3,2585.0,12.2,498,15,14,411740,3396405,500,0,5,-88.0
574801,411665.0,3396500.0,16,340,3,3,2585.0,12.2,498,15,14,411765,3396390,500,0,6,-90.43
574801,411665.0,3396500.0,16,340,3,3,2585.0,12.2,498,15,14,411785,3396370,501,0,6,-93.33
574801,411665.0,3396500.0,16,340,3,3,2585.0,12.2,498,15,14,411745,3396410,500,0,5,-93.5
574801,411665.0,3396500.0,16,340,3,3,2585.0,12.2,498,15,14,411760,3396385,500,0,6,-93.77
574801,411665.0,3396500.0,16,340,3,3,2585.0,12.2,498,15,14,411635,3396585,499,0,6,-69.42
574801,411665.0,3396500.0,16,340,3,3,2585.0,12.2,498,15,14,411640,3396620,500,0,6,-72.6
574801,411665.0,3396500.0,16,340,3,3,2585.0,12.2,498,15,14,411655,3396605,499,0,5,-75.07
574801,411665.0,3396500.0,16,340,3,3,2585.0,12.2,498,15,14,411660,3396640,500,0,5,-72.33
574801,411665.0,3396500.0,16,340,3,3,2585.0,12.2,498,15,14,411645,3396615,499,0,6,-70.79
574801,411665.0,3396500.0,16,340,3,3,2585.0,12.2,498,15,14,411650,3396610,499,0,6,-70.79
574801,411665.0,3396500.0,16,340,3,3,2585.0,12.2,498,15,14,411630,3396590,499,0,6,-66.63
574801,411665.0,3396500.0,16,340,3,3,2585.0,12.2,498,15,14,411620,3396600,499,12,14,-77.5
574801,411665.0,3396500.0,16,340,3,3,2585.0,12.2,498,15,14,411665,3396635,500,0,5,-72.67
574801,411665.0,3396500.0,16,340,3,3,2585.0,12.2,498,15,14,411665,3396700,500,0,5,-90.5
574801,411665.0,3396500.0,16,340,3,3,2585.0,12.2,498,15,14,411640,3396715,500,0,6,-84.75
574801,411665.0,3396500.0,16,340,3,3,2585.0,12.2,498,15,14,411660,3396695,500,0,5,-82.6
574801,411665.0,3396500.0,16,340,3,3,2585.0,12.2,498,15,14,411645,3396720,500,0,6,-86.5
574801,411665.0,3396500.0,16,340,3,3,2585.0,12.2,498,15,14,411785,3396500,500,0,6,-90.5
574801,411665.0,3396500.0,16,340,3,3,2585.0,12.2,498,15,14,411630,3396645,500,0,6,-67.29
574801,411665.0,3396500.0,16,340,3,3,2585.0,12.2,498,15,14,411635,3396650,500,0,6,-73.75
574801,411665.0,3396500.0,16,340,3,3,2585.0,12.2,498,15,14,411790,3396485,500,0,6,-91.0
574801,411665.0,3396500.0,16,340,3,3,2585.0,12.2,498,15,14,411795,3396490,501,0,6,-97.0
574801,411665.0,3396500.0,16,340,3,3,2585.0,12.2,498,15,14,411800,3396555,501,0,5,-92.67
574801,411665.0,3396500.0,16,340,3,3,2585.0,12.2,498,15,14,411625,3396660,500,0,5,-73.5
574801,411665.0,3396500.0,16,340,3,3,2585.0,12.2,498,15,14,411775,3396510,500,0,6,-89.67
574801,411665.0,3396500.0,16,340,3,3,2585.0,12.2,498,15,14,411650,3396705,500,0,6,-78.17
574801,411665.0,3396500.0,16,340,3,3,2585.0,12.2,498,15,14,411780,3396495,500,0,6,-93.33
574801,411665.0,3396500.0,16,340,3,3,2585.0,12.2,498,15,14,411620,3396655,500,5,14,-76.0
574801,411665.0,3396500.0,16,340,3,3,2585.0,12.2,498,15,14,411675,3396565,498,54,5,-72.5
574801,411665.0,3396500.0,16,340,3,3,2585.0,12.2,498,15,14,411640,3396600,499,0,6,-70.22
574801,411665.0,3396500.0,16,340,3,3,2585.0,12.2,498,15,14,411650,3396590,499,0,6,-76.18
574801,411665.0,3396500.0,16,340,3,3,2585.0,12.2,498,15,14,411645,3396595,499,0,6,-71.9
574801,411665.0,3396500.0,16,340,3,3,2585.0,12.2,498,15,14,411660,3396580,499,0,14,-70.38
574801,411665.0,3396500.0,16,340,3,3,2585.0,12.2,498,15,14,411655,3396585,499,0,5,-72.8
574801,411665.0,3396500.0,16,340,3,3,2585.0,12.2,498,15,14,411625,3396615,500,0,5,-61.67
574801,411665.0,3396500.0,16,340,3,3,2585.0,12.2,498,15,14,411630,3396610,500,0,6,-66.0
574801,411665.0,3396500.0,16,340,3,3,2585.0,12.2,498,15,14,411635,3396605,499,0,6,-72.27
574801,411665.0,3396500.0,16,340,3,3,2585.0,12.2,498,15,14,411665,3396575,499,0,14,-67.67
574801,411665.0,3396500.0,16,340,3,3,2585.0,12.2,498,15,14,408820,3395890,505,0,13,-106.5
574801,411665.0,3396500.0,16,340,3,3,2585.0,12.2,498,15,14,408695,3395785,506,6,5,-94.0
574801,411665.0,3396500.0,16,340,3,3,2585.0,12.2,498,15,14,408690,3395790,505,6,7,-103.0
574801,411665.0,3396500.0,16,340,3,3,2585.0,12.2,498,15,14,408675,3395805,505,0,7,-94.43
574801,411665.0,3396500.0,16,340,3,3,2585.0,12.2,498,15,14,408685,3395795,505,0,7,-86.0
574801,411665.0,3396500.0,16,340,3,3,2585.0,12.2,498,15,14,408700,3395780,506,0,5,-90.25
574801,411665.0,3396500.0,16,340,3,3,2585.0,12.2,498,15,14,408705,3395775,506,0,13,-91.71
574801,411665.0,3396500.0,16,340,3,3,2585.0,12.2,498,15,14,408680,3395800,505,0,7,-88.14
574801,411665.0,3396500.0,16,340,3,3,2585.0,12.2,498,15,14,408795,3395685,507,18,5,-97.5
574801,411665.0,3396500.0,16,340,3,3,2585.0,12.2,498,15,14,408725,3395755,506,0,5,-87.44
574801,411665.0,3396500.0,16,340,3,3,2585.0,12.2,498,15,14,408800,3395680,507,0,12,-102.5
574801,411665.0,3396500.0,16,340,3,3,2585.0,12.2,498,15,14,408710,3395770,506,0,5,-84.44
574801,411665.0,3396500.0,16,340,3,3,2585.0,12.2,498,15,14,408665,3395815,506,0,5,-80.5
574801,411665.0,3396500.0,16,340,3,3,2585.0,12.2,498,15,14,408670,3395810,505,0,7,-83.17
574801,411665.0,3396500.0,16,340,3,3,2585.0,12.2,498,15,14,408715,3395765,506,0,5,-85.42
574801,411665.0,3396500.0,16,340,3,3,2585.0,12.2,498,15,14,408810,3395670,507,0,5,-119.0
574801,411665.0,3396500.0,16,340,3,3,2585.0,12.2,498,15,14,408760,3395720,506,0,6,-98.0
574801,411665.0,3396500.0,16,340,3,3,2585.0,12.2,498,15,14,408720,3395760,506,0,5,-92.88
574801,411665.0,3396500.0,16,340,3,3,2585.0,12.2,498,15,14,408735,3395745,506,21,13,-107.5
574801,411665.0,3396500.0,16,340,3,3,2585.0,12.2,498,15,14,408655,3395825,506,0,5,-104.0
574801,411665.0,3396500.0,16,340,3,3,2585.0,12.2,498,15,14,411795,3396690,500,0,6,-94.0
574801,411665.0,3396500.0,16,340,3,3,2585.0,12.2,498,15,14,411800,3396675,500,0,6,-99.0
574801,411665.0,3396500.0,16,340,3,3,2585.0,12.2,498,15,14,411660,3396495,498,15,14,-71.0
574801,411665.0,3396500.0,16,340,3,3,2585.0,12.2,498,15,14,411635,3396530,498,0,6,-73.13
574801,411665.0,3396500.0,16,340,3,3,2585.0,12.2,498,15,14,411805,3396680,500,0,6,-95.67
574801,411665.0,3396500.0,16,340,3,3,2585.0,12.2,498,15,14,411625,3396540,498,0,5,-72.57
574801,411665.0,3396500.0,16,340,3,3,2585.0,12.2,498,15,14,411645,3396520,498,0,6,-73.22
574801,411665.0,3396500.0,16,340,3,3,2585.0,12.2,498,15,14,411650,3396505,498,0,6,-73.85
574801,411665.0,3396500.0,16,340,3,3,2585.0,12.2,498,15,14,411640,3396515,498,0,6,-73.0
574801,411665.0,3396500.0,16,340,3,3,2585.0,12.2,498,15,14,411630,3396525,498,0,6,-72.64
574801,411665.0,3396500.0,16,340,3,3,2585.0,12.2,498,15,14,411655,3396510,498,0,5,-77.2
574801,411665.0,3396500.0,16,340,3,3,2585.0,12.2,498,15,14,411710,3396535,498,6,7,-85.0
574801,411665.0,3396500.0,16,340,3,3,2585.0,12.2,498,15,14,411660,3396725,500,0,5,-83.5
574801,411665.0,3396500.0,16,340,3,3,2585.0,12.2,498,15,14,411695,3396560,498,0,7,-76.0
574801,411665.0,3396500.0,16,340,3,3,2585.0,12.2,498,15,14,411690,3396555,498,0,7,-84.5
574801,411665.0,3396500.0,16,340,3,3,2585.0,12.2,498,15,14,411790,3396615,501,0,6,-87.8
574801,411665.0,3396500.0,16,340,3,3,2585.0,12.2,498,15,14,411800,3396585,501,0,6,-100.5
574801,411665.0,3396500.0,16,340,3,3,2585.0,12.2,498,15,14,411780,3396605,500,0,6,-85.67
574801,411665.0,3396500.0,16,340,3,3,2585.0,12.2,498,15,14,411795,3396620,501,0,6,-87.5
574801,411665.0,3396500.0,16,340,3,3,2585.0,12.2,498,15,14,411645,3396750,500,0,6,-83.0
574801,411665.0,3396500.0,16,340,3,3,2585.0,12.2,498,15,14,411785,3396610,500,0,6,-84.5
574801,411665.0,3396500.0,16,340,3,3,2585.0,12.2,498,15,14,411650,3396755,500,0,6,-81.75
574801,411665.0,3396500.0,16,340,3,3,2585.0,12.2,498,15,14,411630,3396775,499,0,6,-89.67
574801,411665.0,3396500.0,16,340,3,3,2585.0,12.2,498,15,14,411630,3396805,499,0,6,-80.5
574801,411665.0,3396500.0,16,340,3,3,2585.0,12.2,498,15,14,411625,3396820,500,0,5,-84.0
574801,411665.0,3396500.0,16,340,3,3,2585.0,12.2,498,15,14,411635,3396810,499,0,6,-84.5
574801,411665.0,3396500.0,16,340,3,3,2585.0,12.2,498,15,14,408690,3395760,506,0,13,-97.0
574801,411665.0,3396500.0,16,340,3,3,2585.0,12.2,498,15,14,408665,3395685,505,0,5,-96.5
574801,411665.0,3396500.0,16,340,3,3,2585.0,12.2,498,15,14,408740,3395770,506,42,12,-100.67
574801,411665.0,3396500.0,16,340,3,3,2585.0,12.2,498,15,14,408675,3395695,505,12,6,-101.33
574801,411665.0,3396500.0,16,340,3,3,2585.0,12.2,498,15,14,408730,3395800,505,0,12,-97.33
574801,411665.0,3396500.0,16,340,3,3,2585.0,12.2,498,15,14,408755,3395775,506,0,5,-104.67
574801,411665.0,3396500.0,16,340,3,3,2585.0,12.2,498,15,14,408680,3395750,506,0,13,-117.0
574801,411665.0,3396500.0,16,340,3,3,2585.0,12.2,498,15,14,408660,3395690,505,0,6,-106.5
574801,411665.0,3396500.0,16,340,3,3,2585.0,12.2,498,15,14,408745,3395765,506,0,12,-102.0
574801,411665.0,3396500.0,16,340,3,3,2585.0,12.2,498,15,14,408710,3395740,506,0,5,-80.0
574801,411665.0,3396500.0,16,340,3,3,2585.0,12.2,498,15,14,408715,3395735,506,0,5,-79.38
574801,411665.0,3396500.0,16,340,3,3,2585.0,12.2,498,15,14,408670,3395700,505,0,5,-92.22
574801,411665.0,3396500.0,16,340,3,3,2585.0,12.2,498,15,14,408735,3395795,505,42,12,-94.5
574801,411665.0,3396500.0,16,340,3,3,2585.0,12.2,498,15,14,408570,3395650,506,0,13,-113.5
574801,411665.0,3396500.0,16,340,3,3,2585.0,12.2,498,15,14,408695,3395675,505,12,13,-110.5
574801,411665.0,3396500.0,16,340,3,3,2585.0,12.2,498,15,14,408705,3395645,506,0,5,-103.89
574801,411665.0,3396500.0,16,340,3,3,2585.0,12.2,498,15,14,408715,3395655,506,0,13,-100.5
574801,411665.0,3396500.0,16,340,3,3,2585.0,12.2,498,15,14,408710,3395660,506,0,13,-111.0
574801,411665.0,3396500.0,16,340,3,3,2585.0,12.2,498,15,14,408640,3395630,507,0,5,-108.33
574801,411665.0,3396500.0,16,340,3,3,2585.0,12.2,498,15,14,411755,3396435,500,0,6,-88.0
574801,411665.0,3396500.0,16,340,3,3,2585.0,12.2,498,15,14,411765,3396365,501,0,6,-91.67
574801,411665.0,3396500.0,16,340,3,3,2585.0,12.2,498,15,14,411780,3396390,501,0,6,-93.14
574801,411665.0,3396500.0,16,340,3,3,2585.0,12.2,498,15,14,411760,3396370,500,0,6,-91.5
574801,411665.0,3396500.0,16,340,3,3,2585.0,12.2,498,15,14,411795,3396395,501,0,5,-90.67
574801,411665.0,3396500.0,16,340,3,3,2585.0,12.2,498,15,14,411785,3396385,501,0,6,-93.33
574801,411665.0,3396500.0,16,340,3,3,2585.0,12.2,498,15,14,411790,3396400,501,0,5,-88.75
574801,411665.0,3396500.0,16,340,3,3,2585.0,12.2,498,15,14,411775,3396375,501,0,6,-89.8
574801,411665.0,3396500.0,16,340,3,3,2585.0,12.2,498,15,14,411770,3396380,501,0,6,-89.33
574801,411665.0,3396500.0,16,340,3,3,2585.0,12.2,498,15,14,408770,3395870,504,0,5,-103.33
574801,411665.0,3396500.0,16,340,3,3,2585.0,12.2,498,15,14,411330,3396425,504,9,6,-94.0
574801,411665.0,3396500.0,16,340,3,3,2585.0,12.2,498,15,14,411680,3396555,498,0,14,-77.5
574801,411665.0,3396500.0,16,340,3,3,2585.0,12.2,498,15,14,411660,3396735,500,0,5,-80.5
574801,411665.0,3396500.0,16,340,3,3,2585.0,12.2,498,15,14,411625,3396780,499,0,5,-101.0
574801,411665.0,3396500.0,16,340,3,3,2585.0,12.2,498,15,14,411645,3396760,500,0,6,-84.2
574801,411665.0,3396500.0,16,340,3,3,2585.0,12.2,498,15,14,411800,3396595,501,0,6,-88.5
574801,411665.0,3396500.0,16,340,3,3,2585.0,12.2,498,15,14,411785,3396620,501,0,6,-89.5
574801,411665.0,3396500.0,16,340,3,3,2585.0,12.2,498,15,14,411700,3396535,498,6,7,-85.67
574801,411665.0,3396500.0,16,340,3,3,2585.0,12.2,498,15,14,411780,3396615,500,0,6,-86.6
574801,411665.0,3396500.0,16,340,3,3,2585.0,12.2,498,15,14,411690,3396545,498,0,7,-84.5
574801,411665.0,3396500.0,16,340,3,3,2585.0,12.2,498,15,14,411795,3396610,501,0,6,-85.6
574801,411665.0,3396500.0,16,340,3,3,2585.0,12.2,498,15,14,411640,3396755,500,0,6,-84.75
574801,411665.0,3396500.0,16,340,3,3,2585.0,12.2,498,15,14,411705,3396540,498,0,7,-80.25
574801,411665.0,3396500.0,16,340,3,3,2585.0,12.2,498,15,14,411650,3396745,500,0,6,-89.0
574801,411665.0,3396500.0,16,340,3,3,2585.0,12.2,498,15,14,411735,3396510,499,0,7,-90.0
574801,411665.0,3396500.0,16,340,3,3,2585.0,12.2,498,15,14,411630,3396765,499,0,6,-82.0
574801,411665.0,3396500.0,16,340,3,3,2585.0,12.2,498,15,14,411685,3396560,498,0,5,-78.0
574801,411665.0,3396500.0,16,340,3,3,2585.0,12.2,498,15,14,411805,3396600,501,0,5,-85.5
574801,411665.0,3396500.0,16,340,3,3,2585.0,12.2,498,15,14,408700,3395680,505,0,13,-104.0
574801,411665.0,3396500.0,16,340,3,3,2585.0,12.2,498,15,14,408640,3395620,507,0,12,-110.0
574801,411665.0,3396500.0,16,340,3,3,2585.0,12.2,498,15,14,408705,3395675,506,12,5,-114.8
574801,411665.0,3396500.0,16,340,3,3,2585.0,12.2,498,15,14,408695,3395645,506,0,5,-108.33
574801,411665.0,3396500.0,16,340,3,3,2585.0,12.2,498,15,14,408690,3395650,506,0,13,-105.0
574801,411665.0,3396500.0,16,340,3,3,2585.0,12.2,498,15,14,408680,3395660,506,0,5,-103.75
574801,411665.0,3396500.0,16,340,3,3,2585.0,12.2,498,15,14,408710,3395670,506,0,5,-106.57
574801,411665.0,3396500.0,16,340,3,3,2585.0,12.2,498,15,14,408715,3395665,506,0,5,-99.0
574801,411665.0,3396500.0,16,340,3,3,2585.0,12.2,498,15,14,408825,3395795,505,0,12,-124.0
574801,411665.0,3396500.0,16,340,3,3,2585.0,12.2,498,15,14,408775,3395615,508,15,13,-115.67
574801,411665.0,3396500.0,16,340,3,3,2585.0,12.2,498,15,14,408720,3395650,507,0,5,-99.8
574801,411665.0,3396500.0,16,340,3,3,2585.0,12.2,498,15,14,408735,3395655,507,0,5,-99.58
574801,411665.0,3396500.0,16,340,3,3,2585.0,12.2,498,15,14,408725,3395645,507,0,5,-101.4
574801,411665.0,3396500.0,16,340,3,3,2585.0,12.2,498,15,14,408730,3395660,507,0,13,-97.15
574801,411665.0,3396500.0,16,340,3,3,2585.0,12.2,498,15,14,408745,3395665,507,0,13,-104.25
574801,411665.0,3396500.0,16,340,3,3,2585.0,12.2,498,15,14,408800,3395730,506,21,6,-111.5
574801,411665.0,3396500.0,16,340,3,3,2585.0,12.2,498,15,14,408740,3395670,507,18,5,-104.33
574801,411665.0,3396500.0,16,340,3,3,2585.0,12.2,498,15,14,411795,3396530,501,0,6,-90.0
574801,411665.0,3396500.0,16,340,3,3,2585.0,12.2,498,15,14,411625,3396700,500,0,5,-83.5
574801,411665.0,3396500.0,16,340,3,3,2585.0,12.2,498,15,14,411745,3396580,499,0,7,-86.0
574801,411665.0,3396500.0,16,340,3,3,2585.0,12.2,498,15,14,411635,3396690,500,0,6,-74.0
574801,411665.0,3396500.0,16,340,3,3,2585.0,12.2,498,15,14,411640,3396675,500,0,6,-75.29
574801,411665.0,3396500.0,16,340,3,3,2585.0,12.2,498,15,14,411790,3396525,500,0,6,-91.25
574801,411665.0,3396500.0,16,340,3,3,2585.0,12.2,498,15,14,411780,3396535,500,0,6,-88.43
574801,411665.0,3396500.0,16,340,3,3,2585.0,12.2,498,15,14,411650,3396665,500,0,6,-73.44
574801,411665.0,3396500.0,16,340,3,3,2585.0,12.2,498,15,14,411785,3396540,500,0,6,-91.0
574801,411665.0,3396500.0,16,340,3,3,2585.0,12.2,498,15,14,411660,3396655,500,0,5,-73.33
574801,411665.0,3396500.0,16,340,3,3,2585.0,12.2,498,15,14,411655,3396670,500,0,5,-75.18
574801,411665.0,3396500.0,16,340,3,3,2585.0,12.2,498,15,14,411645,3396680,500,0,6,-76.43
574801,411665.0,3396500.0,16,340,3,3,2585.0,12.2,498,15,14,411630,3396685,500,0,6,-80.5
574801,411665.0,3396500.0,16,340,3,3,2585.0,12.2,498,15,14,411665,3396660,500,0,5,-77.5
574801,411665.0,3396500.0,16,340,3,3,2585.0,12.2,498,15,14,411775,3396550,500,0,6,-88.4
574801,411665.0,3396500.0,16,340,3,3,2585.0,12.2,498,15,14,411800,3396515,501,0,5,-89.67
574801,411665.0,3396500.0,16,340,3,3,2585.0,12.2,498,15,14,411770,3396435,500,0,6,-86.5
574801,411665.0,3396500.0,16,340,3,3,2585.0,12.2,498,15,14,411765,3396430,500,0,6,-93.67
574801,411665.0,3396500.0,16,340,3,3,2585.0,12.2,498,15,14,411725,3396390,500,0,5,-104.5
574801,411665.0,3396500.0,16,340,3,3,2585.0,12.2,498,15,14,411755,3396380,500,0,14,-98.25
574801,411665.0,3396500.0,16,340,3,3,2585.0,12.2,498,15,14,411720,3396385,500,0,12,-98.67
574801,411665.0,3396500.0,16,340,3,3,2585.0,12.2,498,15,14,411790,3396415,501,0,5,-92.8
574801,411665.0,3396500.0,16,340,3,3,2585.0,12.2,498,15,14,411655,3396320,503,0,5,-99.0
574801,411665.0,3396500.0,16,340,3,3,2585.0,12.2,498,15,14,411785,3396410,501,0,6,-90.0
574801,411665.0,3396500.0,16,340,3,3,2585.0,12.2,498,15,14,408670,3395730,506,0,13,-76.0
574801,411665.0,3396500.0,16,340,3,3,2585.0,12.2,498,15,14,408710,3395690,506,0,13,-107.75
574801,411665.0,3396500.0,16,340,3,3,2585.0,12.2,498,15,14,408760,3395800,505,0,12,-100.25
574801,411665.0,3396500.0,16,340,3,3,2585.0,12.2,498,15,14,408715,3395685,506,0,13,-99.33
574801,411665.0,3396500.0,16,340,3,3,2585.0,12.2,498,15,14,408750,3395810,505,0,5,-99.5
574801,411665.0,3396500.0,16,340,3,3,2585.0,12.2,498,15,14,408740,3395820,505,0,5,-96.22
574801,411665.0,3396500.0,16,340,3,3,2585.0,12.2,498,15,14,408735,3395825,505,0,11,-100.78
574801,411665.0,3396500.0,16,340,3,3,2585.0,12.2,498,15,14,408795,3395765,506,0,13,-94.33
574801,411665.0,3396500.0,16,340,3,3,2585.0,12.2,498,15,14,408745,3395815,505,0,5,-99.0
574801,411665.0,3396500.0,16,340,3,3,2585.0,12.2,498,15,14,408705,3395695,506,0,5,-84.75
574801,411665.0,3396500.0,16,340,3,3,2585.0,12.2,498,15,14,408755,3395805,505,0,12,-99.67
574801,411665.0,3396500.0,16,340,3,3,2585.0,12.2,498,15,14,411615,3396340,506,6,14,-99.5
574801,411665.0,3396500.0,16,340,3,3,2585.0,12.2,498,15,14,411640,3396365,505,0,5,-87.22
574801,411665.0,3396500.0,16,340,3,3,2585.0,12.2,498,15,14,411645,3396370,505,0,6,-88.89
574801,411665.0,3396500.0,16,340,3,3,2585.0,12.2,498,15,14,411650,3396375,504,0,6,-88.62
574801,411665.0,3396500.0,16,340,3,3,2585.0,12.2,498,15,14,411660,3396385,503,0,5,-88.17
574801,411665.0,3396500.0,16,340,3,3,2585.0,12.2,498,15,14,411635,3396360,505,0,5,-92.0
574801,411665.0,3396500.0,16,340,3,3,2585.0,12.2,498,15,14,411665,3396390,502,0,5,-93.67
574801,411665.0,3396500.0,16,340,3,3,2585.0,12.2,498,15,14,411630,3396355,505,0,5,-89.4
574801,411665.0,3396500.0,16,340,3,3,2585.0,12.2,498,15,14,411625,3396350,506,6,14,-91.17
574801,411665.0,3396500.0,16,340,3,3,2585.0,12.2,498,15,14,411620,3396345,506,6,14,-91.0
574801,411665.0,3396500.0,16,340,3,3,2585.0,12.2,498,15,14,411655,3396380,504,0,5,-86.29
574801,411665.0,3396500.0,16,340,3,3,2585.0,12.2,498,15,14,411610,3396335,506,6,14,-93.0
574801,411665.0,3396500.0,16,340,3,3,2585.0,12.2,498,15,14,411605,3396370,507,0,14,-87.33
574801,411665.0,3396500.0,16,340,3,3,2585.0,12.2,498,15,14,411615,3396380,506,0,14,-95.0
574801,411665.0,3396500.0,16,340,3,3,2585.0,12.2,498,15,14,411620,3396385,505,0,14,-93.43
574801,411665.0,3396500.0,16,340,3,3,2585.0,12.2,498,15,14,411630,3396395,504,0,5,-90.12
574801,411665.0,3396500.0,16,340,3,3,2585.0,12.2,498,15,14,411600,3396365,508,0,14,-97.4
574801,411665.0,3396500.0,16,340,3,3,2585.0,12.2,498,15,14,411625,3396390,505,0,14,-89.58
574801,411665.0,3396500.0,16,340,3,3,2585.0,12.2,498,15,14,411635,3396400,503,0,5,-87.29
574801,411665.0,3396500.0,16,340,3,3,2585.0,12.2,498,15,14,411670,3396355,503,0,12,-97.0
574801,411665.0,3396500.0,16,340,3,3,2585.0,12.2,498,15,14,411610,3396375,507,0,14,-95.13
574801,411665.0,3396500.0,16,340,3,3,2585.0,12.2,498,15,14,411495,3396500,501,0,14,-96.0
574801,411665.0,3396500.0,16,340,3,3,2585.0,12.2,498,15,14,411490,3396495,501,0,5,-91.5
574801,411665.0,3396500.0,16,340,3,3,2585.0,12.2,498,15,14,408690,3395660,506,0,5,-117.5
574801,411665.0,3396500.0,16,340,3,3,2585.0,12.2,498,15,14,408670,3395640,506,0,5,-101.5
574801,411665.0,3396500.0,16,340,3,3,2585.0,12.2,498,15,14,408715,3395675,506,0,5,-105.5
574801,411665.0,3396500.0,16,340,3,3,2585.0,12.2,498,15,14,408705,3395665,506,0,5,-107.0
574801,411665.0,3396500.0,16,340,3,3,2585.0,12.2,498,15,14,408685,3395645,506,0,5,-105.2
574801,411665.0,3396500.0,16,340,3,3,2585.0,12.2,498,15,14,408710,3395680,506,0,13,-104.6
574801,411665.0,3396500.0,16,340,3,3,2585.0,12.2,498,15,14,408840,3395810,505,12,13,-120.0
574801,411665.0,3396500.0,16,340,3,3,2585.0,12.2,498,15,14,408700,3395670,506,12,5,-110.33
574801,411665.0,3396500.0,16,340,3,3,2585.0,12.2,498,15,14,408705,3395625,507,18,5,-108.0
574801,411665.0,3396500.0,16,340,3,3,2585.0,12.2,498,15,14,408715,3395635,507,0,13,-103.33
574801,411665.0,3396500.0,16,340,3,3,2585.0,12.2,498,15,14,408710,3395640,507,0,5,-94.83
574801,411665.0,3396500.0,16,340,3,3,2585.0,12.2,498,15,14,411670,3396535,498,0,14,-80.0
574801,411665.0,3396500.0,16,340,3,3,2585.0,12.2,498,15,14,411655,3396560,498,0,5,-73.85
574801,411665.0,3396500.0,16,340,3,3,2585.0,12.2,498,15,14,411640,3396545,498,0,6,-76.07
574801,411665.0,3396500.0,16,340,3,3,2585.0,12.2,498,15,14,411635,3396500,498,0,6,-72.0
574801,411665.0,3396500.0,16,340,3,3,2585.0,12.2,498,15,14,411630,3396495,498,0,6,-76.06
574801,411665.0,3396500.0,16,340,3,3,2585.0,12.2,498,15,14,411660,3396525,498,15,14,-70.2
574801,411665.0,3396500.0,16,340,3,3,2585.0,12.2,498,15,14,411650,3396555,498,0,6,-72.53
574801,411665.0,3396500.0,16,340,3,3,2585.0,12.2,498,15,14,411800,3396705,500,0,6,-93.0
574801,411665.0,3396500.0,16,340,3,3,2585.0,12.2,498,15,14,411645,3396550,498,0,6,-75.45
574801,411665.0,3396500.0,16,340,3,3,2585.0,12.2,498,15,14,411795,3396660,501,0,6,-92.0
574801,411665.0,3396500.0,16,340,3,3,2585.0,12.2,498,15,14,411675,3396540,498,0,5,-86.0
574801,411665.0,3396500.0,16,340,3,3,2585.0,12.2,498,15,14,411625,3396490,498,0,5,-79.67
574801,411665.0,3396500.0,16,340,3,3,2585.0,12.2,498,15,14,411665,3396530,498,15,14,-75.33
574801,411665.0,3396500.0,16,340,3,3,2585.0,12.2,498,15,14,411620,3396540,498,9,14,-76.5
574801,411665.0,3396500.0,16,340,3,3,2585.0,12.2,498,15,14,411625,3396535,498,0,5,-74.0
574801,411665.0,3396500.0,16,340,3,3,2585.0,12.2,498,15,14,411660,3396500,498,15,14,-73.23
574801,411665.0,3396500.0,16,340,3,3,2585.0,12.2,498,15,14,411645,3396515,498,0,6,-73.25
574801,411665.0,3396500.0,16,340,3,3,2585.0,12.2,498,15,14,411635,3396525,498,0,6,-71.28
574801,411665.0,3396500.0,16,340,3,3,2585.0,12.2,498,15,14,411640,3396520,498,0,6,-74.0
574801,411665.0,3396500.0,16,340,3,3,2585.0,12.2,498,15,14,411800,3396680,500,0,6,-93.0
574801,411665.0,3396500.0,16,340,3,3,2585.0,12.2,498,15,14,411655,3396505,498,0,5,-76.44
574801,411665.0,3396500.0,16,340,3,3,2585.0,12.2,498,15,14,411650,3396510,498,0,6,-73.83
574801,411665.0,3396500.0,16,340,3,3,2585.0,12.2,498,15,14,411665,3396495,498,15,14,-77.0
574801,411665.0,3396500.0,16,340,3,3,2585.0,12.2,498,15,14,411630,3396530,498,0,6,-73.33
574801,411665.0,3396500.0,16,340,3,3,2585.0,12.2,498,15,14,411670,3396490,498,15,5,-79.5
574801,411665.0,3396500.0,16,340,3,3,2585.0,12.2,498,15,14,408655,3395695,505,0,5,-100.0
574801,411665.0,3396500.0,16,340,3,3,2585.0,12.2,498,15,14,408710,3395760,506,0,5,-95.0
574801,411665.0,3396500.0,16,340,3,3,2585.0,12.2,498,15,14,408720,3395770,506,0,5,-92.0
574801,411665.0,3396500.0,16,340,3,3,2585.0,12.2,498,15,14,408745,3395785,506,0,5,-93.25
574801,411665.0,3396500.0,16,340,3,3,2585.0,12.2,498,15,14,408675,3395715,505,12,5,-88.0
574801,411665.0,3396500.0,16,340,3,3,2585.0,12.2,498,15,14,408755,3395795,505,0,5,-103.6
574801,411665.0,3396500.0,16,340,3,3,2585.0,12.2,498,15,14,408750,3395800,505,0,12,-110.71
574801,411665.0,3396500.0,16,340,3,3,2585.0,12.2,498,15,14,408715,3395755,506,0,5,-89.82
574801,411665.0,3396500.0,16,340,3,3,2585.0,12.2,498,15,14,408665,3395705,505,0,5,-91.5
574801,411665.0,3396500.0,16,340,3,3,2585.0,12.2,498,15,14,408685,3395725,506,0,13,-81.5
574801,411665.0,3396500.0,16,340,3,3,2585.0,12.2,498,15,14,411675,3396505,498,0,5,-75.0
574801,411665.0,3396500.0,16,340,3,3,2585.0,12.2,498,15,14,411670,3396510,498,15,14,-82.5
574801,411665.0,3396500.0,16,340,3,3,2585.0,12.2,498,15,14,411615,3396525,499,9,14,-76.0
574801,411665.0,3396500.0,16,340,3,3,2585.0,12.2,498,15,14,411660,3396520,498,15,14,-72.8
574801,411665.0,3396500.0,16,340,3,3,2585.0,12.2,498,15,14,411655,3396485,498,0,5,-79.1
574801,411665.0,3396500.0,16,340,3,3,2585.0,12.2,498,15,14,411650,3396490,498,0,6,-77.47
574801,411665.0,3396500.0,16,340,3,3,2585.0,12.2,498,15,14,411635,3396545,498,0,6,-73.35
574801,411665.0,3396500.0,16,340,3,3,2585.0,12.2,498,15,14,411805,3396655,501,0,5,-96.67
574801,411665.0,3396500.0,16,340,3,3,2585.0,12.2,498,15,14,411800,3396660,501,0,6,-92.5
574801,411665.0,3396500.0,16,340,3,3,2585.0,12.2,498,15,14,411645,3396495,498,0,6,-77.58
574801,411665.0,3396500.0,16,340,3,3,2585.0,12.2,498,15,14,411630,3396550,498,0,6,-70.2
574801,411665.0,3396500.0,16,340,3,3,2585.0,12.2,498,15,14,411640,3396500,498,0,6,-76.43
574801,411665.0,3396500.0,16,340,3,3,2585.0,12.2,498,15,14,411665,3396515,498,15,14,-78.25
574801,411665.0,3396500.0,16,340,3,3,2585.0,12.2,498,15,14,411625,3396555,498,0,5,-68.2
574801,411665.0,3396500.0,16,340,3,3,2585.0,12.2,498,15,14,411720,3396545,498,0,7,-84.0
574801,411665.0,3396500.0,16,340,3,3,2585.0,12.2,498,15,14,411690,3396515,498,0,7,-93.5
574801,411665.0,3396500.0,16,340,3,3,2585.0,12.2,498,15,14,411630,3396735,500,0,6,-81.5
574801,411665.0,3396500.0,16,340,3,3,2585.0,12.2,498,15,14,411750,3396535,499,0,7,-85.0
574801,411665.0,3396500.0,16,340,3,3,2585.0,12.2,498,15,14,411655,3396800,500,0,5,-82.5
574801,411665.0,3396500.0,16,340,3,3,2585.0,12.2,498,15,14,411640,3396785,499,0,6,-87.0
574801,411665.0,3396500.0,16,340,3,3,2585.0,12.2,498,15,14,411775,3396600,500,0,6,-86.0
574801,411665.0,3396500.0,16,340,3,3,2585.0,12.2,498,15,14,411780,3396565,500,0,6,-85.33
574801,411665.0,3396500.0,16,340,3,3,2585.0,12.2,498,15,14,411800,3396625,501,0,6,-89.5
574801,411665.0,3396500.0,16,340,3,3,2585.0,12.2,498,15,14,411790,3396575,501,0,6,-91.33
574801,411665.0,3396500.0,16,340,3,3,2585.0,12.2,498,15,14,411795,3396580,501,0,6,-88.5
574801,411665.0,3396500.0,16,340,3,3,2585.0,12.2,498,15,14,411635,3396740,500,0,6,-83.33
574801,411665.0,3396500.0,16,340,3,3,2585.0,12.2,498,15,14,411760,3396585,500,0,14,-100.0
574801,411665.0,3396500.0,16,340,3,3,2585.0,12.2,498,15,14,411650,3396795,500,0,6,-94.0
574801,411665.0,3396500.0,16,340,3,3,2585.0,12.2,498,15,14,411660,3396765,500,0,6,-85.0
574801,411665.0,3396500.0,16,340,3,3,2585.0,12.2,498,15,14,411665,3396770,500,0,5,-92.0
574801,411665.0,3396500.0,16,340,3,3,2585.0,12.2,498,15,14,411340,3396445,504,9,6,-96.5
574801,411665.0,3396500.0,16,340,3,3,2585.0,12.2,498,15,14,411645,3396790,500,0,6,-88.75
574801,411665.0,3396500.0,16,340,3,3,2585.0,12.2,498,15,14,408645,3395740,506,0,13,-84.0
574801,411665.0,3396500.0,16,340,3,3,2585.0,12.2,498,15,14,408695,3395690,505,0,5,-105.5
574801,411665.0,3396500.0,16,340,3,3,2585.0,12.2,498,15,14,408745,3395840,504,0,5,-95.67
574801,411665.0,3396500.0,16,340,3,3,2585.0,12.2,498,15,14,408730,3395805,505,0,5,-97.0
574801,411665.0,3396500.0,16,340,3,3,2585.0,12.2,498,15,14,408680,3395695,505,12,6,-99.0
574801,411665.0,3396500.0,16,340,3,3,2585.0,12.2,498,15,14,408715,3395710,506,0,5,-98.0
574801,411665.0,3396500.0,16,340,3,3,2585.0,12.2,498,15,14,408735,3395810,505,0,5,-88.5
574801,411665.0,3396500.0,16,340,3,3,2585.0,12.2,498,15,14,408765,3395780,506,0,5,-112.38
574801,411665.0,3396500.0,16,340,3,3,2585.0,12.2,498,15,14,408740,3395835,504,0,11,-98.33
574801,411665.0,3396500.0,16,340,3,3,2585.0,12.2,498,15,14,408780,3395795,505,42,5,-112.5
574801,411665.0,3396500.0,16,340,3,3,2585.0,12.2,498,15,14,408745,3395675,507,18,5,-99.67
574801,411665.0,3396500.0,16,340,3,3,2585.0,12.2,498,15,14,408735,3395645,507,0,5,-100.69
574801,411665.0,3396500.0,16,340,3,3,2585.0,12.2,498,15,14,408755,3395665,507,0,13,-101.0
574801,411665.0,3396500.0,16,340,3,3,2585.0,12.2,498,15,14,408730,3395650,507,0,5,-103.04
574801,411665.0,3396500.0,16,340,3,3,2585.0,12.2,498,15,14,408750,3395670,507,18,5,-100.5
574801,411665.0,3396500.0,16,340,3,3,2585.0,12.2,498,15,14,408720,3395660,506,0,5,-101.67
574801,411665.0,3396500.0,16,340,3,3,2585.0,12.2,498,15,14,408725,3395655,507,0,13,-98.89
574801,411665.0,3396500.0,16,340,3,3,2585.0,12.2,498,15,14,408825,3395755,505,0,13,-108.5
574801,411665.0,3396500.0,16,340,3,3,2585.0,12.2,498,15,14,411695,3396610,499,0,5,-64.0
574801,411665.0,3396500.0,16,340,3,3,2585.0,12.2,498,15,14,411765,3396540,500,5,14,-84.0
574801,411665.0,3396500.0,16,340,3,3,2585.0,12.2,498,15,14,411760,3396535,499,0,14,-83.0
574801,411665.0,3396500.0,16,340,3,3,2585.0,12.2,498,15,14,411770,3396525,500,0,6,-88.0
574801,411665.0,3396500.0,16,340,3,3,2585.0,12.2,498,15,14,411615,3396690,500,0,5,-87.0
574801,411665.0,3396500.0,16,340,3,3,2585.0,12.2,498,15,14,411610,3396685,500,0,5,-79.5
574801,411665.0,3396500.0,16,340,3,3,2585.0,12.2,498,15,14,411790,3396545,500,0,6,-99.0
574801,411665.0,3396500.0,16,340,3,3,2585.0,12.2,498,15,14,411660,3396675,500,0,5,-77.25
574801,411665.0,3396500.0,16,340,3,3,2585.0,12.2,498,15,14,411750,3396585,499,0,7,-97.33
574801,411665.0,3396500.0,16,340,3,3,2585.0,12.2,498,15,14,411775,3396530,500,0,6,-88.25
574801,411665.0,3396500.0,16,340,3,3,2585.0,12.2,498,15,14,411780,3396555,500,0,6,-91.2
574801,411665.0,3396500.0,16,340,3,3,2585.0,12.2,498,15,14,411640,3396655,500,0,6,-72.2
574801,411665.0,3396500.0,16,340,3,3,2585.0,12.2,498,15,14,411795,3396550,501,0,6,-92.71
574801,411665.0,3396500.0,16,340,3,3,2585.0,12.2,498,15,14,411650,3396645,500,0,6,-69.67
574801,411665.0,3396500.0,16,340,3,3,2585.0,12.2,498,15,14,411785,3396560,500,0,6,-90.0
574801,411665.0,3396500.0,16,340,3,3,2585.0,12.2,498,15,14,411645,3396660,500,0,6,-72.75
574801,411665.0,3396500.0,16,340,3,3,2585.0,12.2,498,15,14,411655,3396650,500,0,5,-72.57
574801,411665.0,3396500.0,16,340,3,3,2585.0,12.2,498,15,14,411635,3396710,500,0,6,-89.33
574801,411665.0,3396500.0,16,340,3,3,2585.0,12.2,498,15,14,411635,3396890,502,0,6,-85.5
574801,411665.0,3396500.0,16,340,3,3,2585.0,12.2,498,15,14,408710,3395860,504,0,5,-103.0
574801,411665.0,3396500.0,16,340,3,3,2585.0,12.2,498,15,14,408715,3395855,504,0,5,-95.0
574801,411665.0,3396500.0,16,340,3,3,2585.0,12.2,498,15,14,411655,3396720,500,0,5,-88.0
574801,411665.0,3396500.0,16,340,3,3,2585.0,12.2,498,15,14,411650,3396715,500,0,6,-87.5
574801,411665.0,3396500.0,16,340,3,3,2585.0,12.2,498,15,14,411645,3396710,500,0,6,-70.0
574801,411665.0,3396500.0,16,340,3,3,2585.0,12.2,498,15,14,411775,3396520,500,0,6,-81.5
574801,411665.0,3396500.0,16,340,3,3,2585.0,12.2,498,15,14,411790,3396495,500,0,6,-88.0
574801,411665.0,3396500.0,16,340,3,3,2585.0,12.2,498,15,14,411660,3396685,500,0,5,-83.83
574801,411665.0,3396500.0,16,340,3,3,2585.0,12.2,498,15,14,411640,3396705,500,0,6,-76.0
574801,411665.0,3396500.0,16,340,3,3,2585.0,12.2,498,15,14,411635,3396660,500,0,6,-71.53
574801,411665.0,3396500.0,16,340,3,3,2585.0,12.2,498,15,14,411780,3396485,500,0,6,-91.6
574801,411665.0,3396500.0,16,340,3,3,2585.0,12.2,498,15,14,411630,3396655,500,0,6,-69.2
574801,411665.0,3396500.0,16,340,3,3,2585.0,12.2,498,15,14,411795,3396500,501,0,6,-89.33
574801,411665.0,3396500.0,16,340,3,3,2585.0,12.2,498,15,14,411625,3396650,500,0,5,-58.0
574801,411665.0,3396500.0,16,340,3,3,2585.0,12.2,498,15,14,411785,3396490,500,0,6,-95.2
574801,411665.0,3396500.0,16,340,3,3,2585.0,12.2,498,15,14,411770,3396515,500,0,6,-86.33
574801,411665.0,3396500.0,16,340,3,3,2585.0,12.2,498,15,14,408740,3395640,507,18,13,-101.75
574801,411665.0,3396500.0,16,340,3,3,2585.0,12.2,498,15,14,408745,3395635,507,18,5,-104.5
574801,411665.0,3396500.0,16,340,3,3,2585.0,12.2,498,15,14,408765,3395655,507,0,5,-106.43
574801,411665.0,3396500.0,16,340,3,3,2585.0,12.2,498,15,14,408785,3395675,507,0,12,-105.5
574801,411665.0,3396500.0,16,340,3,3,2585.0,12.2,498,15,14,408770,3395650,507,0,5,-101.5
574801,411665.0,3396500.0,16,340,3,3,2585.0,12.2,498,15,14,408760,3395660,507,0,5,-105.0
574801,411665.0,3396500.0,16,340,3,3,2585.0,12.2,498,15,14,408790,3395670,507,0,12,-108.0
574801,411665.0,3396500.0,16,340,3,3,2585.0,12.2,498,15,14,408725,3395615,507,0,5,-118.5
574801,411665.0,3396500.0,16,340,3,3,2585.0,12.2,498,15,14,408775,3395645,507,18,13,-115.33
574801,411665.0,3396500.0,16,340,3,3,2585.0,12.2,498,15,14,411645,3396560,498,0,6,-70.82
574801,411665.0,3396500.0,16,340,3,3,2585.0,12.2,498,15,14,411630,3396485,498,0,6,-78.05
574801,411665.0,3396500.0,16,340,3,3,2585.0,12.2,498,15,14,411660,3396535,498,0,14,-76.75
574801,411665.0,3396500.0,16,340,3,3,2585.0,12.2,498,15,14,411635,3396490,498,0,6,-76.0
574801,411665.0,3396500.0,16,340,3,3,2585.0,12.2,498,15,14,411650,3396545,498,0,6,-72.21
574801,411665.0,3396500.0,16,340,3,3,2585.0,12.2,498,15,14,411640,3396555,498,0,6,-73.33
574801,411665.0,3396500.0,16,340,3,3,2585.0,12.2,498,15,14,411655,3396550,498,0,5,-73.5
574801,411665.0,3396500.0,16,340,3,3,2585.0,12.2,498,15,14,411625,3396500,498,0,5,-80.25
574801,411665.0,3396500.0,16,340,3,3,2585.0,12.2,498,15,14,411675,3396530,498,15,5,-76.5
574801,411665.0,3396500.0,16,340,3,3,2585.0,12.2,498,15,14,411795,3396650,501,0,6,-88.78
574801,411665.0,3396500.0,16,340,3,3,2585.0,12.2,498,15,14,411370,3396425,505,9,11,-94.5
574801,411665.0,3396500.0,16,340,3,3,2585.0,12.2,498,15,14,411625,3396835,500,0,5,-82.5
574801,411665.0,3396500.0,16,340,3,3,2585.0,12.2,498,15,14,411770,3396530,500,0,6,-85.5
574801,411665.0,3396500.0,16,340,3,3,2585.0,12.2,498,15,14,411640,3396660,500,0,6,-69.4
574801,411665.0,3396500.0,16,340,3,3,2585.0,12.2,498,15,14,411660,3396680,500,0,5,-77.83
574801,411665.0,3396500.0,16,340,3,3,2585.0,12.2,498,15,14,411775,3396525,500,0,6,-86.25
574801,411665.0,3396500.0,16,340,3,3,2585.0,12.2,498,15,14,411655,3396645,500,0,5,-70.94
574801,411665.0,3396500.0,16,340,3,3,2585.0,12.2,498,15,14,411795,3396545,501,0,6,-90.5
574801,411665.0,3396500.0,16,340,3,3,2585.0,12.2,498,15,14,411650,3396650,500,0,6,-69.27
574801,411665.0,3396500.0,16,340,3,3,2585.0,12.2,498,15,14,411645,3396655,500,0,6,-73.33
574801,411665.0,3396500.0,16,340,3,3,2585.0,12.2,498,15,14,411750,3396590,499,6,7,-88.0
574801,411665.0,3396500.0,16,340,3,3,2585.0,12.2,498,15,14,411780,3396560,500,0,6,-92.33
574801,411665.0,3396500.0,16,340,3,3,2585.0,12.2,498,15,14,411790,3396550,501,0,6,-83.33
574801,411665.0,3396500.0,16,340,3,3,2585.0,12.2,498,15,14,411630,3396710,500,0,6,-82.5
574801,411665.0,3396500.0,16,340,3,3,2585.0,12.2,498,15,14,411810,3396660,501,0,5,-96.0
574801,411665.0,3396500.0,16,340,3,3,2585.0,12.2,498,15,14,411635,3396555,498,0,6,-72.0
574801,411665.0,3396500.0,16,340,3,3,2585.0,12.2,498,15,14,411805,3396645,501,0,5,-89.0
574801,411665.0,3396500.0,16,340,3,3,2585.0,12.2,498,15,14,411640,3396490,498,0,6,-77.29
574801,411665.0,3396500.0,16,340,3,3,2585.0,12.2,498,15,14,411650,3396500,498,0,6,-75.44
574801,411665.0,3396500.0,16,340,3,3,2585.0,12.2,498,15,14,411655,3396495,498,0,5,-77.9
574801,411665.0,3396500.0,16,340,3,3,2585.0,12.2,498,15,14,411645,3396485,498,0,6,-79.0
574801,411665.0,3396500.0,16,340,3,3,2585.0,12.2,498,15,14,411660,3396510,498,15,14,-69.67
574801,411665.0,3396500.0,16,340,3,3,2585.0,12.2,498,15,14,411665,3396505,498,15,14,-80.67
574801,411665.0,3396500.0,16,340,3,3,2585.0,12.2,498,15,14,411630,3396560,498,0,6,-70.27
574801,411665.0,3396500.0,16,340,3,3,2585.0,12.2,498,15,14,411620,3396550,498,9,5,-64.5
574801,411665.0,3396500.0,16,340,3,3,2585.0,12.2,498,15,14,411790,3396445,501,0,6,-92.5
574801,411665.0,3396500.0,16,340,3,3,2585.0,12.2,498,15,14,411695,3396390,501,0,5,-99.33
574801,411665.0,3396500.0,16,340,3,3,2585.0,12.2,498,15,14,411715,3396370,500,0,12,-93.0
574801,411665.0,3396500.0,16,340,3,3,2585.0,12.2,498,15,14,411795,3396450,501,0,6,-87.0
574801,411665.0,3396500.0,16,340,3,3,2585.0,12.2,498,15,14,411785,3396460,500,0,6,-94.33
574801,411665.0,3396500.0,16,340,3,3,2585.0,12.2,498,15,14,411775,3396470,500,0,6,-95.4
574801,411665.0,3396500.0,16,340,3,3,2585.0,12.2,498,15,14,411770,3396465,500,0,6,-90.0
574801,411665.0,3396500.0,16,340,3,3,2585.0,12.2,498,15,14,411780,3396455,500,0,6,-91.25
574801,411665.0,3396500.0,16,340,3,3,2585.0,12.2,498,15,14,411685,3396565,498,54,5,-75.5
574801,411665.0,3396500.0,16,340,3,3,2585.0,12.2,498,15,14,411640,3396690,500,0,6,-74.0
574801,411665.0,3396500.0,16,340,3,3,2585.0,12.2,498,15,14,411785,3396505,500,0,6,-95.25
574801,411665.0,3396500.0,16,340,3,3,2585.0,12.2,498,15,14,411625,3396665,500,0,5,-67.91
574801,411665.0,3396500.0,16,340,3,3,2585.0,12.2,498,15,14,411650,3396700,500,0,6,-83.86
574801,411665.0,3396500.0,16,340,3,3,2585.0,12.2,498,15,14,411350,3396400,505,0,11,-94.0
574801,411665.0,3396500.0,16,340,3,3,2585.0,12.2,498,15,14,411795,3396515,501,0,6,-97.67
574801,411665.0,3396500.0,16,340,3,3,2585.0,12.2,498,15,14,411775,3396495,500,0,6,-91.25
574801,411665.0,3396500.0,16,340,3,3,2585.0,12.2,498,15,14,411780,3396510,500,0,6,-93.67
574801,411665.0,3396500.0,16,340,3,3,2585.0,12.2,498,15,14,411645,3396685,500,0,6,-77.22
574801,411665.0,3396500.0,16,340,3,3,2585.0,12.2,498,15,14,411630,3396680,500,0,6,-75.0
574801,411665.0,3396500.0,16,340,3,3,2585.0,12.2,498,15,14,411805,3396525,501,0,5,-94.0
574801,411665.0,3396500.0,16,340,3,3,2585.0,12.2,498,15,14,411635,3396675,500,0,6,-75.6
574801,411665.0,3396500.0,16,340,3,3,2585.0,12.2,498,15,14,408645,3395845,506,0,13,-91.0
574801,411665.0,3396500.0,16,340,3,3,2585.0,12.2,498,15,14,411655,3396630,500,0,5,-71.55
574801,411665.0,3396500.0,16,340,3,3,2585.0,12.2,498,15,14,411650,3396625,500,0,6,-71.0
574801,411665.0,3396500.0,16,340,3,3,2585.0,12.2,498,15,14,411645,3396640,500,0,6,-68.5
574801,411665.0,3396500.0,16,340,3,3,2585.0,12.2,498,15,14,411640,3396635,500,0,6,-68.83
574801,411665.0,3396500.0,16,340,3,3,2585.0,12.2,498,15,14,411625,3396580,499,0,5,-73.57
574801,411665.0,3396500.0,16,340,3,3,2585.0,12.2,498,15,14,411630,3396565,498,0,6,-68.64
574801,411665.0,3396500.0,16,340,3,3,2585.0,12.2,498,15,14,411620,3396575,499,12,5,-69.0
574801,411665.0,3396500.0,16,340,3,3,2585.0,12.2,498,15,14,411660,3396615,499,0,5,-71.0
574801,411665.0,3396500.0,16,340,3,3,2585.0,12.2,498,15,14,411635,3396570,499,0,6,-69.73
574801,411665.0,3396500.0,16,340,3,3,2585.0,12.2,498,15,14,411670,3396605,499,0,5,-75.5
574801,411665.0,3396500.0,16,340,3,3,2585.0,12.2,498,15,14,411660,3396490,498,15,14,-75.33
574801,411665.0,3396500.0,16,340,3,3,2585.0,12.2,498,15,14,411625,3396525,498,0,5,-74.33
574801,411665.0,3396500.0,16,340,3,3,2585.0,12.2,498,15,14,411655,3396515,498,0,5,-71.5
574801,411665.0,3396500.0,16,340,3,3,2585.0,12.2,498,15,14,411635,3396535,498,0,6,-72.65
574801,411665.0,3396500.0,16,340,3,3,2585.0,12.2,498,15,14,411650,3396520,498,0,6,-71.07
574801,411665.0,3396500.0,16,340,3,3,2585.0,12.2,498,15,14,411665,3396485,498,15,14,-83.67
574801,411665.0,3396500.0,16,340,3,3,2585.0,12.2,498,15,14,411645,3396505,498,0,6,-72.96
574801,411665.0,3396500.0,16,340,3,3,2585.0,12.2,498,15,14,411800,3396670,501,0,6,-95.0
574801,411665.0,3396500.0,16,340,3,3,2585.0,12.2,498,15,14,411640,3396510,498,0,6,-74.93
574801,411665.0,3396500.0,16,340,3,3,2585.0,12.2,498,15,14,411630,3396540,498,0,6,-71.17
574801,411665.0,3396500.0,16,340,3,3,2585.0,12.2,498,15,14,411620,3396530,498,0,14,-72.5
574801,411665.0,3396500.0,16,340,3,3,2585.0,12.2,498,15,14,408765,3395775,506,0,12,-108.0
574801,411665.0,3396500.0,16,340,3,3,2585.0,12.2,498,15,14,408700,3395720,506,12,5,-86.0
574801,411665.0,3396500.0,16,340,3,3,2585.0,12.2,498,15,14,408710,3395710,506,0,5,-89.0
574801,411665.0,3396500.0,16,340,3,3,2585.0,12.2,498,15,14,408735,3395805,505,0,12,-93.5
574801,411665.0,3396500.0,16,340,3,3,2585.0,12.2,498,15,14,408695,3395685,505,0,13,-107.33
574801,411665.0,3396500.0,16,340,3,3,2585.0,12.2,498,15,14,408675,3395745,506,0,13,-104.67
574801,411665.0,3396500.0,16,340,3,3,2585.0,12.2,498,15,14,408725,3395815,505,0,5,-93.0
574801,411665.0,3396500.0,16,340,3,3,2585.0,12.2,498,15,14,408720,3395820,505,0,5,-87.0
574801,411665.0,3396500.0,16,340,3,3,2585.0,12.2,498,15,14,408785,3395795,505,42,5,-101.0
574801,411665.0,3396500.0,16,340,3,3,2585.0,12.2,498,15,14,408715,3395705,506,0,6,-98.0
574801,411665.0,3396500.0,16,340,3,3,2585.0,12.2,498,15,14,408690,3395690,505,12,5,-103.5
574801,411665.0,3396500.0,16,340,3,3,2585.0,12.2,498,15,14,408740,3395840,504,0,11,-94.25
574801,411665.0,3396500.0,16,340,3,3,2585.0,12.2,498,15,14,408760,3395780,506,0,5,-102.0
574801,411665.0,3396500.0,16,340,3,3,2585.0,12.2,498,15,14,408745,3395835,504,0,11,-99.0
574801,411665.0,3396500.0,16,340,3,3,2585.0,12.2,498,15,14,408735,3395860,504,0,5,-95.55
574801,411665.0,3396500.0,16,340,3,3,2585.0,12.2,498,15,14,408725,3395850,504,0,11,-92.67
574801,411665.0,3396500.0,16,340,3,3,2585.0,12.2,498,15,14,411665,3396415,501,15,5,-92.5
574801,411665.0,3396500.0,16,340,3,3,2585.0,12.2,498,15,14,411615,3396465,499,12,14,-83.67
574801,411665.0,3396500.0,16,340,3,3,2585.0,12.2,498,15,14,411645,3396435,500,0,6,-86.64
574801,411665.0,3396500.0,16,340,3,3,2585.0,12.2,498,15,14,411650,3396430,500,0,6,-89.56
574801,411665.0,3396500.0,16,340,3,3,2585.0,12.2,498,15,14,411635,3396445,499,0,6,-84.9
574801,411665.0,3396500.0,16,340,3,3,2585.0,12.2,498,15,14,411560,3396360,510,0,14,-102.0
574801,411665.0,3396500.0,16,340,3,3,2585.0,12.2,498,15,14,411630,3396450,499,0,6,-83.91
574801,411665.0,3396500.0,16,340,3,3,2585.0,12.2,498,15,14,411640,3396440,500,0,6,-85.88
574801,411665.0,3396500.0,16,340,3,3,2585.0,12.2,498,15,14,411625,3396455,499,0,6,-86.2
574801,411665.0,3396500.0,16,340,3,3,2585.0,12.2,498,15,14,411655,3396425,500,0,6,-91.86
574801,411665.0,3396500.0,16,340,3,3,2585.0,12.2,498,15,14,411660,3396420,501,15,6,-90.8
574801,411665.0,3396500.0,16,340,3,3,2585.0,12.2,498,15,14,411630,3396335,505,0,5,-93.0
574801,411665.0,3396500.0,16,340,3,3,2585.0,12.2,498,15,14,411665,3396370,504,0,5,-91.8
574801,411665.0,3396500.0,16,340,3,3,2585.0,12.2,498,15,14,411605,3396350,507,6,14,-83.0
574801,411665.0,3396500.0,16,340,3,3,2585.0,12.2,498,15,14,411600,3396345,507,6,14,-91.43
574801,411665.0,3396500.0,16,340,3,3,2585.0,12.2,498,15,14,411640,3396385,504,0,5,-88.57
574801,411665.0,3396500.0,16,340,3,3,2585.0,12.2,498,15,14,411650,3396395,503,0,6,-88.82
574801,411665.0,3396500.0,16,340,3,3,2585.0,12.2,498,15,14,411655,3396400,502,0,5,-91.59
574801,411665.0,3396500.0,16,340,3,3,2585.0,12.2,498,15,14,411610,3396355,507,6,14,-93.83
574801,411665.0,3396500.0,16,340,3,3,2585.0,12.2,498,15,14,411615,3396360,507,0,14,-89.8
574801,411665.0,3396500.0,16,340,3,3,2585.0,12.2,498,15,14,411645,3396390,504,0,6,-89.8
574801,411665.0,3396500.0,16,340,3,3,2585.0,12.2,498,15,14,411660,3396365,504,0,5,-91.67
574801,411665.0,3396500.0,16,340,3,3,2585.0,12.2,498,15,14,411670,3396375,503,0,5,-89.0
574801,411665.0,3396500.0,16,340,3,3,2585.0,12.2,498,15,14,411555,3396420,505,12,5,-96.0
574801,411665.0,3396500.0,16,340,3,3,2585.0,12.2,498,15,14,408600,3395795,508,42,12,-105.5
574801,411665.0,3396500.0,16,340,3,3,2585.0,12.2,498,15,14,411630,3396445,499,0,6,-86.38
574801,411665.0,3396500.0,16,340,3,3,2585.0,12.2,498,15,14,411625,3396460,498,0,6,-85.17
574801,411665.0,3396500.0,16,340,3,3,2585.0,12.2,498,15,14,411575,3396350,509,6,14,-102.5
574801,411665.0,3396500.0,16,340,3,3,2585.0,12.2,498,15,14,411640,3396435,500,0,6,-84.84
574801,411665.0,3396500.0,16,340,3,3,2585.0,12.2,498,15,14,411660,3396415,501,15,5,-92.71
574801,411665.0,3396500.0,16,340,3,3,2585.0,12.2,498,15,14,411635,3396450,499,0,6,-82.67
574801,411665.0,3396500.0,16,340,3,3,2585.0,12.2,498,15,14,411535,3396390,508,0,14,-99.0
574801,411665.0,3396500.0,16,340,3,3,2585.0,12.2,498,15,14,411655,3396430,500,0,6,-85.78
574801,411665.0,3396500.0,16,340,3,3,2585.0,12.2,498,15,14,411650,3396425,501,0,6,-87.15
574801,411665.0,3396500.0,16,340,3,3,2585.0,12.2,498,15,14,411645,3396440,500,0,6,-86.93
574801,411665.0,3396500.0,16,340,3,3,2585.0,12.2,498,15,14,411620,3396455,499,12,6,-82.33
574801,411665.0,3396500.0,16,340,3,3,2585.0,12.2,498,15,14,411640,3396840,500,0,6,-77.5
574801,411665.0,3396500.0,16,340,3,3,2585.0,12.2,498,15,14,411635,3396815,499,0,6,-81.17
574801,411665.0,3396500.0,16,340,3,3,2585.0,12.2,498,15,14,411630,3396820,500,0,6,-83.0
574801,411665.0,3396500.0,16,340,3,3,2585.0,12.2,498,15,14,408650,3395850,506,0,5,-91.25
574801,411665.0,3396500.0,16,340,3,3,2585.0,12.2,498,15,14,408660,3395880,506,0,5,-98.67
574801,411665.0,3396500.0,16,340,3,3,2585.0,12.2,498,15,14,408655,3395845,506,0,5,-89.0
574801,411665.0,3396500.0,16,340,3,3,2585.0,12.2,498,15,14,408690,3395890,505,21,11,-101.0
574801,411665.0,3396500.0,16,340,3,3,2585.0,12.2,498,15,14,411655,3396680,500,0,5,-78.69
574801,411665.0,3396500.0,16,340,3,3,2585.0,12.2,498,15,14,411665,3396650,500,0,5,-77.67
574801,411665.0,3396500.0,16,340,3,3,2585.0,12.2,498,15,14,411645,3396670,500,0,6,-76.0
574801,411665.0,3396500.0,16,340,3,3,2585.0,12.2,498,15,14,411790,3396535,500,0,6,-87.67
574801,411665.0,3396500.0,16,340,3,3,2585.0,12.2,498,15,14,411755,3396580,500,0,7,-93.75
574801,411665.0,3396500.0,16,340,3,3,2585.0,12.2,498,15,14,411660,3396645,500,0,5,-76.9
574801,411665.0,3396500.0,16,340,3,3,2585.0,12.2,498,15,14,411780,3396525,500,0,6,-89.8
574801,411665.0,3396500.0,16,340,3,3,2585.0,12.2,498,15,14,411730,3396595,499,0,5,-88.5
574801,411665.0,3396500.0,16,340,3,3,2585.0,12.2,498,15,14,411775,3396560,500,0,6,-86.0
574801,411665.0,3396500.0,16,340,3,3,2585.0,12.2,498,15,14,411650,3396675,500,0,6,-75.47
574801,411665.0,3396500.0,16,340,3,3,2585.0,12.2,498,15,14,411785,3396530,500,0,6,-86.33
574801,411665.0,3396500.0,16,340,3,3,2585.0,12.2,498,15,14,411640,3396665,500,0,6,-67.4
574801,411665.0,3396500.0,16,340,3,3,2585.0,12.2,498,15,14,411795,3396540,501,0,6,-96.0
574801,411665.0,3396500.0,16,340,3,3,2585.0,12.2,498,15,14,411635,3396700,500,0,6,-85.5
574801,411665.0,3396500.0,16,340,3,3,2585.0,12.2,498,15,14,411800,3396505,501,0,5,-90.0
574801,411665.0,3396500.0,16,340,3,3,2585.0,12.2,498,15,14,411675,3396645,500,0,11,-64.5
574801,411665.0,3396500.0,16,340,3,3,2585.0,12.2,498,15,14,411635,3396685,500,0,6,-78.33
574801,411665.0,3396500.0,16,340,3,3,2585.0,12.2,498,15,14,411755,3396565,499,0,7,-91.5
574801,411665.0,3396500.0,16,340,3,3,2585.0,12.2,498,15,14,411770,3396550,500,0,6,-87.5
574801,411665.0,3396500.0,16,340,3,3,2585.0,12.2,498,15,14,411655,3396665,500,0,5,-74.73
574801,411665.0,3396500.0,16,340,3,3,2585.0,12.2,498,15,14,411660,3396660,500,0,5,-72.5
574801,411665.0,3396500.0,16,340,3,3,2585.0,12.2,498,15,14,411645,3396675,500,0,6,-71.0
574801,411665.0,3396500.0,16,340,3,3,2585.0,12.2,498,15,14,411650,3396670,500,0,6,-73.56
574801,411665.0,3396500.0,16,340,3,3,2585.0,12.2,498,15,14,411785,3396535,500,0,6,-98.0
574801,411665.0,3396500.0,16,340,3,3,2585.0,12.2,498,15,14,411790,3396530,500,0,6,-89.0
574801,411665.0,3396500.0,16,340,3,3,2585.0,12.2,498,15,14,411775,3396545,500,0,6,-86.4
574801,411665.0,3396500.0,16,340,3,3,2585.0,12.2,498,15,14,411665,3396655,500,0,5,-70.0
574801,411665.0,3396500.0,16,340,3,3,2585.0,12.2,498,15,14,411780,3396540,500,0,6,-88.38
574801,411665.0,3396500.0,16,340,3,3,2585.0,12.2,498,15,14,411800,3396520,501,0,5,-87.0
574801,411665.0,3396500.0,16,340,3,3,2585.0,12.2,498,15,14,411640,3396680,500,0,6,-68.5
574801,411665.0,3396500.0,16,340,3,3,2585.0,12.2,498,15,14,411630,3396690,500,0,6,-77.0
574801,411665.0,3396500.0,16,340,3,3,2585.0,12.2,498,15,14,408630,3395735,506,0,13,-97.0
574801,411665.0,3396500.0,16,340,3,3,2585.0,12.2,498,15,14,408625,3395730,506,21,13,-91.0
574801,411665.0,3396500.0,16,340,3,3,2585.0,12.2,498,15,14,408630,3395665,505,0,12,-105.0
574801,411665.0,3396500.0,16,340,3,3,2585.0,12.2,498,15,14,411610,3396350,507,6,14,-98.0
574801,411665.0,3396500.0,16,340,3,3,2585.0,12.2,498,15,14,411620,3396340,506,6,14,-85.25
574801,411665.0,3396500.0,16,340,3,3,2585.0,12.2,498,15,14,411615,3396345,506,6,14,-94.4
574801,411665.0,3396500.0,16,340,3,3,2585.0,12.2,498,15,14,411625,3396335,505,6,5,-95.0
574801,411665.0,3396500.0,16,340,3,3,2585.0,12.2,498,15,14,411670,3396370,503,0,5,-103.83
574801,411665.0,3396500.0,16,340,3,3,2585.0,12.2,498,15,14,411645,3396395,503,0,6,-88.67
574801,411665.0,3396500.0,16,340,3,3,2585.0,12.2,498,15,14,411655,3396385,503,0,5,-86.13
574801,411665.0,3396500.0,16,340,3,3,2585.0,12.2,498,15,14,411600,3396360,508,0,14,-93.25
574801,411665.0,3396500.0,16,340,3,3,2585.0,12.2,498,15,14,411640,3396400,503,0,5,-86.44
574801,411665.0,3396500.0,16,340,3,3,2585.0,12.2,498,15,14,411650,3396390,503,0,6,-90.24
574801,411665.0,3396500.0,16,340,3,3,2585.0,12.2,498,15,14,411660,3396380,503,0,5,-91.67
574801,411665.0,3396500.0,16,340,3,3,2585.0,12.2,498,15,14,411665,3396375,503,0,5,-93.2
574801,411665.0,3396500.0,16,340,3,3,2585.0,12.2,498,15,14,411635,3396380,505,0,5,-92.33
574801,411665.0,3396500.0,16,340,3,3,2585.0,12.2,498,15,14,411650,3396355,504,0,6,-90.2
574801,411665.0,3396500.0,16,340,3,3,2585.0,12.2,498,15,14,411655,3396360,504,0,5,-93.67
574801,411665.0,3396500.0,16,340,3,3,2585.0,12.2,498,15,14,411645,3396350,504,0,6,-90.5
574801,411665.0,3396500.0,16,340,3,3,2585.0,12.2,498,15,14,411630,3396375,506,0,5,-94.5
574801,411665.0,3396500.0,16,340,3,3,2585.0,12.2,498,15,14,411620,3396365,506,0,14,-90.33
574801,411665.0,3396500.0,16,340,3,3,2585.0,12.2,498,15,14,411625,3396370,506,0,14,-92.45
574801,411665.0,3396500.0,16,340,3,3,2585.0,12.2,498,15,14,411600,3396385,506,0,14,-99.0
574801,411665.0,3396500.0,16,340,3,3,2585.0,12.2,498,15,14,411640,3396345,505,0,5,-95.17
574801,411665.0,3396500.0,16,340,3,3,2585.0,12.2,498,15,14,411615,3396400,504,0,14,-92.25
574801,411665.0,3396500.0,16,340,3,3,2585.0,12.2,498,15,14,411605,3396390,506,0,14,-93.75
574801,411665.0,3396500.0,16,340,3,3,2585.0,12.2,498,15,14,411610,3396395,505,0,14,-99.0
574801,411665.0,3396500.0,16,340,3,3,2585.0,12.2,498,15,14,411490,3396515,501,0,5,-81.33
574801,411665.0,3396500.0,16,340,3,3,2585.0,12.2,498,15,14,411585,3396410,505,12,14,-100.0
574801,411665.0,3396500.0,16,340,3,3,2585.0,12.2,498,15,14,408685,3395870,504,0,5,-106.0
574801,411665.0,3396500.0,16,340,3,3,2585.0,12.2,498,15,14,408715,3395860,504,0,5,-101.29
574801,411665.0,3396500.0,16,340,3,3,2585.0,12.2,498,15,14,408710,3395855,504,0,5,-97.0
574801,411665.0,3396500.0,16,340,3,3,2585.0,12.2,498,15,14,411775,3396455,500,0,6,-88.4
574801,411665.0,3396500.0,16,340,3,3,2585.0,12.2,498,15,14,411795,3396475,501,0,6,-90.75
574801,411665.0,3396500.0,16,340,3,3,2585.0,12.2,498,15,14,411765,3396445,500,0,6,-87.0
574801,411665.0,3396500.0,16,340,3,3,2585.0,12.2,498,15,14,411705,3396385,500,0,12,-98.5
574801,411665.0,3396500.0,16,340,3,3,2585.0,12.2,498,15,14,411680,3396370,503,0,5,-105.33
574801,411665.0,3396500.0,16,340,3,3,2585.0,12.2,498,15,14,411695,3396375,501,0,12,-96.0
574801,411665.0,3396500.0,16,340,3,3,2585.0,12.2,498,15,14,411785,3396465,500,0,6,-93.75
574801,411665.0,3396500.0,16,340,3,3,2585.0,12.2,498,15,14,411800,3396410,501,0,5,-87.25
574801,411665.0,3396500.0,16,340,3,3,2585.0,12.2,498,15,14,411770,3396460,500,0,6,-88.67
574801,411665.0,3396500.0,16,340,3,3,2585.0,12.2,498,15,14,411780,3396470,500,0,6,-91.67
574801,411665.0,3396500.0,16,340,3,3,2585.0,12.2,498,15,14,411790,3396480,500,0,6,-89.0
574801,411665.0,3396500.0,16,340,3,3,2585.0,12.2,498,15,14,408580,3395650,506,0,5,-112.5
574801,411665.0,3396500.0,16,340,3,3,2585.0,12.2,498,15,14,408570,3395645,506,0,13,-112.0
574801,411665.0,3396500.0,16,340,3,3,2585.0,12.2,498,15,14,411780,3396385,501,0,6,-90.09
574801,411665.0,3396500.0,16,340,3,3,2585.0,12.2,498,15,14,411785,3396390,501,0,6,-97.8
574801,411665.0,3396500.0,16,340,3,3,2585.0,12.2,498,15,14,411795,3396400,501,0,5,-89.75
574801,411665.0,3396500.0,16,340,3,3,2585.0,12.2,498,15,14,411745,3396430,499,0,6,-85.0
574801,411665.0,3396500.0,16,340,3,3,2585.0,12.2,498,15,14,411775,3396380,501,0,6,-93.67
574801,411665.0,3396500.0,16,340,3,3,2585.0,12.2,498,15,14,411750,3396435,499,0,6,-84.0
574801,411665.0,3396500.0,16,340,3,3,2585.0,12.2,498,15,14,411625,3396635,500,0,5,-60.5
574801,411665.0,3396500.0,16,340,3,3,2585.0,12.2,498,15,14,411630,3396630,500,0,6,-73.8
574801,411665.0,3396500.0,16,340,3,3,2585.0,12.2,498,15,14,411655,3396565,498,0,5,-71.59
574801,411665.0,3396500.0,16,340,3,3,2585.0,12.2,498,15,14,411640,3396580,499,0,6,-73.82
574801,411665.0,3396500.0,16,340,3,3,2585.0,12.2,498,15,14,411650,3396570,499,0,6,-71.58
574801,411665.0,3396500.0,16,340,3,3,2585.0,12.2,498,15,14,411645,3396575,499,0,6,-71.38
574801,411665.0,3396500.0,16,340,3,3,2585.0,12.2,498,15,14,411635,3396625,500,0,6,-66.71
574801,411665.0,3396500.0,16,340,3,3,2585.0,12.2,498,15,14,411675,3396585,499,54,14,-63.0
574801,411665.0,3396500.0,16,340,3,3,2585.0,12.2,498,15,14,411660,3396600,499,0,5,-74.8
574801,411665.0,3396500.0,16,340,3,3,2585.0,12.2,498,15,14,411665,3396595,499,0,5,-71.0
574801,411665.0,3396500.0,16,340,3,3,2585.0,12.2,498,15,14,411660,3396330,503,0,5,-98.0
574801,411665.0,3396500.0,16,340,3,3,2585.0,12.2,498,15,14,411610,3396400,504,0,14,-93.5
574801,411665.0,3396500.0,16,340,3,3,2585.0,12.2,498,15,14,411655,3396355,504,0,5,-93.0
574801,411665.0,3396500.0,16,340,3,3,2585.0,12.2,498,15,14,411605,3396385,506,0,14,-94.25
574801,411665.0,3396500.0,16,340,3,3,2585.0,12.2,498,15,14,411630,3396380,505,0,5,-88.36
574801,411665.0,3396500.0,16,340,3,3,2585.0,12.2,498,15,14,411635,3396375,505,0,5,-85.38
574801,411665.0,3396500.0,16,340,3,3,2585.0,12.2,498,15,14,411645,3396345,504,0,6,-94.33
574801,411665.0,3396500.0,16,340,3,3,2585.0,12.2,498,15,14,411625,3396365,506,0,14,-86.67
574801,411665.0,3396500.0,16,340,3,3,2585.0,12.2,498,15,14,411620,3396370,507,0,14,-94.9
574801,411665.0,3396500.0,16,340,3,3,2585.0,12.2,498,15,14,411650,3396360,504,0,6,-87.71
574801,411665.0,3396500.0,16,340,3,3,2585.0,12.2,498,15,14,411640,3396350,505,0,5,-94.0
574801,411665.0,3396500.0,16,340,3,3,2585.0,12.2,498,15,14,411615,3396395,505,0,14,-93.17
574801,411665.0,3396500.0,16,340,3,3,2585.0,12.2,498,15,14,411600,3396390,506,0,14,-101.8
574801,411665.0,3396500.0,16,340,3,3,2585.0,12.2,498,15,14,411490,3396520,501,0,5,-80.67
574801,411665.0,3396500.0,16,340,3,3,2585.0,12.2,498,15,14,408760,3395845,504,42,5,-100.0
574801,411665.0,3396500.0,16,340,3,3,2585.0,12.2,498,15,14,411645,3396805,499,0,6,-92.5
574801,411665.0,3396500.0,16,340,3,3,2585.0,12.2,498,15,14,411640,3396810,499,0,6,-87.67
574801,411665.0,3396500.0,16,340,3,3,2585.0,12.2,498,15,14,411650,3396820,500,0,6,-84.67
574801,411665.0,3396500.0,16,340,3,3,2585.0,12.2,498,15,14,411685,3396625,499,0,11,-80.0
574801,411665.0,3396500.0,16,340,3,3,2585.0,12.2,498,15,14,411635,3396695,500,0,6,-80.0
574801,411665.0,3396500.0,16,340,3,3,2585.0,12.2,498,15,14,411800,3396510,501,0,5,-93.0
574801,411665.0,3396500.0,16,340,3,3,2585.0,12.2,498,15,14,411660,3396650,500,0,5,-73.13
574801,411665.0,3396500.0,16,340,3,3,2585.0,12.2,498,15,14,411710,3396620,499,54,14,-82.0
574801,411665.0,3396500.0,16,340,3,3,2585.0,12.2,498,15,14,411645,3396665,500,0,6,-71.4
574801,411665.0,3396500.0,16,340,3,3,2585.0,12.2,498,15,14,411650,3396680,500,0,6,-79.1
574801,411665.0,3396500.0,16,340,3,3,2585.0,12.2,498,15,14,411655,3396675,500,0,5,-78.4
574801,411665.0,3396500.0,16,340,3,3,2585.0,12.2,498,15,14,411640,3396670,500,0,6,-72.5
574801,411665.0,3396500.0,16,340,3,3,2585.0,12.2,498,15,14,411785,3396525,500,0,6,-95.5
574801,411665.0,3396500.0,16,340,3,3,2585.0,12.2,498,15,14,411795,3396535,501,0,6,-89.0
574801,411665.0,3396500.0,16,340,3,3,2585.0,12.2,498,15,14,411630,3396700,500,0,6,-86.5
574801,411665.0,3396500.0,16,340,3,3,2585.0,12.2,498,15,14,411665,3396645,500,0,5,-64.67
574801,411665.0,3396500.0,16,340,3,3,2585.0,12.2,498,15,14,411780,3396530,500,0,6,-87.0
574801,411665.0,3396500.0,16,340,3,3,2585.0,12.2,498,15,14,411775,3396555,500,0,6,-83.5
574801,411665.0,3396500.0,16,340,3,3,2585.0,12.2,498,15,14,408735,3395875,504,0,5,-98.5
574801,411665.0,3396500.0,16,340,3,3,2585.0,12.2,498,15,14,408750,3395860,504,0,5,-99.0
574801,411665.0,3396500.0,16,340,3,3,2585.0,12.2,498,15,14,408745,3395845,504,0,11,-97.0
574801,411665.0,3396500.0,16,340,3,3,2585.0,12.2,498,15,14,408720,3395870,504,0,5,-101.5
574801,411665.0,3396500.0,16,340,3,3,2585.0,12.2,498,15,14,408725,3395865,504,0,5,-98.67
574801,411665.0,3396500.0,16,340,3,3,2585.0,12.2,498,15,14,408755,3395855,504,0,5,-100.0
574801,411665.0,3396500.0,16,340,3,3,2585.0,12.2,498,15,14,411795,3396355,501,0,5,-95.5
574801,411665.0,3396500.0,16,340,3,3,2585.0,12.2,498,15,14,411695,3396415,500,15,5,-96.0
574801,411665.0,3396500.0,16,340,3,3,2585.0,12.2,498,15,14,411800,3396370,501,0,5,-117.0
574801,411665.0,3396500.0,16,340,3,3,2585.0,12.2,498,15,14,411820,3396390,501,0,5,-93.33
574801,411665.0,3396500.0,16,340,3,3,2585.0,12.2,498,15,14,411805,3396365,501,0,5,-92.33
574801,411665.0,3396500.0,16,340,3,3,2585.0,12.2,498,15,14,411825,3396385,501,0,6,-93.0
574801,411665.0,3396500.0,16,340,3,3,2585.0,12.2,498,15,14,411745,3396465,499,0,5,-79.5
574801,411665.0,3396500.0,16,340,3,3,2585.0,12.2,498,15,14,411790,3396360,501,0,5,-98.5
574801,411665.0,3396500.0,16,340,3,3,2585.0,12.2,498,15,14,411640,3396805,499,0,6,-90.0
574801,411665.0,3396500.0,16,340,3,3,2585.0,12.2,498,15,14,411695,3396690,500,0,5,-82.0
574801,411665.0,3396500.0,16,340,3,3,2585.0,12.2,498,15,14,411620,3396635,500,0,14,-61.33
574801,411665.0,3396500.0,16,340,3,3,2585.0,12.2,498,15,14,411655,3396570,498,0,5,-74.4
574801,411665.0,3396500.0,16,340,3,3,2585.0,12.2,498,15,14,411640,3396575,499,0,6,-69.0
574801,411665.0,3396500.0,16,340,3,3,2585.0,12.2,498,15,14,411665,3396600,499,0,5,-68.75
574801,411665.0,3396500.0,16,340,3,3,2585.0,12.2,498,15,14,411650,3396565,498,0,6,-71.75
574801,411665.0,3396500.0,16,340,3,3,2585.0,12.2,498,15,14,411645,3396580,499,0,6,-72.15
574801,411665.0,3396500.0,16,340,3,3,2585.0,12.2,498,15,14,411630,3396625,500,0,6,-67.33
574801,411665.0,3396500.0,16,340,3,3,2585.0,12.2,498,15,14,411625,3396640,500,0,5,-71.0
574801,411665.0,3396500.0,16,340,3,3,2585.0,12.2,498,15,14,411660,3396595,499,0,5,-72.43
574801,411665.0,3396500.0,16,340,3,3,2585.0,12.2,498,15,14,411635,3396630,500,0,6,-65.2
574801,411665.0,3396500.0,16,340,3,3,2585.0,12.2,498,15,14,408720,3395725,506,0,5,-93.0
574801,411665.0,3396500.0,16,340,3,3,2585.0,12.2,498,15,14,408730,3395735,506,21,5,-109.5
574801,411665.0,3396500.0,16,340,3,3,2585.0,12.2,498,15,14,408795,3395720,506,0,6,-110.5
574801,411665.0,3396500.0,16,340,3,3,2585.0,12.2,498,15,14,408750,3395755,506,0,5,-99.25
574801,411665.0,3396500.0,16,340,3,3,2585.0,12.2,498,15,14,408700,3395785,506,0,5,-95.0
574801,411665.0,3396500.0,16,340,3,3,2585.0,12.2,498,15,14,408755,3395760,506,0,5,-102.0
574801,411665.0,3396500.0,16,340,3,3,2585.0,12.2,498,15,14,408670,3395835,505,0,13,-85.0
574801,411665.0,3396500.0,16,340,3,3,2585.0,12.2,498,15,14,408665,3395830,505,0,13,-83.88
574801,411665.0,3396500.0,16,340,3,3,2585.0,12.2,498,15,14,408710,3395795,505,0,5,-98.5
574801,411665.0,3396500.0,16,340,3,3,2585.0,12.2,498,15,14,408715,3395800,505,0,5,-89.1
574801,411665.0,3396500.0,16,340,3,3,2585.0,12.2,498,15,14,408640,3395805,507,0,5,-94.5
574801,411665.0,3396500.0,16,340,3,3,2585.0,12.2,498,15,14,408790,3395715,506,0,5,-117.25
574801,411665.0,3396500.0,16,340,3,3,2585.0,12.2,498,15,14,408675,3395840,505,42,13,-83.0
574801,411665.0,3396500.0,16,340,3,3,2585.0,12.2,498,15,14,408660,3395825,506,0,5,-84.33
574801,411665.0,3396500.0,16,340,3,3,2585.0,12.2,498,15,14,408695,3395780,506,0,5,-102.5
574801,411665.0,3396500.0,16,340,3,3,2585.0,12.2,498,15,14,408735,3395740,506,21,13,-102.75
574801,411665.0,3396500.0,16,340,3,3,2585.0,12.2,498,15,14,408810,3395655,507,0,5,-118.5
574801,411665.0,3396500.0,16,340,3,3,2585.0,12.2,498,15,14,408725,3395730,506,0,5,-94.0
574801,411665.0,3396500.0,16,340,3,3,2585.0,12.2,498,15,14,408740,3395745,506,21,13,-101.33
574801,411665.0,3396500.0,16,340,3,3,2585.0,12.2,498,15,14,408705,3395790,505,6,5,-96.0
574801,411665.0,3396500.0,16,340,3,3,2585.0,12.2,498,15,14,408750,3395855,504,0,5,-95.0
574801,411665.0,3396500.0,16,340,3,3,2585.0,12.2,498,15,14,408740,3395845,504,0,11,-97.0
574801,411665.0,3396500.0,16,340,3,3,2585.0,12.2,498,15,14,411670,3396680,500,0,5,-72.5
574801,411665.0,3396500.0,16,340,3,3,2585.0,12.2,498,15,14,411635,3396715,500,0,6,-87.5
574801,411665.0,3396500.0,16,340,3,3,2585.0,12.2,498,15,14,411645,3396645,500,0,6,-71.86
574801,411665.0,3396500.0,16,340,3,3,2585.0,12.2,498,15,14,411795,3396555,501,0,6,-93.33
574801,411665.0,3396500.0,16,340,3,3,2585.0,12.2,498,15,14,411650,3396660,500,0,6,-74.24
574801,411665.0,3396500.0,16,340,3,3,2585.0,12.2,498,15,14,411655,3396655,500,0,5,-72.77
574801,411665.0,3396500.0,16,340,3,3,2585.0,12.2,498,15,14,411780,3396550,500,0,6,-88.0
574801,411665.0,3396500.0,16,340,3,3,2585.0,12.2,498,15,14,411660,3396670,500,0,5,-76.25
574801,411665.0,3396500.0,16,340,3,3,2585.0,12.2,498,15,14,411640,3396650,500,0,6,-70.43
574801,411665.0,3396500.0,16,340,3,3,2585.0,12.2,498,15,14,411770,3396540,500,0,6,-78.5
574801,411665.0,3396500.0,16,340,3,3,2585.0,12.2,498,15,14,411790,3396560,501,0,6,-90.0
574801,411665.0,3396500.0,16,340,3,3,2585.0,12.2,498,15,14,411690,3396620,499,54,5,-78.0
574801,411665.0,3396500.0,16,340,3,3,2585.0,12.2,498,15,14,411775,3396535,500,0,6,-85.0
574801,411665.0,3396500.0,16,340,3,3,2585.0,12.2,498,15,14,411610,3396700,500,0,14,-92.0
574801,411665.0,3396500.0,16,340,3,3,2585.0,12.2,498,15,14,411785,3396545,500,0,6,-88.0
574801,411665.0,3396500.0,16,340,3,3,2585.0,12.2,498,15,14,411680,3396610,499,54,5,-91.0
574801,411665.0,3396500.0,16,340,3,3,2585.0,12.2,498,15,14,408730,3395845,504,0,11,-94.75
574801,411665.0,3396500.0,16,340,3,3,2585.0,12.2,498,15,14,408750,3395865,504,0,5,-96.0
574801,411665.0,3396500.0,16,340,3,3,2585.0,12.2,498,15,14,408725,3395860,504,0,5,-94.5
574801,411665.0,3396500.0,16,340,3,3,2585.0,12.2,498,15,14,408630,3395800,507,0,5,-100.0
574801,411665.0,3396500.0,16,340,3,3,2585.0,12.2,498,15,14,408635,3395795,507,0,5,-96.25
574801,411665.0,3396500.0,16,340,3,3,2585.0,12.2,498,15,14,411655,3396420,501,0,6,-85.38
574801,411665.0,3396500.0,16,340,3,3,2585.0,12.2,498,15,14,411650,3396415,501,0,6,-86.75
574801,411665.0,3396500.0,16,340,3,3,2585.0,12.2,498,15,14,411630,3396475,498,0,6,-80.33
574801,411665.0,3396500.0,16,340,3,3,2585.0,12.2,498,15,14,411645,3396410,502,0,6,-86.21
574801,411665.0,3396500.0,16,340,3,3,2585.0,12.2,498,15,14,411640,3396405,503,0,5,-87.32
574801,411665.0,3396500.0,16,340,3,3,2585.0,12.2,498,15,14,411660,3396425,500,15,6,-84.67
574801,411665.0,3396500.0,16,340,3,3,2585.0,12.2,498,15,14,411635,3396480,498,0,6,-80.22
574801,411665.0,3396500.0,16,340,3,3,2585.0,12.2,498,15,14,411625,3396470,498,0,5,-86.78
574801,411665.0,3396500.0,16,340,3,3,2585.0,12.2,498,15,14,411620,3396465,498,12,14,-87.0
574801,411665.0,3396500.0,16,340,3,3,2585.0,12.2,498,15,14,411470,3396520,501,0,5,-93.5
574801,411665.0,3396500.0,16,340,3,3,2585.0,12.2,498,15,14,411655,3396375,504,0,5,-89.75
574801,411665.0,3396500.0,16,340,3,3,2585.0,12.2,498,15,14,411620,3396350,506,6,14,-90.0
574801,411665.0,3396500.0,16,340,3,3,2585.0,12.2,498,15,14,411665,3396385,503,0,5,-95.2
574801,411665.0,3396500.0,16,340,3,3,2585.0,12.2,498,15,14,411650,3396380,504,0,6,-90.38
574801,411665.0,3396500.0,16,340,3,3,2585.0,12.2,498,15,14,411610,3396340,506,6,14,-99.83
574801,411665.0,3396500.0,16,340,3,3,2585.0,12.2,498,15,14,411670,3396400,502,0,5,-99.5
574801,411665.0,3396500.0,16,340,3,3,2585.0,12.2,498,15,14,411630,3396360,506,0,5,-88.0
574801,411665.0,3396500.0,16,340,3,3,2585.0,12.2,498,15,14,411645,3396365,505,0,6,-89.8
574801,411665.0,3396500.0,16,340,3,3,2585.0,12.2,498,15,14,411625,3396345,506,6,14,-91.67
574801,411665.0,3396500.0,16,340,3,3,2585.0,12.2,498,15,14,411635,3396355,505,0,5,-102.43
574801,411665.0,3396500.0,16,340,3,3,2585.0,12.2,498,15,14,411660,3396390,503,0,5,-94.14
574801,411665.0,3396500.0,16,340,3,3,2585.0,12.2,498,15,14,411640,3396370,505,0,5,-88.38
574801,411665.0,3396500.0,16,340,3,3,2585.0,12.2,498,15,14,411615,3396335,506,6,14,-98.33
574801,411665.0,3396500.0,16,340,3,3,2585.0,12.2,498,15,14,411590,3396365,508,0,14,-98.5
574801,411665.0,3396500.0,16,340,3,3,2585.0,12.2,498,15,14,411655,3396470,498,0,5,-81.67
574801,411665.0,3396500.0,16,340,3,3,2585.0,12.2,498,15,14,411660,3396455,498,15,6,-85.3
574801,411665.0,3396500.0,16,340,3,3,2585.0,12.2,498,15,14,411585,3396380,508,0,14,-93.75
574801,411665.0,3396500.0,16,340,3,3,2585.0,12.2,498,15,14,411595,3396370,508,0,14,-95.0
574801,411665.0,3396500.0,16,340,3,3,2585.0,12.2,498,15,14,411640,3396475,498,0,6,-80.61
574801,411665.0,3396500.0,16,340,3,3,2585.0,12.2,498,15,14,411645,3396480,498,0,6,-79.33
574801,411665.0,3396500.0,16,340,3,3,2585.0,12.2,498,15,14,411630,3396405,503,0,5,-87.55
574801,411665.0,3396500.0,16,340,3,3,2585.0,12.2,498,15,14,411635,3396410,502,0,5,-87.0
574801,411665.0,3396500.0,16,340,3,3,2585.0,12.2,498,15,14,411650,3396465,498,0,6,-81.81
574801,411665.0,3396500.0,16,340,3,3,2585.0,12.2,498,15,14,411575,3396390,507,0,14,-102.5
574801,411665.0,3396500.0,16,340,3,3,2585.0,12.2,498,15,14,411625,3396420,502,0,5,-87.13
574801,411665.0,3396500.0,16,340,3,3,2585.0,12.2,498,15,14,411620,3396415,503,12,5,-84.43
574801,411665.0,3396500.0,16,340,3,3,2585.0,12.2,498,15,14,408770,3395740,506,0,13,-101.0
574801,411665.0,3396500.0,16,340,3,3,2585.0,12.2,498,15,14,408685,3395805,505,0,7,-86.33
574801,411665.0,3396500.0,16,340,3,3,2585.0,12.2,498,15,14,408660,3395790,506,0,7,-88.5
574801,411665.0,3396500.0,16,340,3,3,2585.0,12.2,498,15,14,408695,3395815,505,0,5,-78.0
574801,411665.0,3396500.0,16,340,3,3,2585.0,12.2,498,15,14,408680,3395810,505,0,7,-87.0
574801,411665.0,3396500.0,16,340,3,3,2585.0,12.2,498,15,14,408690,3395820,505,42,5,-95.5
574801,411665.0,3396500.0,16,340,3,3,2585.0,12.2,498,15,14,408790,3395760,506,21,5,-98.0
574801,411665.0,3396500.0,16,340,3,3,2585.0,12.2,498,15,14,408675,3395795,505,0,7,-95.29
574801,411665.0,3396500.0,16,340,3,3,2585.0,12.2,498,15,14,408670,3395800,506,0,7,-98.5
574801,411665.0,3396500.0,16,340,3,3,2585.0,12.2,498,15,14,408725,3395685,506,0,13,-97.33
574801,411665.0,3396500.0,16,340,3,3,2585.0,12.2,498,15,14,408775,3395735,506,0,13,-100.15
574801,411665.0,3396500.0,16,340,3,3,2585.0,12.2,498,15,14,408795,3395755,506,21,5,-100.0
574801,411665.0,3396500.0,16,340,3,3,2585.0,12.2,498,15,14,408780,3395750,506,21,5,-101.67
574801,411665.0,3396500.0,16,340,3,3,2585.0,12.2,498,15,14,408720,3395690,506,0,5,-97.8
574801,411665.0,3396500.0,16,340,3,3,2585.0,12.2,498,15,14,411630,3396770,499,0,6,-89.8
574801,411665.0,3396500.0,16,340,3,3,2585.0,12.2,498,15,14,411705,3396535,498,6,7,-88.25
574801,411665.0,3396500.0,16,340,3,3,2585.0,12.2,498,15,14,411620,3396780,500,0,5,-101.33
574801,411665.0,3396500.0,16,340,3,3,2585.0,12.2,498,15,14,411785,3396615,501,0,6,-90.0
574801,411665.0,3396500.0,16,340,3,3,2585.0,12.2,498,15,14,411355,3396405,505,0,11,-95.5
574801,411665.0,3396500.0,16,340,3,3,2585.0,12.2,498,15,14,411800,3396600,501,0,6,-96.5
574801,411665.0,3396500.0,16,340,3,3,2585.0,12.2,498,15,14,411640,3396760,500,0,6,-86.0
574801,411665.0,3396500.0,16,340,3,3,2585.0,12.2,498,15,14,411650,3396750,500,0,6,-87.0
574801,411665.0,3396500.0,16,340,3,3,2585.0,12.2,498,15,14,411625,3396775,499,0,5,-87.0
574801,411665.0,3396500.0,16,340,3,3,2585.0,12.2,498,15,14,411795,3396605,501,0,6,-86.33
574801,411665.0,3396500.0,16,340,3,3,2585.0,12.2,498,15,14,411335,3396425,504,9,6,-93.5
574801,411665.0,3396500.0,16,340,3,3,2585.0,12.2,498,15,14,411685,3396555,498,0,5,-86.0
574801,411665.0,3396500.0,16,340,3,3,2585.0,12.2,498,15,14,411635,3396765,500,0,6,-88.17
574801,411665.0,3396500.0,16,340,3,3,2585.0,12.2,498,15,14,411645,3396755,500,0,6,-85.0
574801,411665.0,3396500.0,16,340,3,3,2585.0,12.2,498,15,14,411740,3396500,499,0,7,-85.5
574801,411665.0,3396500.0,16,340,3,3,2585.0,12.2,498,15,14,411670,3396455,498,15,6,-97.5
574801,411665.0,3396500.0,16,340,3,3,2585.0,12.2,498,15,14,411660,3396445,499,15,6,-85.11
574801,411665.0,3396500.0,16,340,3,3,2585.0,12.2,498,15,14,411585,3396370,509,0,14,-96.0
574801,411665.0,3396500.0,16,340,3,3,2585.0,12.2,498,15,14,411635,3396420,501,0,6,-88.31
574801,411665.0,3396500.0,16,340,3,3,2585.0,12.2,498,15,14,411590,3396375,508,0,14,-106.5
574801,411665.0,3396500.0,16,340,3,3,2585.0,12.2,498,15,14,411645,3396470,498,0,6,-83.25
574801,411665.0,3396500.0,16,340,3,3,2585.0,12.2,498,15,14,411630,3396415,502,0,5,-85.25
574801,411665.0,3396500.0,16,340,3,3,2585.0,12.2,498,15,14,411640,3396465,498,0,6,-85.2
574801,411665.0,3396500.0,16,340,3,3,2585.0,12.2,498,15,14,411620,3396405,503,0,14,-92.09
574801,411665.0,3396500.0,16,340,3,3,2585.0,12.2,498,15,14,411595,3396380,507,0,14,-103.5
574801,411665.0,3396500.0,16,340,3,3,2585.0,12.2,498,15,14,411650,3396475,498,0,6,-82.33
574801,411665.0,3396500.0,16,340,3,3,2585.0,12.2,498,15,14,411625,3396410,503,0,5,-88.38
574801,411665.0,3396500.0,16,340,3,3,2585.0,12.2,498,15,14,411655,3396480,498,0,5,-80.0
574801,411665.0,3396500.0,16,340,3,3,2585.0,12.2,498,15,14,408720,3395860,504,0,5,-103.0
574801,411665.0,3396500.0,16,340,3,3,2585.0,12.2,498,15,14,408725,3395855,504,0,5,-96.67
574801,411665.0,3396500.0,16,340,3,3,2585.0,12.2,498,15,14,408735,3395845,504,0,11,-91.5
574801,411665.0,3396500.0,16,340,3,3,2585.0,12.2,498,15,14,411800,3396700,500,0,6,-98.5
574801,411665.0,3396500.0,16,340,3,3,2585.0,12.2,498,15,14,411670,3396550,498,0,14,-75.75
574801,411665.0,3396500.0,16,340,3,3,2585.0,12.2,498,15,14,411795,3396665,500,0,6,-92.75
574801,411665.0,3396500.0,16,340,3,3,2585.0,12.2,498,15,14,411640,3396540,498,0,6,-75.6
574801,411665.0,3396500.0,16,340,3,3,2585.0,12.2,498,15,14,411650,3396530,498,0,6,-72.41
574801,411665.0,3396500.0,16,340,3,3,2585.0,12.2,498,15,14,411655,3396525,498,0,5,-71.43
574801,411665.0,3396500.0,16,340,3,3,2585.0,12.2,498,15,14,411625,3396515,498,0,5,-74.0
574801,411665.0,3396500.0,16,340,3,3,2585.0,12.2,498,15,14,411630,3396510,498,0,6,-74.22
574801,411665.0,3396500.0,16,340,3,3,2585.0,12.2,498,15,14,411645,3396535,498,0,6,-73.56
574801,411665.0,3396500.0,16,340,3,3,2585.0,12.2,498,15,14,411635,3396505,498,0,6,-74.09
574801,411665.0,3396500.0,16,340,3,3,2585.0,12.2,498,15,14,411665,3396555,498,0,14,-74.83
574801,411665.0,3396500.0,16,340,3,3,2585.0,12.2,498,15,14,411660,3396560,498,0,14,-73.33
574801,411665.0,3396500.0,16,340,3,3,2585.0,12.2,498,15,14,411805,3396695,500,0,6,-103.33
574801,411665.0,3396500.0,16,340,3,3,2585.0,12.2,498,15,14,411360,3396420,505,0,11,-96.5
574801,411665.0,3396500.0,16,340,3,3,2585.0,12.2,498,15,14,411620,3396520,498,9,14,-72.5
574801,411665.0,3396500.0,16,340,3,3,2585.0,12.2,498,15,14,411630,3396815,499,0,6,-81.0
574801,411665.0,3396500.0,16,340,3,3,2585.0,12.2,498,15,14,408670,3395645,506,0,13,-105.0
574801,411665.0,3396500.0,16,340,3,3,2585.0,12.2,498,15,14,408685,3395640,506,0,5,-109.0
574801,411665.0,3396500.0,16,340,3,3,2585.0,12.2,498,15,14,408675,3395650,506,0,13,-109.33
574801,411665.0,3396500.0,16,340,3,3,2585.0,12.2,498,15,14,408680,3395635,506,0,5,-109.75
574801,411665.0,3396500.0,16,340,3,3,2585.0,12.2,498,15,14,411620,3396705,500,0,5,-88.5
574801,411665.0,3396500.0,16,340,3,3,2585.0,12.2,498,15,14,411795,3396560,501,0,6,-93.5
574801,411665.0,3396500.0,16,340,3,3,2585.0,12.2,498,15,14,411665,3396670,500,0,5,-76.6
574801,411665.0,3396500.0,16,340,3,3,2585.0,12.2,498,15,14,411640,3396645,500,0,6,-69.75
574801,411665.0,3396500.0,16,340,3,3,2585.0,12.2,498,15,14,411650,3396655,500,0,6,-73.94
574801,411665.0,3396500.0,16,340,3,3,2585.0,12.2,498,15,14,411655,3396660,500,0,5,-75.85
574801,411665.0,3396500.0,16,340,3,3,2585.0,12.2,498,15,14,411660,3396665,500,0,5,-74.33
574801,411665.0,3396500.0,16,340,3,3,2585.0,12.2,498,15,14,411785,3396550,500,0,6,-87.5
574801,411665.0,3396500.0,16,340,3,3,2585.0,12.2,498,15,14,411645,3396650,500,0,6,-70.83
574801,411665.0,3396500.0,16,340,3,3,2585.0,12.2,498,15,14,411670,3396675,500,0,5,-85.5
574801,411665.0,3396500.0,16,340,3,3,2585.0,12.2,498,15,14,411780,3396545,500,0,6,-89.43
574801,411665.0,3396500.0,16,340,3,3,2585.0,12.2,498,15,14,408670,3395830,505,0,13,-83.8
574801,411665.0,3396500.0,16,340,3,3,2585.0,12.2,498,15,14,408700,3395800,505,0,7,-91.0
574801,411665.0,3396500.0,16,340,3,3,2585.0,12.2,498,15,14,408725,3395735,506,0,5,-80.5
574801,411665.0,3396500.0,16,340,3,3,2585.0,12.2,498,15,14,408705,3395795,505,0,7,-91.13
574801,411665.0,3396500.0,16,340,3,3,2585.0,12.2,498,15,14,408655,3395805,506,0,7,-93.33
574801,411665.0,3396500.0,16,340,3,3,2585.0,12.2,498,15,14,408660,3395840,506,0,13,-95.71
574801,411665.0,3396500.0,16,340,3,3,2585.0,12.2,498,15,14,408665,3395835,505,0,13,-95.0
574801,411665.0,3396500.0,16,340,3,3,2585.0,12.2,498,15,14,408805,3395655,507,0,5,-113.5
574801,411665.0,3396500.0,16,340,3,3,2585.0,12.2,498,15,14,408650,3395810,506,0,5,-87.25
574801,411665.0,3396500.0,16,340,3,3,2585.0,12.2,498,15,14,408720,3395740,506,0,5,-72.5
574801,411665.0,3396500.0,16,340,3,3,2585.0,12.2,498,15,14,408780,3395720,506,0,6,-108.67
574801,411665.0,3396500.0,16,340,3,3,2585.0,12.2,498,15,14,408710,3395790,505,0,5,-94.1
574801,411665.0,3396500.0,16,340,3,3,2585.0,12.2,498,15,14,408740,3395760,506,0,5,-96.67
574801,411665.0,3396500.0,16,340,3,3,2585.0,12.2,498,15,14,408785,3395715,506,0,5,-117.0
574801,411665.0,3396500.0,16,340,3,3,2585.0,12.2,498,15,14,408730,3395730,506,0,5,-87.5
574801,411665.0,3396500.0,16,340,3,3,2585.0,12.2,498,15,14,408715,3395785,506,0,5,-94.21
574801,411665.0,3396500.0,16,340,3,3,2585.0,12.2,498,15,14,411670,3396620,499,0,5,-71.0
574801,411665.0,3396500.0,16,340,3,3,2585.0,12.2,498,15,14,411635,3396575,499,0,6,-68.44
574801,411665.0,3396500.0,16,340,3,3,2585.0,12.2,498,15,14,411625,3396565,499,0,5,-68.33
574801,411665.0,3396500.0,16,340,3,3,2585.0,12.2,498,15,14,411655,3396635,500,0,5,-71.12
574801,411665.0,3396500.0,16,340,3,3,2585.0,12.2,498,15,14,411650,3396640,500,0,6,-70.55
574801,411665.0,3396500.0,16,340,3,3,2585.0,12.2,498,15,14,411660,3396610,499,0,5,-69.67
574801,411665.0,3396500.0,16,340,3,3,2585.0,12.2,498,15,14,411630,3396580,499,0,6,-68.0
574801,411665.0,3396500.0,16,340,3,3,2585.0,12.2,498,15,14,411640,3396630,500,0,6,-68.36
574801,411665.0,3396500.0,16,340,3,3,2585.0,12.2,498,15,14,411645,3396625,500,0,6,-75.92
574801,411665.0,3396500.0,16,340,3,3,2585.0,12.2,498,15,14,411620,3396570,499,12,5,-66.0
574801,411665.0,3396500.0,16,340,3,3,2585.0,12.2,498,15,14,411665,3396605,499,0,5,-81.25
574801,411665.0,3396500.0,16,340,3,3,2585.0,12.2,498,15,14,411670,3396530,498,15,14,-81.67
574801,411665.0,3396500.0,16,340,3,3,2585.0,12.2,498,15,14,411660,3396540,498,0,14,-77.77
574801,411665.0,3396500.0,16,340,3,3,2585.0,12.2,498,15,14,411650,3396550,498,0,6,-72.92
574801,411665.0,3396500.0,16,340,3,3,2585.0,12.2,498,15,14,411645,3396555,498,0,6,-73.42
574801,411665.0,3396500.0,16,340,3,3,2585.0,12.2,498,15,14,411630,3396490,498,0,6,-78.76
574801,411665.0,3396500.0,16,340,3,3,2585.0,12.2,498,15,14,411640,3396560,498,0,6,-74.14
574801,411665.0,3396500.0,16,340,3,3,2585.0,12.2,498,15,14,411635,3396485,498,0,6,-78.5
574801,411665.0,3396500.0,16,340,3,3,2585.0,12.2,498,15,14,411665,3396535,498,0,14,-75.2
574801,411665.0,3396500.0,16,340,3,3,2585.0,12.2,498,15,14,411655,3396545,498,0,5,-74.2
574801,411665.0,3396500.0,16,340,3,3,2585.0,12.2,498,15,14,411625,3396495,498,0,5,-78.1
574801,411665.0,3396500.0,16,340,3,3,2585.0,12.2,498,15,14,411620,3396500,498,12,14,-78.0
574801,411665.0,3396500.0,16,340,3,3,2585.0,12.2,498,15,14,411665,3396590,499,0,14,-75.33
574801,411665.0,3396500.0,16,340,3,3,2585.0,12.2,498,15,14,411605,3396610,500,0,5,-69.5
574801,411665.0,3396500.0,16,340,3,3,2585.0,12.2,498,15,14,411650,3396575,499,0,6,-71.6
574801,411665.0,3396500.0,16,340,3,3,2585.0,12.2,498,15,14,411645,3396570,499,0,6,-68.44
574801,411665.0,3396500.0,16,340,3,3,2585.0,12.2,498,15,14,411655,3396580,499,0,5,-71.86
574801,411665.0,3396500.0,16,340,3,3,2585.0,12.2,498,15,14,411635,3396640,500,0,6,-69.63
574801,411665.0,3396500.0,16,340,3,3,2585.0,12.2,498,15,14,411640,3396565,498,0,6,-68.9
574801,411665.0,3396500.0,16,340,3,3,2585.0,12.2,498,15,14,411660,3396585,499,0,14,-72.82
574801,411665.0,3396500.0,16,340,3,3,2585.0,12.2,498,15,14,411630,3396635,500,0,6,-66.1
574801,411665.0,3396500.0,16,340,3,3,2585.0,12.2,498,15,14,408810,3395750,506,0,5,-98.0
574801,411665.0,3396500.0,16,340,3,3,2585.0,12.2,498,15,14,408770,3395630,508,0,5,-118.0
574801,411665.0,3396500.0,16,340,3,3,2585.0,12.2,498,15,14,408755,3395645,507,18,5,-103.5
574801,411665.0,3396500.0,16,340,3,3,2585.0,12.2,498,15,14,408800,3395760,506,21,13,-98.5
574801,411665.0,3396500.0,16,340,3,3,2585.0,12.2,498,15,14,408725,3395675,506,0,5,-93.89
574801,411665.0,3396500.0,16,340,3,3,2585.0,12.2,498,15,14,408765,3395635,507,0,13,-100.0
574801,411665.0,3396500.0,16,340,3,3,2585.0,12.2,498,15,14,409440,3395120,502,0,5,-90.5
574801,411665.0,3396500.0,16,340,3,3,2585.0,12.2,498,15,14,408735,3395665,507,0,13,-97.57
574801,411665.0,3396500.0,16,340,3,3,2585.0,12.2,498,15,14,408750,3395650,507,0,5,-104.14
574801,411665.0,3396500.0,16,340,3,3,2585.0,12.2,498,15,14,408745,3395655,507,0,5,-102.0
574801,411665.0,3396500.0,16,340,3,3,2585.0,12.2,498,15,14,408760,3395640,507,18,13,-98.5
574801,411665.0,3396500.0,16,340,3,3,2585.0,12.2,498,15,14,408740,3395660,507,0,13,-104.78
574801,411665.0,3396500.0,16,340,3,3,2585.0,12.2,498,15,14,408720,3395680,506,0,5,-96.73
574801,411665.0,3396500.0,16,340,3,3,2585.0,12.2,498,15,14,408730,3395670,506,0,5,-98.5
574801,411665.0,3396500.0,16,340,3,3,2585.0,12.2,498,15,14,408805,3395755,506,21,5,-110.0
574801,411665.0,3396500.0,16,340,3,3,2585.0,12.2,498,15,14,408690,3395615,507,0,5,-97.0
574801,411665.0,3396500.0,16,340,3,3,2585.0,12.2,498,15,14,408710,3395635,507,0,13,-100.75
574801,411665.0,3396500.0,16,340,3,3,2585.0,12.2,498,15,14,408715,3395640,507,0,5,-104.38
574801,411665.0,3396500.0,16,340,3,3,2585.0,12.2,498,15,14,408620,3395810,507,0,5,-101.0
574801,411665.0,3396500.0,16,340,3,3,2585.0,12.2,498,15,14,408625,3395805,507,0,5,-102.8
574801,411665.0,3396500.0,16,340,3,3,2585.0,12.2,498,15,14,408605,3395825,509,0,5,-103.67
574801,411665.0,3396500.0,16,340,3,3,2585.0,12.2,498,15,14,408725,3395745,506,21,5,-76.33
574801,411665.0,3396500.0,16,340,3,3,2585.0,12.2,498,15,14,408740,3395730,506,0,13,-112.67
574801,411665.0,3396500.0,16,340,3,3,2585.0,12.2,498,15,14,408755,3395735,506,0,13,-94.33
574801,411665.0,3396500.0,16,340,3,3,2585.0,12.2,498,15,14,408720,3395750,506,0,5,-80.0
574801,411665.0,3396500.0,16,340,3,3,2585.0,12.2,498,15,14,408675,3395815,505,0,5,-76.5
574801,411665.0,3396500.0,16,340,3,3,2585.0,12.2,498,15,14,408670,3395820,505,0,5,-83.75
574801,411665.0,3396500.0,16,340,3,3,2585.0,12.2,498,15,14,408730,3395760,506,0,5,-103.44
574801,411665.0,3396500.0,16,340,3,3,2585.0,12.2,498,15,14,408665,3395805,506,0,7,-88.11
574801,411665.0,3396500.0,16,340,3,3,2585.0,12.2,498,15,14,408800,3395670,507,0,12,-107.5
574801,411665.0,3396500.0,16,340,3,3,2585.0,12.2,498,15,14,408810,3395680,506,0,6,-104.0
574801,411665.0,3396500.0,16,340,3,3,2585.0,12.2,498,15,14,408690,3395800,505,0,7,-91.67
574801,411665.0,3396500.0,16,340,3,3,2585.0,12.2,498,15,14,408710,3395780,506,0,5,-94.23
574801,411665.0,3396500.0,16,340,3,3,2585.0,12.2,498,15,14,408715,3395775,506,0,5,-96.25
574801,411665.0,3396500.0,16,340,3,3,2585.0,12.2,498,15,14,408695,3395795,505,6,7,-96.67
574801,411665.0,3396500.0,16,340,3,3,2585.0,12.2,498,15,14,408735,3395755,506,0,5,-103.3
574801,411665.0,3396500.0,16,340,3,3,2585.0,12.2,498,15,14,408680,3395790,505,6,7,-103.0
574801,411665.0,3396500.0,16,340,3,3,2585.0,12.2,498,15,14,408735,3395650,507,0,5,-101.0
574801,411665.0,3396500.0,16,340,3,3,2585.0,12.2,498,15,14,408730,3395645,507,0,5,-99.18
574801,411665.0,3396500.0,16,340,3,3,2585.0,12.2,498,15,14,408725,3395660,506,0,13,-99.4
574801,411665.0,3396500.0,16,340,3,3,2585.0,12.2,498,15,14,408750,3395665,507,0,13,-100.83
574801,411665.0,3396500.0,16,340,3,3,2585.0,12.2,498,15,14,408720,3395655,506,0,5,-97.3
574801,411665.0,3396500.0,16,340,3,3,2585.0,12.2,498,15,14,408755,3395670,507,0,13,-102.5
574801,411665.0,3396500.0,16,340,3,3,2585.0,12.2,498,15,14,408735,3395635,507,18,13,-98.5
574801,411665.0,3396500.0,16,340,3,3,2585.0,12.2,498,15,14,408730,3395640,507,0,13,-104.2
574801,411665.0,3396500.0,16,340,3,3,2585.0,12.2,498,15,14,408790,3395660,507,0,5,-107.33
574801,411665.0,3396500.0,16,340,3,3,2585.0,12.2,498,15,14,408775,3395675,507,0,13,-105.5
574801,411665.0,3396500.0,16,340,3,3,2585.0,12.2,498,15,14,408765,3395665,507,0,13,-102.33
574801,411665.0,3396500.0,16,340,3,3,2585.0,12.2,498,15,14,408760,3395670,507,0,13,-108.0
574801,411665.0,3396500.0,16,340,3,3,2585.0,12.2,498,15,14,408720,3395630,507,0,13,-109.2
574801,411665.0,3396500.0,16,340,3,3,2585.0,12.2,498,15,14,408780,3395650,507,0,5,-108.67
574801,411665.0,3396500.0,16,340,3,3,2585.0,12.2,498,15,14,408725,3395625,507,0,5,-102.0
574801,411665.0,3396500.0,16,340,3,3,2585.0,12.2,498,15,14,411610,3396345,507,6,14,-99.33
574801,411665.0,3396500.0,16,340,3,3,2585.0,12.2,498,15,14,411670,3396365,503,0,5,-90.0
574801,411665.0,3396500.0,16,340,3,3,2585.0,12.2,498,15,14,411620,3396335,506,6,14,-105.0
574801,411665.0,3396500.0,16,340,3,3,2585.0,12.2,498,15,14,411640,3396395,503,0,5,-86.88
574801,411665.0,3396500.0,16,340,3,3,2585.0,12.2,498,15,14,411605,3396360,507,0,14,-91.67
574801,411665.0,3396500.0,16,340,3,3,2585.0,12.2,498,15,14,411600,3396355,507,6,14,-98.8
574801,411665.0,3396500.0,16,340,3,3,2585.0,12.2,498,15,14,411615,3396350,506,6,14,-97.0
574801,411665.0,3396500.0,16,340,3,3,2585.0,12.2,498,15,14,411660,3396375,504,0,5,-90.57
574801,411665.0,3396500.0,16,340,3,3,2585.0,12.2,498,15,14,411645,3396400,503,0,6,-87.67
574801,411665.0,3396500.0,16,340,3,3,2585.0,12.2,498,15,14,411650,3396385,504,0,6,-88.11
574801,411665.0,3396500.0,16,340,3,3,2585.0,12.2,498,15,14,411665,3396380,503,0,5,-83.0
574801,411665.0,3396500.0,16,340,3,3,2585.0,12.2,498,15,14,411675,3396370,503,0,5,-90.75
574801,411665.0,3396500.0,16,340,3,3,2585.0,12.2,498,15,14,411655,3396390,503,0,5,-91.93
574801,411665.0,3396500.0,16,340,3,3,2585.0,12.2,498,15,14,411625,3396340,505,6,14,-91.5
574801,411665.0,3396500.0,16,340,3,3,2585.0,12.2,498,15,14,408635,3395810,507,0,5,-106.5
574801,411665.0,3396500.0,16,340,3,3,2585.0,12.2,498,15,14,408620,3395815,508,0,5,-94.25
574801,411665.0,3396500.0,16,340,3,3,2585.0,12.2,498,15,14,408625,3395820,507,0,5,-96.5
574801,411665.0,3396500.0,16,340,3,3,2585.0,12.2,498,15,14,408630,3395805,507,0,5,-102.85
574801,411665.0,3396500.0,16,340,3,3,2585.0,12.2,498,15,14,408750,3395775,506,0,12,-94.0
574801,411665.0,3396500.0,16,340,3,3,2585.0,12.2,498,15,14,408745,3395770,506,0,12,-100.0
574801,411665.0,3396500.0,16,340,3,3,2585.0,12.2,498,15,14,408695,3395760,506,0,13,-85.0
574801,411665.0,3396500.0,16,340,3,3,2585.0,12.2,498,15,14,408725,3395790,505,42,5,-108.0
574801,411665.0,3396500.0,16,340,3,3,2585.0,12.2,498,15,14,408665,3395690,505,0,6,-105.33
574801,411665.0,3396500.0,16,340,3,3,2585.0,12.2,498,15,14,408715,3395740,506,0,5,-78.33
574801,411665.0,3396500.0,16,340,3,3,2585.0,12.2,498,15,14,408740,3395765,506,0,12,-100.25
574801,411665.0,3396500.0,16,340,3,3,2585.0,12.2,498,15,14,408720,3395785,506,0,5,-87.5
574801,411665.0,3396500.0,16,340,3,3,2585.0,12.2,498,15,14,408765,3395830,504,42,5,-112.0
574801,411665.0,3396500.0,16,340,3,3,2585.0,12.2,498,15,14,408670,3395695,505,12,6,-97.75
574801,411665.0,3396500.0,16,340,3,3,2585.0,12.2,498,15,14,408755,3395780,506,0,5,-103.5
574801,411665.0,3396500.0,16,340,3,3,2585.0,12.2,498,15,14,408650,3395715,506,0,13,-96.5
574801,411665.0,3396500.0,16,340,3,3,2585.0,12.2,498,15,14,408710,3395735,506,0,5,-74.0
574801,411665.0,3396500.0,16,340,3,3,2585.0,12.2,498,15,14,408675,3395610,507,0,5,-97.5
574801,411665.0,3396500.0,16,340,3,3,2585.0,12.2,498,15,14,408705,3395660,506,0,13,-99.5
574801,411665.0,3396500.0,16,340,3,3,2585.0,12.2,498,15,14,408715,3395650,506,0,5,-99.21
574801,411665.0,3396500.0,16,340,3,3,2585.0,12.2,498,15,14,408710,3395645,507,0,5,-98.9
574801,411665.0,3396500.0,16,340,3,3,2585.0,12.2,498,15,14,408685,3395680,505,12,13,-98.4
574801,411665.0,3396500.0,16,340,3,3,2585.0,12.2,498,15,14,408705,3395855,504,0,5,-102.0
574801,411665.0,3396500.0,16,340,3,3,2585.0,12.2,498,15,14,408700,3395860,504,0,5,-98.0
574801,411665.0,3396500.0,16,340,3,3,2585.0,12.2,498,15,14,408705,3395635,507,0,5,-101.5
574801,411665.0,3396500.0,16,340,3,3,2585.0,12.2,498,15,14,408715,3395625,507,18,13,-105.67
574801,411665.0,3396500.0,16,340,3,3,2585.0,12.2,498,15,14,408665,3395675,505,12,12,-96.0
574801,411665.0,3396500.0,16,340,3,3,2585.0,12.2,498,15,14,408670,3395670,505,12,5,-106.5
574801,411665.0,3396500.0,16,340,3,3,2585.0,12.2,498,15,14,408675,3395665,505,0,5,-102.57
574801,411665.0,3396500.0,16,340,3,3,2585.0,12.2,498,15,14,411690,3396655,500,0,5,-96.33
574801,411665.0,3396500.0,16,340,3,3,2585.0,12.2,498,15,14,411660,3396625,500,0,5,-71.6
574801,411665.0,3396500.0,16,340,3,3,2585.0,12.2,498,15,14,411635,3396600,499,0,6,-71.22
574801,411665.0,3396500.0,16,340,3,3,2585.0,12.2,498,15,14,411625,3396590,499,0,5,-65.5
574801,411665.0,3396500.0,16,340,3,3,2585.0,12.2,498,15,14,411650,3396615,499,0,6,-69.33
574801,411665.0,3396500.0,16,340,3,3,2585.0,12.2,498,15,14,411645,3396610,499,0,6,-74.77
574801,411665.0,3396500.0,16,340,3,3,2585.0,12.2,498,15,14,411640,3396605,499,0,6,-69.63
574801,411665.0,3396500.0,16,340,3,3,2585.0,12.2,498,15,14,411655,3396620,499,0,5,-68.2
574801,411665.0,3396500.0,16,340,3,3,2585.0,12.2,498,15,14,411630,3396595,499,0,6,-65.58
574801,411665.0,3396500.0,16,340,3,3,2585.0,12.2,498,15,14,408765,3395660,507,0,5,-101.43
574801,411665.0,3396500.0,16,340,3,3,2585.0,12.2,498,15,14,408790,3395665,507,0,5,-104.0
574801,411665.0,3396500.0,16,340,3,3,2585.0,12.2,498,15,14,408780,3395675,507,0,13,-97.0
574801,411665.0,3396500.0,16,340,3,3,2585.0,12.2,498,15,14,408760,3395655,507,0,5,-102.0
574801,411665.0,3396500.0,16,340,3,3,2585.0,12.2,498,15,14,408795,3395670,507,0,12,-104.33
574801,411665.0,3396500.0,16,340,3,3,2585.0,12.2,498,15,14,408740,3395635,507,18,13,-100.67
574801,411665.0,3396500.0,16,340,3,3,2585.0,12.2,498,15,14,408770,3395645,507,18,13,-100.67
574801,411665.0,3396500.0,16,340,3,3,2585.0,12.2,498,15,14,408775,3395650,507,0,5,-108.0
574801,411665.0,3396500.0,16,340,3,3,2585.0,12.2,498,15,14,408745,3395640,507,18,5,-101.5
574801,411665.0,3396500.0,16,340,3,3,2585.0,12.2,498,15,14,408785,3395680,507,18,5,-100.0
574801,411665.0,3396500.0,16,340,3,3,2585.0,12.2,498,15,14,411670,3396425,500,0,5,-89.0
574801,411665.0,3396500.0,16,340,3,3,2585.0,12.2,498,15,14,411640,3396415,502,0,6,-87.73
574801,411665.0,3396500.0,16,340,3,3,2585.0,12.2,498,15,14,411635,3396470,498,0,6,-78.53
574801,411665.0,3396500.0,16,340,3,3,2585.0,12.2,498,15,14,411625,3396480,498,0,5,-80.67
574801,411665.0,3396500.0,16,340,3,3,2585.0,12.2,498,15,14,411595,3396350,508,6,14,-94.0
574801,411665.0,3396500.0,16,340,3,3,2585.0,12.2,498,15,14,411645,3396420,501,0,6,-86.43
574801,411665.0,3396500.0,16,340,3,3,2585.0,12.2,498,15,14,411650,3396405,502,0,6,-88.11
574801,411665.0,3396500.0,16,340,3,3,2585.0,12.2,498,15,14,411550,3396385,509,0,14,-96.5
574801,411665.0,3396500.0,16,340,3,3,2585.0,12.2,498,15,14,411675,3396430,500,5,6,-98.0
574801,411665.0,3396500.0,16,340,3,3,2585.0,12.2,498,15,14,411655,3396410,502,0,6,-90.45
574801,411665.0,3396500.0,16,340,3,3,2585.0,12.2,498,15,14,411665,3396440,499,15,6,-85.0
574801,411665.0,3396500.0,16,340,3,3,2585.0,12.2,498,15,14,411660,3396435,500,15,6,-86.33
574801,411665.0,3396500.0,16,340,3,3,2585.0,12.2,498,15,14,411630,3396465,498,0,6,-83.14
574801,411665.0,3396500.0,16,340,3,3,2585.0,12.2,498,15,14,411625,3396435,500,0,6,-86.0
574801,411665.0,3396500.0,16,340,3,3,2585.0,12.2,498,15,14,411660,3396480,498,15,14,-80.17
574801,411665.0,3396500.0,16,340,3,3,2585.0,12.2,498,15,14,411655,3396445,499,0,6,-84.38
574801,411665.0,3396500.0,16,340,3,3,2585.0,12.2,498,15,14,411645,3396455,498,0,6,-82.54
574801,411665.0,3396500.0,16,340,3,3,2585.0,12.2,498,15,14,411650,3396450,499,0,6,-86.92
574801,411665.0,3396500.0,16,340,3,3,2585.0,12.2,498,15,14,411640,3396460,498,0,6,-82.38
574801,411665.0,3396500.0,16,340,3,3,2585.0,12.2,498,15,14,411635,3396425,501,0,6,-86.63
574801,411665.0,3396500.0,16,340,3,3,2585.0,12.2,498,15,14,411585,3396395,506,0,14,-113.0
574801,411665.0,3396500.0,16,340,3,3,2585.0,12.2,498,15,14,411630,3396430,501,0,6,-88.75
574801,411665.0,3396500.0,16,340,3,3,2585.0,12.2,498,15,14,411595,3396385,507,0,14,-96.63
574801,411665.0,3396500.0,16,340,3,3,2585.0,12.2,498,15,14,411605,3396415,503,0,5,-94.0
574801,411665.0,3396500.0,16,340,3,3,2585.0,12.2,498,15,14,411590,3396390,506,0,14,-96.0
574801,411665.0,3396500.0,16,340,3,3,2585.0,12.2,498,15,14,408760,3395795,505,0,5,-106.0
574801,411665.0,3396500.0,16,340,3,3,2585.0,12.2,498,15,14,408710,3395685,506,0,13,-102.83
574801,411665.0,3396500.0,16,340,3,3,2585.0,12.2,498,15,14,408755,3395810,505,0,5,-96.5
574801,411665.0,3396500.0,16,340,3,3,2585.0,12.2,498,15,14,408725,3395840,504,0,5,-103.0
574801,411665.0,3396500.0,16,340,3,3,2585.0,12.2,498,15,14,408750,3395805,505,0,12,-109.0
574801,411665.0,3396500.0,16,340,3,3,2585.0,12.2,498,15,14,408745,3395820,505,0,5,-100.29
574801,411665.0,3396500.0,16,340,3,3,2585.0,12.2,498,15,14,408765,3395800,505,0,12,-104.75
574801,411665.0,3396500.0,16,340,3,3,2585.0,12.2,498,15,14,408790,3395765,506,0,5,-101.0
574801,411665.0,3396500.0,16,340,3,3,2585.0,12.2,498,15,14,408735,3395830,504,0,11,-93.67
574801,411665.0,3396500.0,16,340,3,3,2585.0,12.2,498,15,14,408715,3395690,506,0,13,-102.63
574801,411665.0,3396500.0,16,340,3,3,2585.0,12.2,498,15,14,408700,3395695,506,0,5,-107.33
574801,411665.0,3396500.0,16,340,3,3,2585.0,12.2,498,15,14,408740,3395815,505,0,5,-89.67
574801,411665.0,3396500.0,16,340,3,3,2585.0,12.2,498,15,14,408730,3395825,505,0,11,-99.0
574801,411665.0,3396500.0,16,340,3,3,2585.0,12.2,498,15,14,408660,3395735,506,0,5,-95.5
574801,411665.0,3396500.0,16,340,3,3,2585.0,12.2,498,15,14,408615,3395770,507,0,5,-85.5
574801,411665.0,3396500.0,16,340,3,3,2585.0,12.2,498,15,14,408625,3395800,507,0,5,-101.0
574801,411665.0,3396500.0,16,340,3,3,2585.0,12.2,498,15,14,408730,3395680,506,0,5,-97.5
574801,411665.0,3396500.0,16,340,3,3,2585.0,12.2,498,15,14,408740,3395650,507,0,5,-102.5
574801,411665.0,3396500.0,16,340,3,3,2585.0,12.2,498,15,14,408750,3395660,507,0,5,-104.17
574801,411665.0,3396500.0,16,340,3,3,2585.0,12.2,498,15,14,408755,3395655,507,0,5,-104.73
574801,411665.0,3396500.0,16,340,3,3,2585.0,12.2,498,15,14,408720,3395670,506,0,5,-96.0
574801,411665.0,3396500.0,16,340,3,3,2585.0,12.2,498,15,14,408770,3395640,507,0,13,-101.5
574801,411665.0,3396500.0,16,340,3,3,2585.0,12.2,498,15,14,408725,3395665,506,0,5,-98.25
574801,411665.0,3396500.0,16,340,3,3,2585.0,12.2,498,15,14,408745,3395645,507,0,5,-103.56
574801,411665.0,3396500.0,16,340,3,3,2585.0,12.2,498,15,14,408735,3395675,506,0,5,-102.5
574801,411665.0,3396500.0,16,340,3,3,2585.0,12.2,498,15,14,408650,3395755,506,0,5,-99.0
574801,411665.0,3396500.0,16,340,3,3,2585.0,12.2,498,15,14,408750,3395815,505,0,5,-101.0
574801,411665.0,3396500.0,16,340,3,3,2585.0,12.2,498,15,14,408680,3395705,505,12,5,-91.5
574801,411665.0,3396500.0,16,340,3,3,2585.0,12.2,498,15,14,408670,3395735,506,0,5,-77.0
574801,411665.0,3396500.0,16,340,3,3,2585.0,12.2,498,15,14,408755,3395820,505,0,5,-110.33
574801,411665.0,3396500.0,16,340,3,3,2585.0,12.2,498,15,14,408745,3395810,505,0,5,-99.75
574801,411665.0,3396500.0,16,340,3,3,2585.0,12.2,498,15,14,408740,3395805,505,0,12,-99.25
574801,411665.0,3396500.0,16,340,3,3,2585.0,12.2,498,15,14,408710,3395695,506,0,5,-104.0
574801,411665.0,3396500.0,16,340,3,3,2585.0,12.2,498,15,14,408730,3395835,504,0,11,-99.5
574801,411665.0,3396500.0,16,340,3,3,2585.0,12.2,498,15,14,408735,3395840,504,0,11,-103.73
574801,411665.0,3396500.0,16,340,3,3,2585.0,12.2,498,15,14,408705,3395690,506,0,5,-96.33
574801,411665.0,3396500.0,16,340,3,3,2585.0,12.2,498,15,14,411605,3396380,507,0,14,-94.83
574801,411665.0,3396500.0,16,340,3,3,2585.0,12.2,498,15,14,411665,3396360,503,0,5,-94.0
574801,411665.0,3396500.0,16,340,3,3,2585.0,12.2,498,15,14,411635,3396390,504,0,5,-89.3
574801,411665.0,3396500.0,16,340,3,3,2585.0,12.2,498,15,14,411625,3396400,504,0,14,-88.1
574801,411665.0,3396500.0,16,340,3,3,2585.0,12.2,498,15,14,411660,3396355,504,0,5,-92.33
574801,411665.0,3396500.0,16,340,3,3,2585.0,12.2,498,15,14,411615,3396370,507,0,14,-89.67
574801,411665.0,3396500.0,16,340,3,3,2585.0,12.2,498,15,14,411630,3396385,505,0,5,-90.38
574801,411665.0,3396500.0,16,340,3,3,2585.0,12.2,498,15,14,411600,3396375,507,0,14,-96.71
574801,411665.0,3396500.0,16,340,3,3,2585.0,12.2,498,15,14,411620,3396395,504,0,14,-91.23
574801,411665.0,3396500.0,16,340,3,3,2585.0,12.2,498,15,14,411450,3396525,501,0,5,-87.0
574801,411665.0,3396500.0,16,340,3,3,2585.0,12.2,498,15,14,411505,3396520,501,0,5,-88.0
574801,411665.0,3396500.0,16,340,3,3,2585.0,12.2,498,15,14,411495,3396490,501,0,14,-101.5
574801,411665.0,3396500.0,16,340,3,3,2585.0,12.2,498,15,14,411625,3396610,500,0,5,-62.0
574801,411665.0,3396500.0,16,340,3,3,2585.0,12.2,498,15,14,411635,3396620,500,0,6,-70.69
574801,411665.0,3396500.0,16,340,3,3,2585.0,12.2,498,15,14,411660,3396565,498,0,14,-73.67
574801,411665.0,3396500.0,16,340,3,3,2585.0,12.2,498,15,14,411645,3396590,499,0,6,-71.67
574801,411665.0,3396500.0,16,340,3,3,2585.0,12.2,498,15,14,411650,3396595,499,0,6,-71.88
574801,411665.0,3396500.0,16,340,3,3,2585.0,12.2,498,15,14,411640,3396585,499,0,6,-70.8
574801,411665.0,3396500.0,16,340,3,3,2585.0,12.2,498,15,14,411630,3396615,500,0,6,-69.29
574801,411665.0,3396500.0,16,340,3,3,2585.0,12.2,498,15,14,411665,3396570,498,0,14,-76.25
574801,411665.0,3396500.0,16,340,3,3,2585.0,12.2,498,15,14,411655,3396600,499,0,5,-80.25
574801,411665.0,3396500.0,16,340,3,3,2585.0,12.2,498,15,14,408755,3395845,504,42,5,-99.0
574801,411665.0,3396500.0,16,340,3,3,2585.0,12.2,498,15,14,408740,3395860,504,0,5,-93.67
574801,411665.0,3396500.0,16,340,3,3,2585.0,12.2,498,15,14,408635,3395745,506,0,5,-95.33
574801,411665.0,3396500.0,16,340,3,3,2585.0,12.2,498,15,14,411790,3396370,501,0,5,-90.0
574801,411665.0,3396500.0,16,340,3,3,2585.0,12.2,498,15,14,411765,3396395,500,0,6,-97.25
574801,411665.0,3396500.0,16,340,3,3,2585.0,12.2,498,15,14,411755,3396405,500,0,5,-84.5
574801,411665.0,3396500.0,16,340,3,3,2585.0,12.2,498,15,14,411770,3396390,500,0,6,-90.75
574801,411665.0,3396500.0,16,340,3,3,2585.0,12.2,498,15,14,411760,3396400,500,0,5,-90.25
574801,411665.0,3396500.0,16,340,3,3,2585.0,12.2,498,15,14,411775,3396385,501,0,6,-93.17
574801,411665.0,3396500.0,16,340,3,3,2585.0,12.2,498,15,14,411785,3396375,501,0,6,-95.0
574801,411665.0,3396500.0,16,340,3,3,2585.0,12.2,498,15,14,411750,3396410,500,0,5,-95.67
574801,411665.0,3396500.0,16,340,3,3,2585.0,12.2,498,15,14,411795,3396365,501,0,5,-87.0
574801,411665.0,3396500.0,16,340,3,3,2585.0,12.2,498,15,14,411650,3396805,500,0,6,-90.33
574801,411665.0,3396500.0,16,340,3,3,2585.0,12.2,498,15,14,411630,3396740,500,0,6,-84.0
574801,411665.0,3396500.0,16,340,3,3,2585.0,12.2,498,15,14,411665,3396765,500,0,6,-86.33
574801,411665.0,3396500.0,16,340,3,3,2585.0,12.2,498,15,14,411655,3396795,500,0,5,-82.33
574801,411665.0,3396500.0,16,340,3,3,2585.0,12.2,498,15,14,411795,3396575,501,0,6,-92.6
574801,411665.0,3396500.0,16,340,3,3,2585.0,12.2,498,15,14,411790,3396580,501,0,6,-85.75
574801,411665.0,3396500.0,16,340,3,3,2585.0,12.2,498,15,14,411635,3396735,500,0,6,-78.2
574801,411665.0,3396500.0,16,340,3,3,2585.0,12.2,498,15,14,411650,3396800,500,0,6,-88.5
574801,411665.0,3396500.0,16,340,3,3,2585.0,12.2,498,15,14,411785,3396565,500,0,6,-94.5
574801,411665.0,3396500.0,16,340,3,3,2585.0,12.2,498,15,14,411645,3396785,500,0,6,-86.67
574801,411665.0,3396500.0,16,340,3,3,2585.0,12.2,498,15,14,411620,3396555,499,0,14,-62.0
574801,411665.0,3396500.0,16,340,3,3,2585.0,12.2,498,15,14,411625,3396560,499,0,5,-73.2
574801,411665.0,3396500.0,16,340,3,3,2585.0,12.2,498,15,14,411630,3396545,498,0,6,-73.43
574801,411665.0,3396500.0,16,340,3,3,2585.0,12.2,498,15,14,411800,3396655,501,0,6,-88.67
574801,411665.0,3396500.0,16,340,3,3,2585.0,12.2,498,15,14,411645,3396500,498,0,6,-75.81
574801,411665.0,3396500.0,16,340,3,3,2585.0,12.2,498,15,14,411650,3396485,498,0,6,-78.55
574801,411665.0,3396500.0,16,340,3,3,2585.0,12.2,498,15,14,411660,3396515,498,15,14,-76.0
574801,411665.0,3396500.0,16,340,3,3,2585.0,12.2,498,15,14,411655,3396490,498,0,5,-74.0
574801,411665.0,3396500.0,16,340,3,3,2585.0,12.2,498,15,14,411640,3396495,498,0,6,-75.88
574801,411665.0,3396500.0,16,340,3,3,2585.0,12.2,498,15,14,411635,3396550,498,0,6,-71.5
574801,411665.0,3396500.0,16,340,3,3,2585.0,12.2,498,15,14,411665,3396520,498,15,14,-75.0
574801,411665.0,3396500.0,16,340,3,3,2585.0,12.2,498,15,14,408720,3395625,507,18,5,-107.0
574801,411665.0,3396500.0,16,340,3,3,2585.0,12.2,498,15,14,408730,3395635,507,18,13,-97.33
574801,411665.0,3396500.0,16,340,3,3,2585.0,12.2,498,15,14,408725,3395630,507,18,13,-101.75
574801,411665.0,3396500.0,16,340,3,3,2585.0,12.2,498,15,14,408780,3395645,507,18,13,-121.5
574801,411665.0,3396500.0,16,340,3,3,2585.0,12.2,498,15,14,408735,3395640,507,18,13,-106.17
574801,411665.0,3396500.0,16,340,3,3,2585.0,12.2,498,15,14,408765,3395670,507,0,13,-96.75
574801,411665.0,3396500.0,16,340,3,3,2585.0,12.2,498,15,14,408760,3395665,507,0,13,-97.33
574801,411665.0,3396500.0,16,340,3,3,2585.0,12.2,498,15,14,411810,3396390,501,0,5,-89.22
574801,411665.0,3396500.0,16,340,3,3,2585.0,12.2,498,15,14,411800,3396400,501,0,5,-92.5
574801,411665.0,3396500.0,16,340,3,3,2585.0,12.2,498,15,14,411815,3396385,501,0,5,-92.33
574801,411665.0,3396500.0,16,340,3,3,2585.0,12.2,498,15,14,411805,3396395,501,0,5,-94.88
574801,411665.0,3396500.0,16,340,3,3,2585.0,12.2,498,15,14,411830,3396370,502,0,6,-91.33
574801,411665.0,3396500.0,16,340,3,3,2585.0,12.2,498,15,14,408700,3395745,506,0,5,-102.5
574801,411665.0,3396500.0,16,340,3,3,2585.0,12.2,498,15,14,408670,3395715,505,0,5,-84.0
574801,411665.0,3396500.0,16,340,3,3,2585.0,12.2,498,15,14,408770,3395815,505,0,5,-94.67
574801,411665.0,3396500.0,16,340,3,3,2585.0,12.2,498,15,14,408705,3395750,506,0,5,-88.0
574801,411665.0,3396500.0,16,340,3,3,2585.0,12.2,498,15,14,408755,3395800,505,0,12,-111.0
574801,411665.0,3396500.0,16,340,3,3,2585.0,12.2,498,15,14,408710,3395755,506,0,5,-103.5
574801,411665.0,3396500.0,16,340,3,3,2585.0,12.2,498,15,14,408735,3395780,506,42,5,-91.33
574801,411665.0,3396500.0,16,340,3,3,2585.0,12.2,498,15,14,408745,3395790,505,42,5,-105.0
574801,411665.0,3396500.0,16,340,3,3,2585.0,12.2,498,15,14,408715,3395760,506,0,5,-89.2
574801,411665.0,3396500.0,16,340,3,3,2585.0,12.2,498,15,14,408695,3395740,506,0,5,-69.0
574801,411665.0,3396500.0,16,340,3,3,2585.0,12.2,498,15,14,408750,3395795,505,42,12,-106.8
574801,411665.0,3396500.0,16,340,3,3,2585.0,12.2,498,15,14,408825,3395790,505,0,12,-111.0
574801,411665.0,3396500.0,16,340,3,3,2585.0,12.2,498,15,14,408805,3395770,505,0,5,-99.0
574801,411665.0,3396500.0,16,340,3,3,2585.0,12.2,498,15,14,408705,3395670,506,12,5,-110.5
574801,411665.0,3396500.0,16,340,3,3,2585.0,12.2,498,15,14,408860,3395825,504,12,13,-113.5
574801,411665.0,3396500.0,16,340,3,3,2585.0,12.2,498,15,14,408675,3395640,506,0,5,-102.0
574801,411665.0,3396500.0,16,340,3,3,2585.0,12.2,498,15,14,408715,3395680,506,0,13,-99.2
574801,411665.0,3396500.0,16,340,3,3,2585.0,12.2,498,15,14,411840,3396360,502,0,6,-97.5
574801,411665.0,3396500.0,16,340,3,3,2585.0,12.2,498,15,14,411785,3396415,501,0,6,-94.75
574801,411665.0,3396500.0,16,340,3,3,2585.0,12.2,498,15,14,411795,3396405,501,0,5,-88.08
574801,411665.0,3396500.0,16,340,3,3,2585.0,12.2,498,15,14,411770,3396430,500,0,6,-92.0
574801,411665.0,3396500.0,16,340,3,3,2585.0,12.2,498,15,14,411680,3396360,502,0,12,-87.0
574801,411665.0,3396500.0,16,340,3,3,2585.0,12.2,498,15,14,411740,3396380,500,0,12,-94.33
574801,411665.0,3396500.0,16,340,3,3,2585.0,12.2,498,15,14,411730,3396390,500,0,5,-98.83
574801,411665.0,3396500.0,16,340,3,3,2585.0,12.2,498,15,14,411790,3396410,501,0,5,-88.0
574801,411665.0,3396500.0,16,340,3,3,2585.0,12.2,498,15,14,411735,3396385,500,0,12,-99.6
574801,411665.0,3396500.0,16,340,3,3,2585.0,12.2,498,15,14,411775,3396425,500,0,6,-87.88
574801,411665.0,3396500.0,16,340,3,3,2585.0,12.2,498,15,14,411765,3396425,500,0,6,-84.5
574801,411665.0,3396500.0,16,340,3,3,2585.0,12.2,498,15,14,411785,3396405,501,0,6,-99.0
574801,411665.0,3396500.0,16,340,3,3,2585.0,12.2,498,15,14,411790,3396420,501,0,6,-96.82
574801,411665.0,3396500.0,16,340,3,3,2585.0,12.2,498,15,14,411750,3396380,500,0,5,-99.0
574801,411665.0,3396500.0,16,340,3,3,2585.0,12.2,498,15,14,411725,3396385,500,0,12,-106.0
574801,411665.0,3396500.0,16,340,3,3,2585.0,12.2,498,15,14,411720,3396390,500,0,5,-97.67
574801,411665.0,3396500.0,16,340,3,3,2585.0,12.2,498,15,14,411780,3396410,500,0,6,-90.29
574801,411665.0,3396500.0,16,340,3,3,2585.0,12.2,498,15,14,411685,3396345,502,0,12,-92.5
574801,411665.0,3396500.0,16,340,3,3,2585.0,12.2,498,15,14,411770,3396440,500,0,6,-85.0
574801,411665.0,3396500.0,16,340,3,3,2585.0,12.2,498,15,14,411795,3396415,501,0,5,-87.4
574801,411665.0,3396500.0,16,340,3,3,2585.0,12.2,498,15,14,411775,3396435,500,0,6,-92.0
574801,411665.0,3396500.0,16,340,3,3,2585.0,12.2,498,15,14,408655,3395640,506,0,5,-114.0
574801,411665.0,3396500.0,16,340,3,3,2585.0,12.2,498,15,14,408645,3395630,507,0,5,-104.5
574801,411665.0,3396500.0,16,340,3,3,2585.0,12.2,498,15,14,408640,3395625,507,0,12,-111.0
574801,411665.0,3396500.0,16,340,3,3,2585.0,12.2,498,15,14,408695,3395680,505,0,13,-106.0
574801,411665.0,3396500.0,16,340,3,3,2585.0,12.2,498,15,14,408700,3395645,506,0,5,-98.25
574801,411665.0,3396500.0,16,340,3,3,2585.0,12.2,498,15,14,408705,3395650,506,0,5,-105.67
574801,411665.0,3396500.0,16,340,3,3,2585.0,12.2,498,15,14,408680,3395665,505,0,5,-108.5
574801,411665.0,3396500.0,16,340,3,3,2585.0,12.2,498,15,14,408715,3395660,506,0,5,-100.5
574801,411665.0,3396500.0,16,340,3,3,2585.0,12.2,498,15,14,408710,3395655,506,0,13,-102.43
574801,411665.0,3396500.0,16,340,3,3,2585.0,12.2,498,15,14,411620,3396515,498,0,14,-75.0
574801,411665.0,3396500.0,16,340,3,3,2585.0,12.2,498,15,14,411630,3396505,498,0,6,-75.5
574801,411665.0,3396500.0,16,340,3,3,2585.0,12.2,498,15,14,411805,3396700,500,0,6,-96.5
574801,411665.0,3396500.0,16,340,3,3,2585.0,12.2,498,15,14,411625,3396520,498,0,5,-72.33
574801,411665.0,3396500.0,16,340,3,3,2585.0,12.2,498,15,14,411645,3396540,498,0,6,-73.0
574801,411665.0,3396500.0,16,340,3,3,2585.0,12.2,498,15,14,411660,3396555,498,0,14,-78.45
574801,411665.0,3396500.0,16,340,3,3,2585.0,12.2,498,15,14,411640,3396535,498,0,6,-73.84
574801,411665.0,3396500.0,16,340,3,3,2585.0,12.2,498,15,14,411635,3396510,498,0,6,-74.67
574801,411665.0,3396500.0,16,340,3,3,2585.0,12.2,498,15,14,411655,3396530,498,0,5,-71.75
574801,411665.0,3396500.0,16,340,3,3,2585.0,12.2,498,15,14,411800,3396695,500,0,6,-96.5
574801,411665.0,3396500.0,16,340,3,3,2585.0,12.2,498,15,14,411650,3396525,498,0,6,-70.87
574801,411665.0,3396500.0,16,340,3,3,2585.0,12.2,498,15,14,411665,3396560,498,0,14,-77.06
574801,411665.0,3396500.0,16,340,3,3,2585.0,12.2,498,15,14,411365,3396420,505,9,11,-96.0
574801,411665.0,3396500.0,16,340,3,3,2585.0,12.2,498,15,14,411675,3396550,498,0,5,-75.0
574801,411665.0,3396500.0,16,340,3,3,2585.0,12.2,498,15,14,411670,3396545,498,0,14,-81.0
574801,411665.0,3396500.0,16,340,3,3,2585.0,12.2,498,15,14,411680,3396420,500,15,5,-94.25
574801,411665.0,3396500.0,16,340,3,3,2585.0,12.2,498,15,14,411685,3396415,500,15,5,-95.5
574801,411665.0,3396500.0,16,340,3,3,2585.0,12.2,498,15,14,411800,3396380,501,0,5,-98.0
574801,411665.0,3396500.0,16,340,3,3,2585.0,12.2,498,15,14,408815,3395845,504,12,13,-105.5
574801,411665.0,3396500.0,16,340,3,3,2585.0,12.2,498,15,14,408610,3395820,508,0,5,-110.0
574801,411665.0,3396500.0,16,340,3,3,2585.0,12.2,498,15,14,411780,3396430,500,0,6,-95.0
574801,411665.0,3396500.0,16,340,3,3,2585.0,12.2,498,15,14,411755,3396395,500,0,14,-96.5
574801,411665.0,3396500.0,16,340,3,3,2585.0,12.2,498,15,14,411745,3396385,500,0,5,-97.4
574801,411665.0,3396500.0,16,340,3,3,2585.0,12.2,498,15,14,411740,3396390,500,0,5,-93.5
574801,411665.0,3396500.0,16,340,3,3,2585.0,12.2,498,15,14,411790,3396440,501,0,6,-99.17
574801,411665.0,3396500.0,16,340,3,3,2585.0,12.2,498,15,14,411765,3396405,500,0,6,-88.0
574801,411665.0,3396500.0,16,340,3,3,2585.0,12.2,498,15,14,411750,3396400,500,0,5,-95.0
574801,411665.0,3396500.0,16,340,3,3,2585.0,12.2,498,15,14,411770,3396420,500,0,6,-91.25
574801,411665.0,3396500.0,16,340,3,3,2585.0,12.2,498,15,14,411775,3396415,500,0,6,-84.8
574801,411665.0,3396500.0,16,340,3,3,2585.0,12.2,498,15,14,411795,3396435,501,0,6,-88.0
574801,411665.0,3396500.0,16,340,3,3,2585.0,12.2,498,15,14,411760,3396410,500,0,5,-95.0
574801,411665.0,3396500.0,16,340,3,3,2585.0,12.2,498,15,14,411645,3396840,500,0,6,-87.75
574801,411665.0,3396500.0,16,340,3,3,2585.0,12.2,498,15,14,411650,3396825,500,0,6,-91.0
574801,411665.0,3396500.0,16,340,3,3,2585.0,12.2,498,15,14,408765,3395735,506,0,13,-103.0
574801,411665.0,3396500.0,16,340,3,3,2585.0,12.2,498,15,14,408720,3395700,506,0,5,-85.0
574801,411665.0,3396500.0,16,340,3,3,2585.0,12.2,498,15,14,408680,3395820,505,0,5,-92.5
574801,411665.0,3396500.0,16,340,3,3,2585.0,12.2,498,15,14,408660,3395800,506,0,7,-93.2
574801,411665.0,3396500.0,16,340,3,3,2585.0,12.2,498,15,14,408695,3395805,505,0,7,-82.5
574801,411665.0,3396500.0,16,340,3,3,2585.0,12.2,498,15,14,408685,3395815,505,0,5,-82.0
574801,411665.0,3396500.0,16,340,3,3,2585.0,12.2,498,15,14,408670,3395790,506,0,7,-88.6
574801,411665.0,3396500.0,16,340,3,3,2585.0,12.2,498,15,14,408665,3395795,506,0,7,-95.0
574801,411665.0,3396500.0,16,340,3,3,2585.0,12.2,498,15,14,408725,3395695,506,0,5,-98.0
574801,411665.0,3396500.0,16,340,3,3,2585.0,12.2,498,15,14,408795,3395745,506,0,13,-103.0
574801,411665.0,3396500.0,16,340,3,3,2585.0,12.2,498,15,14,408690,3395810,505,0,7,-89.75
574801,411665.0,3396500.0,16,340,3,3,2585.0,12.2,498,15,14,408780,3395760,506,0,5,-105.0
574801,411665.0,3396500.0,16,340,3,3,2585.0,12.2,498,15,14,411785,3396445,500,0,6,-89.5
574801,411665.0,3396500.0,16,340,3,3,2585.0,12.2,498,15,14,411680,3396390,502,0,5,-104.0
574801,411665.0,3396500.0,16,340,3,3,2585.0,12.2,498,15,14,411700,3396370,501,0,12,-101.5
574801,411665.0,3396500.0,16,340,3,3,2585.0,12.2,498,15,14,411770,3396480,500,0,6,-89.8
574801,411665.0,3396500.0,16,340,3,3,2585.0,12.2,498,15,14,411775,3396475,500,0,6,-87.5
574801,411665.0,3396500.0,16,340,3,3,2585.0,12.2,498,15,14,411795,3396455,501,0,6,-93.33
574801,411665.0,3396500.0,16,340,3,3,2585.0,12.2,498,15,14,411790,3396460,500,0,5,-96.6
574801,411665.0,3396500.0,16,340,3,3,2585.0,12.2,498,15,14,411650,3396810,500,0,6,-88.0
574801,411665.0,3396500.0,16,340,3,3,2585.0,12.2,498,15,14,411645,3396815,500,0,6,-80.0
574801,411665.0,3396500.0,16,340,3,3,2585.0,12.2,498,15,14,411640,3396820,500,0,6,-81.5
574801,411665.0,3396500.0,16,340,3,3,2585.0,12.2,498,15,14,411780,3396400,501,0,6,-87.5
574801,411665.0,3396500.0,16,340,3,3,2585.0,12.2,498,15,14,411770,3396370,501,0,6,-94.0
574801,411665.0,3396500.0,16,340,3,3,2585.0,12.2,498,15,14,411795,3396385,501,0,5,-92.75
574801,411665.0,3396500.0,16,340,3,3,2585.0,12.2,498,15,14,411775,3396365,501,0,6,-93.0
574801,411665.0,3396500.0,16,340,3,3,2585.0,12.2,498,15,14,411760,3396380,500,0,6,-92.5
574801,411665.0,3396500.0,16,340,3,3,2585.0,12.2,498,15,14,411750,3396430,500,0,6,-83.5
574801,411665.0,3396500.0,16,340,3,3,2585.0,12.2,498,15,14,408625,3395790,507,0,12,-85.33
574801,411665.0,3396500.0,16,340,3,3,2585.0,12.2,498,15,14,408635,3395800,507,0,5,-103.91
574801,411665.0,3396500.0,16,340,3,3,2585.0,12.2,498,15,14,408665,3395745,506,0,5,-77.0
574801,411665.0,3396500.0,16,340,3,3,2585.0,12.2,498,15,14,408785,3395785,505,42,12,-100.0
574801,411665.0,3396500.0,16,340,3,3,2585.0,12.2,498,15,14,408700,3395710,506,12,5,-104.33
574801,411665.0,3396500.0,16,340,3,3,2585.0,12.2,498,15,14,408755,3395835,504,42,5,-90.5
574801,411665.0,3396500.0,16,340,3,3,2585.0,12.2,498,15,14,408720,3395810,505,0,5,-91.5
574801,411665.0,3396500.0,16,340,3,3,2585.0,12.2,498,15,14,408710,3395720,506,0,5,-89.5
574801,411665.0,3396500.0,16,340,3,3,2585.0,12.2,498,15,14,408695,3395695,505,0,6,-96.0
574801,411665.0,3396500.0,16,340,3,3,2585.0,12.2,498,15,14,408745,3395825,505,0,5,-101.6
574801,411665.0,3396500.0,16,340,3,3,2585.0,12.2,498,15,14,408725,3395805,505,0,5,-105.0
574801,411665.0,3396500.0,16,340,3,3,2585.0,12.2,498,15,14,408740,3395830,504,0,11,-105.67
574801,411665.0,3396500.0,16,340,3,3,2585.0,12.2,498,15,14,408735,3395815,505,0,5,-101.0
574801,411665.0,3396500.0,16,340,3,3,2585.0,12.2,498,15,14,411770,3396405,500,0,6,-86.33
574801,411665.0,3396500.0,16,340,3,3,2585.0,12.2,498,15,14,411760,3396415,500,0,5,-94.5
574801,411665.0,3396500.0,16,340,3,3,2585.0,12.2,498,15,14,411745,3396400,500,0,5,-96.0
574801,411665.0,3396500.0,16,340,3,3,2585.0,12.2,498,15,14,411785,3396440,500,0,6,-95.6
574801,411665.0,3396500.0,16,340,3,3,2585.0,12.2,498,15,14,411755,3396390,500,0,14,-93.25
574801,411665.0,3396500.0,16,340,3,3,2585.0,12.2,498,15,14,411740,3396395,500,0,5,-116.33
574801,411665.0,3396500.0,16,340,3,3,2585.0,12.2,498,15,14,411790,3396425,501,0,6,-91.5
574801,411665.0,3396500.0,16,340,3,3,2585.0,12.2,498,15,14,411750,3396385,500,0,5,-104.0
574801,411665.0,3396500.0,16,340,3,3,2585.0,12.2,498,15,14,411775,3396410,500,0,6,-87.75
574801,411665.0,3396500.0,16,340,3,3,2585.0,12.2,498,15,14,411765,3396420,500,0,6,-87.33
574801,411665.0,3396500.0,16,340,3,3,2585.0,12.2,498,15,14,408770,3395655,507,0,5,-110.0
574801,411665.0,3396500.0,16,340,3,3,2585.0,12.2,498,15,14,408760,3395645,507,18,5,-125.5
574801,411665.0,3396500.0,16,340,3,3,2585.0,12.2,498,15,14,408785,3395670,507,0,12,-101.0
574801,411665.0,3396500.0,16,340,3,3,2585.0,12.2,498,15,14,408780,3395665,507,0,5,-115.6
574801,411665.0,3396500.0,16,340,3,3,2585.0,12.2,498,15,14,408775,3395660,507,0,5,-105.33
574801,411665.0,3396500.0,16,340,3,3,2585.0,12.2,498,15,14,408765,3395650,507,0,5,-103.17
574801,411665.0,3396500.0,16,340,3,3,2585.0,12.2,498,15,14,408745,3395630,507,0,5,-100.25
574801,411665.0,3396500.0,16,340,3,3,2585.0,12.2,498,15,14,411660,3396720,500,0,5,-85.0
574801,411665.0,3396500.0,16,340,3,3,2585.0,12.2,498,15,14,411785,3396515,500,0,6,-92.0
574801,411665.0,3396500.0,16,340,3,3,2585.0,12.2,498,15,14,411650,3396690,500,0,6,-76.89
574801,411665.0,3396500.0,16,340,3,3,2585.0,12.2,498,15,14,411655,3396685,500,0,5,-79.17
574801,411665.0,3396500.0,16,340,3,3,2585.0,12.2,498,15,14,411780,3396520,500,0,6,-93.4
574801,411665.0,3396500.0,16,340,3,3,2585.0,12.2,498,15,14,411645,3396695,500,0,6,-74.0
574801,411665.0,3396500.0,16,340,3,3,2585.0,12.2,498,15,14,411790,3396510,500,0,6,-92.75
574801,411665.0,3396500.0,16,340,3,3,2585.0,12.2,498,15,14,411635,3396665,500,0,6,-70.2
574801,411665.0,3396500.0,16,340,3,3,2585.0,12.2,498,15,14,411775,3396485,500,0,6,-92.0
574801,411665.0,3396500.0,16,340,3,3,2585.0,12.2,498,15,14,411640,3396700,500,0,6,-82.0
574801,411665.0,3396500.0,16,340,3,3,2585.0,12.2,498,15,14,411630,3396670,500,0,6,-70.2
574801,411665.0,3396500.0,16,340,3,3,2585.0,12.2,498,15,14,411620,3396680,500,0,5,-69.33
574801,411665.0,3396500.0,16,340,3,3,2585.0,12.2,498,15,14,411625,3396675,500,0,5,-67.33
574801,411665.0,3396500.0,16,340,3,3,2585.0,12.2,498,15,14,411635,3396515,498,0,6,-73.5
574801,411665.0,3396500.0,16,340,3,3,2585.0,12.2,498,15,14,411795,3396675,500,0,6,-91.0
574801,411665.0,3396500.0,16,340,3,3,2585.0,12.2,498,15,14,411660,3396550,498,0,14,-77.86
574801,411665.0,3396500.0,16,340,3,3,2585.0,12.2,498,15,14,411630,3396520,498,0,6,-73.1
574801,411665.0,3396500.0,16,340,3,3,2585.0,12.2,498,15,14,411650,3396540,498,0,6,-73.33
574801,411665.0,3396500.0,16,340,3,3,2585.0,12.2,498,15,14,411645,3396525,498,0,6,-70.46
574801,411665.0,3396500.0,16,340,3,3,2585.0,12.2,498,15,14,411655,3396535,498,0,5,-72.13
574801,411665.0,3396500.0,16,340,3,3,2585.0,12.2,498,15,14,411805,3396685,500,0,6,-92.33
574801,411665.0,3396500.0,16,340,3,3,2585.0,12.2,498,15,14,411640,3396530,498,0,6,-73.33
574801,411665.0,3396500.0,16,340,3,3,2585.0,12.2,498,15,14,411665,3396545,498,0,14,-73.0
574801,411665.0,3396500.0,16,340,3,3,2585.0,12.2,498,15,14,411615,3396495,499,12,5,-87.5
574801,411665.0,3396500.0,16,340,3,3,2585.0,12.2,498,15,14,411670,3396560,498,0,14,-73.0
574801,411665.0,3396500.0,16,340,3,3,2585.0,12.2,498,15,14,411625,3396505,498,0,5,-76.75
574801,411665.0,3396500.0,16,340,3,3,2585.0,12.2,498,15,14,411780,3396480,500,0,6,-90.7
574801,411665.0,3396500.0,16,340,3,3,2585.0,12.2,498,15,14,411690,3396370,502,0,12,-96.0
574801,411665.0,3396500.0,16,340,3,3,2585.0,12.2,498,15,14,411805,3396415,501,0,6,-95.0
574801,411665.0,3396500.0,16,340,3,3,2585.0,12.2,498,15,14,411685,3396375,502,0,5,-93.0
574801,411665.0,3396500.0,16,340,3,3,2585.0,12.2,498,15,14,411775,3396445,500,0,6,-91.6
574801,411665.0,3396500.0,16,340,3,3,2585.0,12.2,498,15,14,408775,3395760,506,0,5,-123.0
574801,411665.0,3396500.0,16,340,3,3,2585.0,12.2,498,15,14,408770,3395755,506,0,5,-114.67
574801,411665.0,3396500.0,16,340,3,3,2585.0,12.2,498,15,14,408645,3395790,506,0,5,-93.67
574801,411665.0,3396500.0,16,340,3,3,2585.0,12.2,498,15,14,408720,3395705,506,0,6,-84.5
574801,411665.0,3396500.0,16,340,3,3,2585.0,12.2,498,15,14,408700,3395805,505,0,7,-86.67
574801,411665.0,3396500.0,16,340,3,3,2585.0,12.2,498,15,14,408715,3395820,505,0,5,-82.5
574801,411665.0,3396500.0,16,340,3,3,2585.0,12.2,498,15,14,408685,3395830,504,42,5,-118.0
574801,411665.0,3396500.0,16,340,3,3,2585.0,12.2,498,15,14,408705,3395810,505,0,5,-91.2
574801,411665.0,3396500.0,16,340,3,3,2585.0,12.2,498,15,14,408785,3395730,506,21,5,-99.4
574801,411665.0,3396500.0,16,340,3,3,2585.0,12.2,498,15,14,408740,3395685,506,18,5,-98.33
574801,411665.0,3396500.0,16,340,3,3,2585.0,12.2,498,15,14,408790,3395735,506,0,5,-100.17
574801,411665.0,3396500.0,16,340,3,3,2585.0,12.2,498,15,14,408655,3395800,506,0,7,-95.27
574801,411665.0,3396500.0,16,340,3,3,2585.0,12.2,498,15,14,408795,3395740,506,0,13,-99.0
574801,411665.0,3396500.0,16,340,3,3,2585.0,12.2,498,15,14,408765,3395750,506,21,5,-104.25
574801,411665.0,3396500.0,16,340,3,3,2585.0,12.2,498,15,14,408650,3395795,506,0,7,-92.5
574801,411665.0,3396500.0,16,340,3,3,2585.0,12.2,498,15,14,408650,3395845,506,0,5,-98.5
574801,411665.0,3396500.0,16,340,3,3,2585.0,12.2,498,15,14,408655,3395850,506,0,5,-91.5
574801,411665.0,3396500.0,16,340,3,3,2585.0,12.2,498,15,14,411625,3396465,498,0,5,-82.5
574801,411665.0,3396500.0,16,340,3,3,2585.0,12.2,498,15,14,411620,3396470,498,12,14,-82.0
574801,411665.0,3396500.0,16,340,3,3,2585.0,12.2,498,15,14,411580,3396350,509,6,14,-92.5
574801,411665.0,3396500.0,16,340,3,3,2585.0,12.2,498,15,14,411655,3396415,501,0,6,-89.54
574801,411665.0,3396500.0,16,340,3,3,2585.0,12.2,498,15,14,411635,3396475,498,0,6,-81.68
574801,411665.0,3396500.0,16,340,3,3,2585.0,12.2,498,15,14,411645,3396405,502,0,6,-89.75
574801,411665.0,3396500.0,16,340,3,3,2585.0,12.2,498,15,14,411595,3396355,508,6,14,-100.0
574801,411665.0,3396500.0,16,340,3,3,2585.0,12.2,498,15,14,411650,3396420,501,0,6,-87.21
574801,411665.0,3396500.0,16,340,3,3,2585.0,12.2,498,15,14,411640,3396410,502,0,6,-90.0
574801,411665.0,3396500.0,16,340,3,3,2585.0,12.2,498,15,14,411630,3396480,498,0,6,-83.67
574801,411665.0,3396500.0,16,340,3,3,2585.0,12.2,498,15,14,408690,3395855,504,0,5,-97.25
574801,411665.0,3396500.0,16,340,3,3,2585.0,12.2,498,15,14,408700,3395865,504,0,5,-100.5
574801,411665.0,3396500.0,16,340,3,3,2585.0,12.2,498,15,14,408695,3395860,504,0,5,-102.0
574801,411665.0,3396500.0,16,340,3,3,2585.0,12.2,498,15,14,408730,3395865,504,0,5,-87.5
574801,411665.0,3396500.0,16,340,3,3,2585.0,12.2,498,15,14,408735,3395870,504,0,5,-98.33
574801,411665.0,3396500.0,16,340,3,3,2585.0,12.2,498,15,14,408720,3395645,507,0,5,-100.0
574801,411665.0,3396500.0,16,340,3,3,2585.0,12.2,498,15,14,408725,3395650,507,0,5,-98.95
574801,411665.0,3396500.0,16,340,3,3,2585.0,12.2,498,15,14,408730,3395655,507,0,5,-99.14
574801,411665.0,3396500.0,16,340,3,3,2585.0,12.2,498,15,14,408735,3395660,507,0,13,-98.29
574801,411665.0,3396500.0,16,340,3,3,2585.0,12.2,498,15,14,408760,3395605,508,0,5,-116.5
574801,411665.0,3396500.0,16,340,3,3,2585.0,12.2,498,15,14,408740,3395665,507,0,13,-101.0
574801,411665.0,3396500.0,16,340,3,3,2585.0,12.2,498,15,14,408780,3395625,507,0,13,-126.5
574801,411665.0,3396500.0,16,340,3,3,2585.0,12.2,498,15,14,408815,3395740,506,0,5,-98.0
574801,411665.0,3396500.0,16,340,3,3,2585.0,12.2,498,15,14,408785,3395630,507,0,5,-114.6
574801,411665.0,3396500.0,16,340,3,3,2585.0,12.2,498,15,14,411690,3396530,498,6,7,-88.0
574801,411665.0,3396500.0,16,340,3,3,2585.0,12.2,498,15,14,411645,3396735,500,0,6,-88.5
574801,411665.0,3396500.0,16,340,3,3,2585.0,12.2,498,15,14,411790,3396630,501,0,6,-91.5
574801,411665.0,3396500.0,16,340,3,3,2585.0,12.2,498,15,14,411635,3396785,499,0,6,-87.33
574801,411665.0,3396500.0,16,340,3,3,2585.0,12.2,498,15,14,411795,3396625,501,0,6,-90.56
574801,411665.0,3396500.0,16,340,3,3,2585.0,12.2,498,15,14,411630,3396790,499,0,6,-87.0
574801,411665.0,3396500.0,16,340,3,3,2585.0,12.2,498,15,14,411685,3396535,498,0,5,-87.5
574801,411665.0,3396500.0,16,340,3,3,2585.0,12.2,498,15,14,411350,3396430,505,9,6,-95.67
574801,411665.0,3396500.0,16,340,3,3,2585.0,12.2,498,15,14,411680,3396540,498,0,14,-81.75
574801,411665.0,3396500.0,16,340,3,3,2585.0,12.2,498,15,14,411650,3396730,500,0,6,-87.0
574801,411665.0,3396500.0,16,340,3,3,2585.0,12.2,498,15,14,411715,3396545,498,0,7,-81.0
574801,411665.0,3396500.0,16,340,3,3,2585.0,12.2,498,15,14,408685,3395855,504,0,5,-94.5
574801,411665.0,3396500.0,16,340,3,3,2585.0,12.2,498,15,14,408770,3395930,505,0,6,-108.0
574801,411665.0,3396500.0,16,340,3,3,2585.0,12.2,498,15,14,408690,3395850,504,0,13,-97.5
574801,411665.0,3396500.0,16,340,3,3,2585.0,12.2,498,15,14,408695,3395845,504,42,13,-94.0
574801,411665.0,3396500.0,16,340,3,3,2585.0,12.2,498,15,14,408680,3395860,504,0,5,-90.33
574801,411665.0,3396500.0,16,340,3,3,2585.0,12.2,498,15,14,408615,3395800,508,42,5,-91.25
574801,411665.0,3396500.0,16,340,3,3,2585.0,12.2,498,15,14,408610,3395795,508,42,5,-103.0
574801,411665.0,3396500.0,16,340,3,3,2585.0,12.2,498,15,14,411620,3396610,500,12,5,-61.0
574801,411665.0,3396500.0,16,340,3,3,2585.0,12.2,498,15,14,411650,3396600,499,0,6,-72.79
574801,411665.0,3396500.0,16,340,3,3,2585.0,12.2,498,15,14,411660,3396570,498,0,14,-71.0
574801,411665.0,3396500.0,16,340,3,3,2585.0,12.2,498,15,14,411645,3396585,499,0,6,-74.73
574801,411665.0,3396500.0,16,340,3,3,2585.0,12.2,498,15,14,411635,3396615,500,0,6,-66.93
574801,411665.0,3396500.0,16,340,3,3,2585.0,12.2,498,15,14,411655,3396595,499,0,5,-75.08
574801,411665.0,3396500.0,16,340,3,3,2585.0,12.2,498,15,14,411640,3396590,499,0,6,-71.57
574801,411665.0,3396500.0,16,340,3,3,2585.0,12.2,498,15,14,411665,3396565,498,0,14,-69.25
574801,411665.0,3396500.0,16,340,3,3,2585.0,12.2,498,15,14,411625,3396605,499,0,5,-64.8
574801,411665.0,3396500.0,16,340,3,3,2585.0,12.2,498,15,14,411630,3396620,500,0,6,-64.44
574801,411665.0,3396500.0,16,340,3,3,2585.0,12.2,498,15,14,408635,3395725,506,0,5,-95.5
574801,411665.0,3396500.0,16,340,3,3,2585.0,12.2,498,15,14,408675,3395790,506,0,7,-92.0
574801,411665.0,3396500.0,16,340,3,3,2585.0,12.2,498,15,14,408700,3395835,504,0,5,-104.67
574801,411665.0,3396500.0,16,340,3,3,2585.0,12.2,498,15,14,408730,3395685,506,0,13,-94.5
574801,411665.0,3396500.0,16,340,3,3,2585.0,12.2,498,15,14,408670,3395785,506,6,7,-87.5
574801,411665.0,3396500.0,16,340,3,3,2585.0,12.2,498,15,14,408720,3395695,506,0,5,-99.67
574801,411665.0,3396500.0,16,340,3,3,2585.0,12.2,498,15,14,408660,3395795,506,0,7,-95.33
574801,411665.0,3396500.0,16,340,3,3,2585.0,12.2,498,15,14,408690,3395805,505,0,7,-87.63
574801,411665.0,3396500.0,16,340,3,3,2585.0,12.2,498,15,14,408665,3395800,506,0,7,-88.38
574801,411665.0,3396500.0,16,340,3,3,2585.0,12.2,498,15,14,408695,3395810,505,0,7,-84.5
574801,411665.0,3396500.0,16,340,3,3,2585.0,12.2,498,15,14,408785,3395760,506,21,5,-98.0
574801,411665.0,3396500.0,16,340,3,3,2585.0,12.2,498,15,14,408795,3395750,506,21,5,-102.0
574801,411665.0,3396500.0,16,340,3,3,2585.0,12.2,498,15,14,408780,3395755,506,21,5,-97.5
574801,411665.0,3396500.0,16,340,3,3,2585.0,12.2,498,15,14,408790,3395745,506,0,13,-108.83
574801,411665.0,3396500.0,16,340,3,3,2585.0,12.2,498,15,14,411695,3396440,499,5,6,-82.0
574801,411665.0,3396500.0,16,340,3,3,2585.0,12.2,498,15,14,411705,3396410,500,15,5,-78.0
574801,411665.0,3396500.0,16,340,3,3,2585.0,12.2,498,15,14,411805,3396390,501,0,5,-92.73
574801,411665.0,3396500.0,16,340,3,3,2585.0,12.2,498,15,14,411765,3396350,500,0,6,-114.5
574801,411665.0,3396500.0,16,340,3,3,2585.0,12.2,498,15,14,411800,3396385,501,0,5,-93.73
574801,411665.0,3396500.0,16,340,3,3,2585.0,12.2,498,15,14,411770,3396355,501,0,6,-96.0
574801,411665.0,3396500.0,16,340,3,3,2585.0,12.2,498,15,14,411810,3396395,501,0,5,-94.67
574801,411665.0,3396500.0,16,340,3,3,2585.0,12.2,498,15,14,408675,3395855,504,0,5,-92.0
574801,411665.0,3396500.0,16,340,3,3,2585.0,12.2,498,15,14,408665,3395845,505,0,5,-94.63
574801,411665.0,3396500.0,16,340,3,3,2585.0,12.2,498,15,14,408660,3395850,505,0,5,-98.5
574801,411665.0,3396500.0,16,340,3,3,2585.0,12.2,498,15,14,408670,3395860,505,0,5,-96.5
574801,411665.0,3396500.0,16,340,3,3,2585.0,12.2,498,15,14,411840,3396370,502,0,6,-95.0
