Cell Index,Cell X,Cell Y,Height,Azimuth,Electrical Downtilt,Mechanical Downtilt,Frequency Band,RS Power,Cell Altitude,Cell Building Height,Cell Clutter Index,X,Y,Altitude,Building Height,Clutter Index,RSRP
307701,418390.0,3386755.0,17,300,3,3,2585.0,9.2,504,0,5,418480,3388240,521,0,5,-112.5
307701,418390.0,3386755.0,17,300,3,3,2585.0,9.2,504,0,5,418635,3388705,517,0,6,-104.57
307701,418390.0,3386755.0,17,300,3,3,2585.0,9.2,504,0,5,418735,3386210,512,0,14,-101.67
307701,418390.0,3386755.0,17,300,3,3,2585.0,9.2,504,0,5,418780,3386195,514,0,5,-103.5
307701,418390.0,3386755.0,17,300,3,3,2585.0,9.2,504,0,5,418015,3386890,502,0,6,-101.5
307701,418390.0,3386755.0,17,300,3,3,2585.0,9.2,504,0,5,418065,3386960,502,0,6,-96.8
307701,418390.0,3386755.0,17,300,3,3,2585.0,9.2,504,0,5,418005,3386900,502,0,5,-96.33
307701,418390.0,3386755.0,17,300,3,3,2585.0,9.2,504,0,5,418070,3386945,503,0,5,-99.33
307701,418390.0,3386755.0,17,300,3,3,2585.0,9.2,504,0,5,418555,3388280,521,0,2,-101.0
307701,418390.0,3386755.0,17,300,3,3,2585.0,9.2,504,0,5,418070,3387350,496,0,7,-107.0
307701,418390.0,3386755.0,17,300,3,3,2585.0,9.2,504,0,5,418240,3386900,503,0,6,-86.5
307701,418390.0,3386755.0,17,300,3,3,2585.0,9.2,504,0,5,418250,3386890,503,0,5,-88.17
307701,418390.0,3386755.0,17,300,3,3,2585.0,9.2,504,0,5,418255,3386885,503,0,5,-86.86
307701,418390.0,3386755.0,17,300,3,3,2585.0,9.2,504,0,5,418245,3386895,503,0,5,-91.33
307701,418390.0,3386755.0,17,300,3,3,2585.0,9.2,504,0,5,418325,3386860,502,0,6,-82.75
307701,418390.0,3386755.0,17,300,3,3,2585.0,9.2,504,0,5,418540,3386675,503,0,14,-64.0
307701,418390.0,3386755.0,17,300,3,3,2585.0,9.2,504,0,5,418390,3386825,504,12,6,-72.38
307701,418390.0,3386755.0,17,300,3,3,2585.0,9.2,504,0,5,418510,3386705,503,0,5,-71.0
307701,418390.0,3386755.0,17,300,3,3,2585.0,9.2,504,0,5,418335,3386850,503,0,5,-80.4
307701,418390.0,3386755.0,17,300,3,3,2585.0,9.2,504,0,5,418330,3386845,502,0,5,-82.6
307701,418390.0,3386755.0,17,300,3,3,2585.0,9.2,504,0,5,418500,3386715,502,0,5,-71.42
307701,418390.0,3386755.0,17,300,3,3,2585.0,9.2,504,0,5,418515,3386710,503,0,14,-71.96
307701,418390.0,3386755.0,17,300,3,3,2585.0,9.2,504,0,5,418375,3386810,504,0,14,-77.13
307701,418390.0,3386755.0,17,300,3,3,2585.0,9.2,504,0,5,418380,3386835,504,12,6,-72.8
307701,418390.0,3386755.0,17,300,3,3,2585.0,9.2,504,0,5,418370,3386805,504,0,14,-79.85
307701,418390.0,3386755.0,17,300,3,3,2585.0,9.2,504,0,5,418360,3386815,503,0,14,-78.86
307701,418390.0,3386755.0,17,300,3,3,2585.0,9.2,504,0,5,418505,3386720,502,0,5,-72.05
307701,418390.0,3386755.0,17,300,3,3,2585.0,9.2,504,0,5,418365,3386820,503,0,5,-77.58
307701,418390.0,3386755.0,17,300,3,3,2585.0,9.2,504,0,5,418320,3386855,502,0,5,-81.83
307701,418390.0,3386755.0,17,300,3,3,2585.0,9.2,504,0,5,418545,3386680,503,0,5,-76.5
307701,418390.0,3386755.0,17,300,3,3,2585.0,9.2,504,0,5,418715,3386700,505,15,14,-98.0
307701,418390.0,3386755.0,17,300,3,3,2585.0,9.2,504,0,5,418650,3386675,504,0,6,-76.0
307701,418390.0,3386755.0,17,300,3,3,2585.0,9.2,504,0,5,418730,3386755,506,0,5,-98.0
307701,418390.0,3386755.0,17,300,3,3,2585.0,9.2,504,0,5,418720,3386745,506,0,5,-101.4
307701,418390.0,3386755.0,17,300,3,3,2585.0,9.2,504,0,5,418670,3386655,504,0,6,-80.43
307701,418390.0,3386755.0,17,300,3,3,2585.0,9.2,504,0,5,418655,3386680,504,0,6,-77.0
307701,418390.0,3386755.0,17,300,3,3,2585.0,9.2,504,0,5,419000,3386385,519,0,14,-91.6
307701,418390.0,3386755.0,17,300,3,3,2585.0,9.2,504,0,5,418645,3386670,504,0,6,-81.63
307701,418390.0,3386755.0,17,300,3,3,2585.0,9.2,504,0,5,418665,3386650,504,0,6,-83.33
307701,418390.0,3386755.0,17,300,3,3,2585.0,9.2,504,0,5,418640,3386665,504,0,6,-81.89
307701,418390.0,3386755.0,17,300,3,3,2585.0,9.2,504,0,5,418695,3386720,505,0,7,-95.33
307701,418390.0,3386755.0,17,300,3,3,2585.0,9.2,504,0,5,418660,3386645,504,0,5,-80.69
307701,418390.0,3386755.0,17,300,3,3,2585.0,9.2,504,0,5,418735,3386760,506,0,5,-90.5
307701,418390.0,3386755.0,17,300,3,3,2585.0,9.2,504,0,5,418690,3386715,505,0,7,-107.5
307701,418390.0,3386755.0,17,300,3,3,2585.0,9.2,504,0,5,419015,3386400,519,0,6,-97.0
307701,418390.0,3386755.0,17,300,3,3,2585.0,9.2,504,0,5,418615,3386640,504,0,5,-82.67
307701,418390.0,3386755.0,17,300,3,3,2585.0,9.2,504,0,5,418725,3386750,506,0,5,-100.6
307701,418390.0,3386755.0,17,300,3,3,2585.0,9.2,504,0,5,418675,3386660,504,0,6,-78.5
307701,418390.0,3386755.0,17,300,3,3,2585.0,9.2,504,0,5,418530,3386455,506,0,5,-101.5
307701,418390.0,3386755.0,17,300,3,3,2585.0,9.2,504,0,5,418410,3386495,501,0,5,-100.0
307701,418390.0,3386755.0,17,300,3,3,2585.0,9.2,504,0,5,418555,3387555,502,0,6,-105.0
307701,418390.0,3386755.0,17,300,3,3,2585.0,9.2,504,0,5,418550,3387560,502,0,5,-106.67
307701,418390.0,3386755.0,17,300,3,3,2585.0,9.2,504,0,5,418695,3386290,509,0,10,-93.5
307701,418390.0,3386755.0,17,300,3,3,2585.0,9.2,504,0,5,418735,3386490,505,0,5,-96.5
307701,418390.0,3386755.0,17,300,3,3,2585.0,9.2,504,0,5,418865,3386480,511,0,5,-95.5
307701,418390.0,3386755.0,17,300,3,3,2585.0,9.2,504,0,5,418725,3386500,505,0,5,-92.33
307701,418390.0,3386755.0,17,300,3,3,2585.0,9.2,504,0,5,418790,3386545,507,0,5,-93.9
307701,418390.0,3386755.0,17,300,3,3,2585.0,9.2,504,0,5,418785,3386560,506,0,5,-93.65
307701,418390.0,3386755.0,17,300,3,3,2585.0,9.2,504,0,5,418795,3386550,507,0,5,-93.82
307701,418390.0,3386755.0,17,300,3,3,2585.0,9.2,504,0,5,418780,3386555,506,0,5,-94.91
307701,418390.0,3386755.0,17,300,3,3,2585.0,9.2,504,0,5,418770,3386525,506,0,5,-94.0
307701,418390.0,3386755.0,17,300,3,3,2585.0,9.2,504,0,5,418730,3386485,505,0,5,-98.33
307701,418390.0,3386755.0,17,300,3,3,2585.0,9.2,504,0,5,418600,3386375,505,0,6,-99.0
307701,418390.0,3386755.0,17,300,3,3,2585.0,9.2,504,0,5,418740,3386515,505,0,5,-95.33
307701,418390.0,3386755.0,17,300,3,3,2585.0,9.2,504,0,5,418720,3386495,505,0,5,-89.29
307701,418390.0,3386755.0,17,300,3,3,2585.0,9.2,504,0,5,418765,3386540,506,0,5,-96.25
307701,418390.0,3386755.0,17,300,3,3,2585.0,9.2,504,0,5,418540,3387035,508,0,5,-99.33
307701,418390.0,3386755.0,17,300,3,3,2585.0,9.2,504,0,5,418535,3387010,508,0,6,-96.46
307701,418390.0,3386755.0,17,300,3,3,2585.0,9.2,504,0,5,418530,3387005,508,0,5,-98.35
307701,418390.0,3386755.0,17,300,3,3,2585.0,9.2,504,0,5,418525,3387020,508,0,5,-101.2
307701,418390.0,3386755.0,17,300,3,3,2585.0,9.2,504,0,5,418655,3386665,504,0,6,-73.33
307701,418390.0,3386755.0,17,300,3,3,2585.0,9.2,504,0,5,418645,3386675,504,0,6,-79.63
307701,418390.0,3386755.0,17,300,3,3,2585.0,9.2,504,0,5,418695,3386705,505,0,5,-101.0
307701,418390.0,3386755.0,17,300,3,3,2585.0,9.2,504,0,5,418685,3386715,505,0,7,-102.33
307701,418390.0,3386755.0,17,300,3,3,2585.0,9.2,504,0,5,418720,3386760,505,0,14,-104.5
307701,418390.0,3386755.0,17,300,3,3,2585.0,9.2,504,0,5,418740,3386740,506,0,14,-103.5
307701,418390.0,3386755.0,17,300,3,3,2585.0,9.2,504,0,5,418725,3386755,506,0,14,-100.5
307701,418390.0,3386755.0,17,300,3,3,2585.0,9.2,504,0,5,418680,3386720,505,0,7,-90.33
307701,418390.0,3386755.0,17,300,3,3,2585.0,9.2,504,0,5,418650,3386670,504,0,6,-76.2
307701,418390.0,3386755.0,17,300,3,3,2585.0,9.2,504,0,5,418665,3386655,504,0,6,-80.0
307701,418390.0,3386755.0,17,300,3,3,2585.0,9.2,504,0,5,418735,3386745,506,0,14,-92.0
307701,418390.0,3386755.0,17,300,3,3,2585.0,9.2,504,0,5,419015,3386385,519,0,5,-92.5
307701,418390.0,3386755.0,17,300,3,3,2585.0,9.2,504,0,5,418610,3386630,504,0,5,-85.5
307701,418390.0,3386755.0,17,300,3,3,2585.0,9.2,504,0,5,418670,3386650,504,0,6,-81.0
307701,418390.0,3386755.0,17,300,3,3,2585.0,9.2,504,0,5,418660,3386660,504,0,6,-75.5
307701,418390.0,3386755.0,17,300,3,3,2585.0,9.2,504,0,5,418675,3386645,504,0,6,-79.69
307701,418390.0,3386755.0,17,300,3,3,2585.0,9.2,504,0,5,418730,3386750,506,0,5,-100.5
307701,418390.0,3386755.0,17,300,3,3,2585.0,9.2,504,0,5,418690,3386710,505,0,7,-96.0
307701,418390.0,3386755.0,17,300,3,3,2585.0,9.2,504,0,5,418640,3386680,504,0,6,-76.86
307701,418390.0,3386755.0,17,300,3,3,2585.0,9.2,504,0,5,418700,3388370,518,0,5,-105.67
307701,418390.0,3386755.0,17,300,3,3,2585.0,9.2,504,0,5,418035,3387695,504,0,12,-94.6
307701,418390.0,3386755.0,17,300,3,3,2585.0,9.2,504,0,5,418020,3387690,504,6,12,-94.67
307701,418390.0,3386755.0,17,300,3,3,2585.0,9.2,504,0,5,418030,3387700,504,0,12,-98.83
307701,418390.0,3386755.0,17,300,3,3,2585.0,9.2,504,0,5,418430,3388475,522,0,5,-117.5
307701,418390.0,3386755.0,17,300,3,3,2585.0,9.2,504,0,5,418365,3386615,502,0,6,-96.0
307701,418390.0,3386755.0,17,300,3,3,2585.0,9.2,504,0,5,418510,3386750,503,0,6,-66.41
307701,418390.0,3386755.0,17,300,3,3,2585.0,9.2,504,0,5,418500,3386760,503,0,6,-64.76
307701,418390.0,3386755.0,17,300,3,3,2585.0,9.2,504,0,5,418490,3386730,502,0,5,-71.97
307701,418390.0,3386755.0,17,300,3,3,2585.0,9.2,504,0,5,418400,3386820,504,12,6,-68.38
307701,418390.0,3386755.0,17,300,3,3,2585.0,9.2,504,0,5,418360,3386620,502,0,6,-99.0
307701,418390.0,3386755.0,17,300,3,3,2585.0,9.2,504,0,5,418495,3386725,502,0,5,-73.96
307701,418390.0,3386755.0,17,300,3,3,2585.0,9.2,504,0,5,418380,3386640,503,0,6,-94.0
307701,418390.0,3386755.0,17,300,3,3,2585.0,9.2,504,0,5,418395,3386625,502,0,5,-92.5
307701,418390.0,3386755.0,17,300,3,3,2585.0,9.2,504,0,5,418485,3386735,502,0,5,-74.26
307701,418390.0,3386755.0,17,300,3,3,2585.0,9.2,504,0,5,418345,3386595,502,0,6,-99.2
307701,418390.0,3386755.0,17,300,3,3,2585.0,9.2,504,0,5,418505,3386755,503,0,6,-66.1
307701,418390.0,3386755.0,17,300,3,3,2585.0,9.2,504,0,5,418515,3386745,503,0,6,-70.24
307701,418390.0,3386755.0,17,300,3,3,2585.0,9.2,504,0,5,418415,3386805,504,0,6,-66.88
307701,418390.0,3386755.0,17,300,3,3,2585.0,9.2,504,0,5,418410,3386810,504,6,6,-67.29
307701,418390.0,3386755.0,17,300,3,3,2585.0,9.2,504,0,5,418480,3386740,502,0,5,-75.0
307701,418390.0,3386755.0,17,300,3,3,2585.0,9.2,504,0,5,418350,3386590,501,0,6,-93.5
307701,418390.0,3386755.0,17,300,3,3,2585.0,9.2,504,0,5,418405,3386815,504,12,6,-68.92
307701,418390.0,3386755.0,17,300,3,3,2585.0,9.2,504,0,5,418265,3386455,502,0,6,-101.5
307701,418390.0,3386755.0,17,300,3,3,2585.0,9.2,504,0,5,418485,3388245,521,0,5,-111.33
307701,418390.0,3386755.0,17,300,3,3,2585.0,9.2,504,0,5,418800,3386605,507,0,6,-102.5
307701,418390.0,3386755.0,17,300,3,3,2585.0,9.2,504,0,5,418890,3386535,511,0,6,-99.33
307701,418390.0,3386755.0,17,300,3,3,2585.0,9.2,504,0,5,418665,3386790,504,0,7,-103.6
307701,418390.0,3386755.0,17,300,3,3,2585.0,9.2,504,0,5,418885,3386530,511,18,6,-89.0
307701,418390.0,3386755.0,17,300,3,3,2585.0,9.2,504,0,5,418930,3386495,512,0,6,-91.7
307701,418390.0,3386755.0,17,300,3,3,2585.0,9.2,504,0,5,418975,3386460,515,6,6,-91.4
307701,418390.0,3386755.0,17,300,3,3,2585.0,9.2,504,0,5,418925,3386490,512,0,6,-96.0
307701,418390.0,3386755.0,17,300,3,3,2585.0,9.2,504,0,5,418935,3386500,512,6,6,-91.33
307701,418390.0,3386755.0,17,300,3,3,2585.0,9.2,504,0,5,419015,3386420,518,0,6,-95.0
307701,418390.0,3386755.0,17,300,3,3,2585.0,9.2,504,0,5,418960,3386445,515,0,5,-107.0
307701,418390.0,3386755.0,17,300,3,3,2585.0,9.2,504,0,5,418920,3386485,512,0,5,-94.17
307701,418390.0,3386755.0,17,300,3,3,2585.0,9.2,504,0,5,418965,3386450,515,0,6,-99.0
307701,418390.0,3386755.0,17,300,3,3,2585.0,9.2,504,0,5,419005,3386410,518,0,6,-102.5
307701,418390.0,3386755.0,17,300,3,3,2585.0,9.2,504,0,5,418680,3386725,505,0,7,-91.0
307701,418390.0,3386755.0,17,300,3,3,2585.0,9.2,504,0,5,418970,3386455,515,6,6,-93.4
307701,418390.0,3386755.0,17,300,3,3,2585.0,9.2,504,0,5,418880,3386525,511,18,6,-93.67
307701,418390.0,3386755.0,17,300,3,3,2585.0,9.2,504,0,5,418700,3386745,505,0,5,-103.0
307701,418390.0,3386755.0,17,300,3,3,2585.0,9.2,504,0,5,418415,3386820,504,6,6,-65.0
307701,418390.0,3386755.0,17,300,3,3,2585.0,9.2,504,0,5,418410,3386815,504,0,6,-69.77
307701,418390.0,3386755.0,17,300,3,3,2585.0,9.2,504,0,5,418405,3386810,504,0,5,-69.59
307701,418390.0,3386755.0,17,300,3,3,2585.0,9.2,504,0,5,418500,3386745,502,0,6,-68.29
307701,418390.0,3386755.0,17,300,3,3,2585.0,9.2,504,0,5,418350,3386595,502,0,6,-97.67
307701,418390.0,3386755.0,17,300,3,3,2585.0,9.2,504,0,5,418340,3386585,501,0,6,-99.0
307701,418390.0,3386755.0,17,300,3,3,2585.0,9.2,504,0,5,418355,3386600,502,0,6,-99.5
307701,418390.0,3386755.0,17,300,3,3,2585.0,9.2,504,0,5,418400,3386805,504,0,5,-72.81
307701,418390.0,3386755.0,17,300,3,3,2585.0,9.2,504,0,5,418480,3386725,502,0,5,-72.82
307701,418390.0,3386755.0,17,300,3,3,2585.0,9.2,504,0,5,418510,3386755,503,0,6,-68.4
307701,418390.0,3386755.0,17,300,3,3,2585.0,9.2,504,0,5,418495,3386740,502,0,5,-69.46
307701,418390.0,3386755.0,17,300,3,3,2585.0,9.2,504,0,5,418485,3386730,502,0,5,-73.41
307701,418390.0,3386755.0,17,300,3,3,2585.0,9.2,504,0,5,418505,3386750,503,0,6,-69.54
307701,418390.0,3386755.0,17,300,3,3,2585.0,9.2,504,0,5,418360,3386605,502,0,6,-97.1
307701,418390.0,3386755.0,17,300,3,3,2585.0,9.2,504,0,5,418490,3386735,502,0,5,-69.71
307701,418390.0,3386755.0,17,300,3,3,2585.0,9.2,504,0,5,418365,3386610,502,0,6,-103.75
307701,418390.0,3386755.0,17,300,3,3,2585.0,9.2,504,0,5,418515,3386760,503,0,6,-67.33
307701,418390.0,3386755.0,17,300,3,3,2585.0,9.2,504,0,5,418375,3386620,502,0,6,-102.8
307701,418390.0,3386755.0,17,300,3,3,2585.0,9.2,504,0,5,418650,3386680,504,0,6,-74.33
307701,418390.0,3386755.0,17,300,3,3,2585.0,9.2,504,0,5,418730,3386760,506,0,5,-98.33
307701,418390.0,3386755.0,17,300,3,3,2585.0,9.2,504,0,5,418640,3386670,504,0,6,-78.67
307701,418390.0,3386755.0,17,300,3,3,2585.0,9.2,504,0,5,418655,3386675,504,0,6,-75.25
307701,418390.0,3386755.0,17,300,3,3,2585.0,9.2,504,0,5,418720,3386750,506,0,14,-99.4
307701,418390.0,3386755.0,17,300,3,3,2585.0,9.2,504,0,5,418625,3386605,504,0,5,-92.0
307701,418390.0,3386755.0,17,300,3,3,2585.0,9.2,504,0,5,418660,3386650,504,0,6,-79.75
307701,418390.0,3386755.0,17,300,3,3,2585.0,9.2,504,0,5,418645,3386665,504,0,6,-81.4
307701,418390.0,3386755.0,17,300,3,3,2585.0,9.2,504,0,5,419005,3386385,519,0,5,-93.5
307701,418390.0,3386755.0,17,300,3,3,2585.0,9.2,504,0,5,418690,3386720,505,0,7,-93.3
307701,418390.0,3386755.0,17,300,3,3,2585.0,9.2,504,0,5,418695,3386715,505,0,7,-97.83
307701,418390.0,3386755.0,17,300,3,3,2585.0,9.2,504,0,5,418665,3386645,504,0,5,-81.19
307701,418390.0,3386755.0,17,300,3,3,2585.0,9.2,504,0,5,418675,3386655,504,0,6,-77.11
307701,418390.0,3386755.0,17,300,3,3,2585.0,9.2,504,0,5,418610,3386640,504,0,5,-80.0
307701,418390.0,3386755.0,17,300,3,3,2585.0,9.2,504,0,5,418615,3386635,504,0,5,-78.17
307701,418390.0,3386755.0,17,300,3,3,2585.0,9.2,504,0,5,418725,3386745,506,0,5,-97.14
307701,418390.0,3386755.0,17,300,3,3,2585.0,9.2,504,0,5,418815,3386210,516,0,5,-106.0
307701,418390.0,3386755.0,17,300,3,3,2585.0,9.2,504,0,5,418745,3388350,517,0,14,-108.38
307701,418390.0,3386755.0,17,300,3,3,2585.0,9.2,504,0,5,418145,3386880,504,0,5,-91.67
307701,418390.0,3386755.0,17,300,3,3,2585.0,9.2,504,0,5,417970,3386885,500,0,5,-95.5
307701,418390.0,3386755.0,17,300,3,3,2585.0,9.2,504,0,5,417965,3386900,500,0,5,-90.0
307701,418390.0,3386755.0,17,300,3,3,2585.0,9.2,504,0,5,418615,3387440,500,6,14,-100.0
307701,418390.0,3386755.0,17,300,3,3,2585.0,9.2,504,0,5,418125,3386915,504,0,5,-101.0
307701,418390.0,3386755.0,17,300,3,3,2585.0,9.2,504,0,5,418140,3386900,504,0,5,-94.5
307701,418390.0,3386755.0,17,300,3,3,2585.0,9.2,504,0,5,418085,3386955,502,0,5,-93.5
307701,418390.0,3386755.0,17,300,3,3,2585.0,9.2,504,0,5,418090,3386950,502,0,5,-100.0
307701,418390.0,3386755.0,17,300,3,3,2585.0,9.2,504,0,5,418115,3386925,503,0,5,-99.61
307701,418390.0,3386755.0,17,300,3,3,2585.0,9.2,504,0,5,418145,3386895,504,0,5,-94.75
307701,418390.0,3386755.0,17,300,3,3,2585.0,9.2,504,0,5,418130,3386910,504,0,5,-97.0
307701,418390.0,3386755.0,17,300,3,3,2585.0,9.2,504,0,5,418105,3386935,503,0,5,-101.5
307701,418390.0,3386755.0,17,300,3,3,2585.0,9.2,504,0,5,418110,3386930,503,0,5,-100.2
307701,418390.0,3386755.0,17,300,3,3,2585.0,9.2,504,0,5,418155,3386885,504,0,5,-96.0
307701,418390.0,3386755.0,17,300,3,3,2585.0,9.2,504,0,5,418135,3386905,504,0,5,-101.67
307701,418390.0,3386755.0,17,300,3,3,2585.0,9.2,504,0,5,418120,3386920,504,0,5,-100.21
307701,418390.0,3386755.0,17,300,3,3,2585.0,9.2,504,0,5,418150,3386890,504,0,5,-96.5
307701,418390.0,3386755.0,17,300,3,3,2585.0,9.2,504,0,5,418095,3386945,503,0,5,-91.5
307701,418390.0,3386755.0,17,300,3,3,2585.0,9.2,504,0,5,418080,3386960,502,0,6,-96.75
307701,418390.0,3386755.0,17,300,3,3,2585.0,9.2,504,0,5,418685,3388375,518,0,5,-113.33
307701,418390.0,3386755.0,17,300,3,3,2585.0,9.2,504,0,5,418035,3387705,503,0,5,-94.5
307701,418390.0,3386755.0,17,300,3,3,2585.0,9.2,504,0,5,418100,3386955,502,0,6,-87.0
307701,418390.0,3386755.0,17,300,3,3,2585.0,9.2,504,0,5,418145,3386920,504,0,5,-100.5
307701,418390.0,3386755.0,17,300,3,3,2585.0,9.2,504,0,5,418085,3386940,503,0,5,-96.83
307701,418390.0,3386755.0,17,300,3,3,2585.0,9.2,504,0,5,418110,3386945,502,0,5,-93.0
307701,418390.0,3386755.0,17,300,3,3,2585.0,9.2,504,0,5,418150,3386905,504,0,5,-97.82
307701,418390.0,3386755.0,17,300,3,3,2585.0,9.2,504,0,5,418080,3386935,503,0,5,-100.83
307701,418390.0,3386755.0,17,300,3,3,2585.0,9.2,504,0,5,418095,3386930,503,0,5,-102.75
307701,418390.0,3386755.0,17,300,3,3,2585.0,9.2,504,0,5,418125,3386900,504,0,5,-96.5
307701,418390.0,3386755.0,17,300,3,3,2585.0,9.2,504,0,5,418115,3386950,502,0,6,-96.0
307701,418390.0,3386755.0,17,300,3,3,2585.0,9.2,504,0,5,418155,3386910,504,0,5,-97.0
307701,418390.0,3386755.0,17,300,3,3,2585.0,9.2,504,0,5,418140,3386915,504,0,5,-101.15
307701,418390.0,3386755.0,17,300,3,3,2585.0,9.2,504,0,5,418415,3387250,500,0,14,-90.86
307701,418390.0,3386755.0,17,300,3,3,2585.0,9.2,504,0,5,418475,3388475,520,0,5,-114.5
307701,418390.0,3386755.0,17,300,3,3,2585.0,9.2,504,0,5,418665,3386695,505,0,6,-83.67
307701,418390.0,3386755.0,17,300,3,3,2585.0,9.2,504,0,5,418960,3386400,517,0,14,-93.78
307701,418390.0,3386755.0,17,300,3,3,2585.0,9.2,504,0,5,418715,3386645,505,6,6,-79.5
307701,418390.0,3386755.0,17,300,3,3,2585.0,9.2,504,0,5,418470,3387125,504,6,14,-103.5
307701,418390.0,3386755.0,17,300,3,3,2585.0,9.2,504,0,5,418485,3387120,505,6,14,-105.5
307701,418390.0,3386755.0,17,300,3,3,2585.0,9.2,504,0,5,418530,3387065,506,0,6,-103.0
307701,418390.0,3386755.0,17,300,3,3,2585.0,9.2,504,0,5,418525,3387080,506,0,5,-101.0
307701,418390.0,3386755.0,17,300,3,3,2585.0,9.2,504,0,5,418520,3387075,506,0,14,-105.22
307701,418390.0,3386755.0,17,300,3,3,2585.0,9.2,504,0,5,418515,3387090,505,0,5,-101.4
307701,418390.0,3386755.0,17,300,3,3,2585.0,9.2,504,0,5,418765,3386225,514,0,14,-103.5
307701,418390.0,3386755.0,17,300,3,3,2585.0,9.2,504,0,5,418400,3388220,519,6,5,-117.0
307701,418390.0,3386755.0,17,300,3,3,2585.0,9.2,504,0,5,418525,3386995,508,0,5,-95.67
307701,418390.0,3386755.0,17,300,3,3,2585.0,9.2,504,0,5,418535,3386985,508,0,6,-95.67
307701,418390.0,3386755.0,17,300,3,3,2585.0,9.2,504,0,5,418540,3386980,509,0,5,-93.71
307701,418390.0,3386755.0,17,300,3,3,2585.0,9.2,504,0,5,418530,3386990,508,0,5,-94.18
307701,418390.0,3386755.0,17,300,3,3,2585.0,9.2,504,0,5,418545,3386975,509,0,5,-87.25
307701,418390.0,3386755.0,17,300,3,3,2585.0,9.2,504,0,5,418035,3387580,500,0,5,-104.5
307701,418390.0,3386755.0,17,300,3,3,2585.0,9.2,504,0,5,418240,3386845,503,0,5,-86.0
307701,418390.0,3386755.0,17,300,3,3,2585.0,9.2,504,0,5,418390,3386755,504,0,5,-72.5
307701,418390.0,3386755.0,17,300,3,3,2585.0,9.2,504,0,5,418330,3386775,504,12,5,-80.33
307701,418390.0,3386755.0,17,300,3,3,2585.0,9.2,504,0,5,418340,3386785,504,0,5,-78.0
307701,418390.0,3386755.0,17,300,3,3,2585.0,9.2,504,0,5,418385,3386750,504,9,5,-90.0
307701,418390.0,3386755.0,17,300,3,3,2585.0,9.2,504,0,5,418305,3386830,502,0,5,-84.33
307701,418390.0,3386755.0,17,300,3,3,2585.0,9.2,504,0,5,418295,3386820,502,0,5,-87.75
307701,418390.0,3386755.0,17,300,3,3,2585.0,9.2,504,0,5,418255,3386860,503,0,5,-86.48
307701,418390.0,3386755.0,17,300,3,3,2585.0,9.2,504,0,5,418265,3386870,503,0,5,-88.38
307701,418390.0,3386755.0,17,300,3,3,2585.0,9.2,504,0,5,418435,3386720,503,0,7,-79.0
307701,418390.0,3386755.0,17,300,3,3,2585.0,9.2,504,0,5,418395,3386760,504,0,5,-72.15
307701,418390.0,3386755.0,17,300,3,3,2585.0,9.2,504,0,5,418345,3386790,504,0,5,-79.9
307701,418390.0,3386755.0,17,300,3,3,2585.0,9.2,504,0,5,418425,3386710,503,0,5,-76.33
307701,418390.0,3386755.0,17,300,3,3,2585.0,9.2,504,0,5,418430,3386715,503,0,5,-81.0
307701,418390.0,3386755.0,17,300,3,3,2585.0,9.2,504,0,5,418260,3386865,503,0,5,-88.19
307701,418390.0,3386755.0,17,300,3,3,2585.0,9.2,504,0,5,418355,3386800,503,0,14,-79.78
307701,418390.0,3386755.0,17,300,3,3,2585.0,9.2,504,0,5,418315,3386840,502,0,14,-84.68
307701,418390.0,3386755.0,17,300,3,3,2585.0,9.2,504,0,5,418310,3386835,502,0,5,-86.0
307701,418390.0,3386755.0,17,300,3,3,2585.0,9.2,504,0,5,418300,3386825,502,0,5,-86.31
307701,418390.0,3386755.0,17,300,3,3,2585.0,9.2,504,0,5,418350,3386795,504,0,5,-80.63
307701,418390.0,3386755.0,17,300,3,3,2585.0,9.2,504,0,5,418250,3386855,503,0,5,-92.25
307701,418390.0,3386755.0,17,300,3,3,2585.0,9.2,504,0,5,418270,3386875,502,0,5,-86.18
307701,418390.0,3386755.0,17,300,3,3,2585.0,9.2,504,0,5,418275,3386880,502,0,5,-80.5
307701,418390.0,3386755.0,17,300,3,3,2585.0,9.2,504,0,5,418245,3386850,503,0,5,-94.38
307701,418390.0,3386755.0,17,300,3,3,2585.0,9.2,504,0,5,418400,3386685,503,0,6,-91.83
307701,418390.0,3386755.0,17,300,3,3,2585.0,9.2,504,0,5,418290,3386815,503,0,5,-84.0
307701,418390.0,3386755.0,17,300,3,3,2585.0,9.2,504,0,5,418630,3387445,500,0,14,-89.5
307701,418390.0,3386755.0,17,300,3,3,2585.0,9.2,504,0,5,418625,3387460,501,6,5,-93.5
307701,418390.0,3386755.0,17,300,3,3,2585.0,9.2,504,0,5,418615,3387470,501,15,14,-101.0
307701,418390.0,3386755.0,17,300,3,3,2585.0,9.2,504,0,5,418620,3387455,500,6,14,-95.17
307701,418390.0,3386755.0,17,300,3,3,2585.0,9.2,504,0,5,418380,3386555,500,0,5,-109.33
307701,418390.0,3386755.0,17,300,3,3,2585.0,9.2,504,0,5,417920,3386735,500,0,5,-102.0
307701,418390.0,3386755.0,17,300,3,3,2585.0,9.2,504,0,5,418535,3387565,502,0,14,-109.5
307701,418390.0,3386755.0,17,300,3,3,2585.0,9.2,504,0,5,418835,3386500,510,0,5,-94.33
307701,418390.0,3386755.0,17,300,3,3,2585.0,9.2,504,0,5,418625,3386290,506,0,5,-109.0
307701,418390.0,3386755.0,17,300,3,3,2585.0,9.2,504,0,5,418855,3386560,509,6,6,-108.0
307701,418390.0,3386755.0,17,300,3,3,2585.0,9.2,504,0,5,418565,3386270,503,0,6,-103.0
307701,418390.0,3386755.0,17,300,3,3,2585.0,9.2,504,0,5,418810,3386515,508,0,5,-95.0
307701,418390.0,3386755.0,17,300,3,3,2585.0,9.2,504,0,5,418840,3386545,509,0,5,-92.69
307701,418390.0,3386755.0,17,300,3,3,2585.0,9.2,504,0,5,418845,3386550,509,6,6,-90.91
307701,418390.0,3386755.0,17,300,3,3,2585.0,9.2,504,0,5,418610,3386315,506,0,5,-113.0
307701,418390.0,3386755.0,17,300,3,3,2585.0,9.2,504,0,5,418640,3386345,507,5,5,-88.0
307701,418390.0,3386755.0,17,300,3,3,2585.0,9.2,504,0,5,418815,3386520,508,0,5,-94.8
307701,418390.0,3386755.0,17,300,3,3,2585.0,9.2,504,0,5,418850,3386555,509,6,6,-87.0
307701,418390.0,3386755.0,17,300,3,3,2585.0,9.2,504,0,5,418860,3386525,510,0,5,-92.93
307701,418390.0,3386755.0,17,300,3,3,2585.0,9.2,504,0,5,418865,3386530,510,0,6,-92.37
307701,418390.0,3386755.0,17,300,3,3,2585.0,9.2,504,0,5,418875,3386540,510,0,6,-87.83
307701,418390.0,3386755.0,17,300,3,3,2585.0,9.2,504,0,5,418870,3386535,510,18,6,-103.0
307701,418390.0,3386755.0,17,300,3,3,2585.0,9.2,504,0,5,418570,3386275,503,0,5,-104.25
307701,418390.0,3386755.0,17,300,3,3,2585.0,9.2,504,0,5,418560,3386265,503,0,6,-107.5
307701,418390.0,3386755.0,17,300,3,3,2585.0,9.2,504,0,5,418745,3388360,517,0,14,-121.0
307701,418390.0,3386755.0,17,300,3,3,2585.0,9.2,504,0,5,418750,3388345,517,0,14,-116.2
307701,418390.0,3386755.0,17,300,3,3,2585.0,9.2,504,0,5,418755,3388350,517,0,14,-113.14
307701,418390.0,3386755.0,17,300,3,3,2585.0,9.2,504,0,5,418740,3388355,517,0,14,-115.0
307701,418390.0,3386755.0,17,300,3,3,2585.0,9.2,504,0,5,418640,3387455,501,6,14,-101.5
307701,418390.0,3386755.0,17,300,3,3,2585.0,9.2,504,0,5,418625,3387440,500,6,14,-96.0
307701,418390.0,3386755.0,17,300,3,3,2585.0,9.2,504,0,5,418575,3387370,499,6,5,-121.5
307701,418390.0,3386755.0,17,300,3,3,2585.0,9.2,504,0,5,418705,3386740,506,0,5,-104.0
307701,418390.0,3386755.0,17,300,3,3,2585.0,9.2,504,0,5,418720,3386715,506,15,14,-99.33
307701,418390.0,3386755.0,17,300,3,3,2585.0,9.2,504,0,5,418715,3386730,506,0,5,-99.14
307701,418390.0,3386755.0,17,300,3,3,2585.0,9.2,504,0,5,418970,3386465,514,6,6,-92.17
307701,418390.0,3386755.0,17,300,3,3,2585.0,9.2,504,0,5,418960,3386475,514,6,6,-94.5
307701,418390.0,3386755.0,17,300,3,3,2585.0,9.2,504,0,5,419010,3386425,518,0,6,-92.5
307701,418390.0,3386755.0,17,300,3,3,2585.0,9.2,504,0,5,418930,3386505,512,6,6,-94.0
307701,418390.0,3386755.0,17,300,3,3,2585.0,9.2,504,0,5,418940,3386495,513,0,6,-91.0
307701,418390.0,3386755.0,17,300,3,3,2585.0,9.2,504,0,5,419000,3386435,517,0,6,-87.17
307701,418390.0,3386755.0,17,300,3,3,2585.0,9.2,504,0,5,418710,3386725,506,0,5,-93.43
307701,418390.0,3386755.0,17,300,3,3,2585.0,9.2,504,0,5,418990,3386445,516,0,6,-92.25
307701,418390.0,3386755.0,17,300,3,3,2585.0,9.2,504,0,5,418600,3386665,504,0,5,-76.0
307701,418390.0,3386755.0,17,300,3,3,2585.0,9.2,504,0,5,418715,3386580,505,0,5,-90.0
307701,418390.0,3386755.0,17,300,3,3,2585.0,9.2,504,0,5,418565,3386710,503,0,6,-69.85
307701,418390.0,3386755.0,17,300,3,3,2585.0,9.2,504,0,5,418605,3386670,504,0,5,-76.27
307701,418390.0,3386755.0,17,300,3,3,2585.0,9.2,504,0,5,418580,3386685,504,0,5,-71.48
307701,418390.0,3386755.0,17,300,3,3,2585.0,9.2,504,0,5,418635,3386660,504,0,5,-79.93
307701,418390.0,3386755.0,17,300,3,3,2585.0,9.2,504,0,5,418675,3386620,504,0,5,-86.14
307701,418390.0,3386755.0,17,300,3,3,2585.0,9.2,504,0,5,418590,3386695,504,0,6,-73.9
307701,418390.0,3386755.0,17,300,3,3,2585.0,9.2,504,0,5,418560,3386705,503,0,5,-71.0
307701,418390.0,3386755.0,17,300,3,3,2585.0,9.2,504,0,5,418625,3386650,504,0,5,-81.55
307701,418390.0,3386755.0,17,300,3,3,2585.0,9.2,504,0,5,418665,3386610,504,0,5,-95.0
307701,418390.0,3386755.0,17,300,3,3,2585.0,9.2,504,0,5,418620,3386645,504,0,5,-88.75
307701,418390.0,3386755.0,17,300,3,3,2585.0,9.2,504,0,5,418630,3386655,504,0,5,-80.63
307701,418390.0,3386755.0,17,300,3,3,2585.0,9.2,504,0,5,418655,3386640,504,0,5,-83.53
307701,418390.0,3386755.0,17,300,3,3,2585.0,9.2,504,0,5,418645,3386630,504,0,5,-88.3
307701,418390.0,3386755.0,17,300,3,3,2585.0,9.2,504,0,5,418695,3386600,505,0,14,-92.53
307701,418390.0,3386755.0,17,300,3,3,2585.0,9.2,504,0,5,418610,3386675,504,0,5,-75.17
307701,418390.0,3386755.0,17,300,3,3,2585.0,9.2,504,0,5,418585,3386690,504,0,5,-71.38
307701,418390.0,3386755.0,17,300,3,3,2585.0,9.2,504,0,5,418650,3386635,504,0,5,-84.68
307701,418390.0,3386755.0,17,300,3,3,2585.0,9.2,504,0,5,418670,3386615,504,0,5,-87.25
307701,418390.0,3386755.0,17,300,3,3,2585.0,9.2,504,0,5,418575,3386720,503,0,6,-73.2
307701,418390.0,3386755.0,17,300,3,3,2585.0,9.2,504,0,5,418570,3386715,503,0,6,-68.77
307701,418390.0,3386755.0,17,300,3,3,2585.0,9.2,504,0,5,418595,3386700,504,0,6,-67.83
307701,418390.0,3386755.0,17,300,3,3,2585.0,9.2,504,0,5,418690,3386595,504,0,14,-82.0
307701,418390.0,3386755.0,17,300,3,3,2585.0,9.2,504,0,5,418615,3386680,504,0,6,-76.67
307701,418390.0,3386755.0,17,300,3,3,2585.0,9.2,504,0,5,418515,3387070,506,0,5,-100.0
307701,418390.0,3386755.0,17,300,3,3,2585.0,9.2,504,0,5,418525,3387100,505,0,6,-103.5
307701,418390.0,3386755.0,17,300,3,3,2585.0,9.2,504,0,5,418520,3387095,505,0,5,-105.5
307701,418390.0,3386755.0,17,300,3,3,2585.0,9.2,504,0,5,418630,3387435,500,6,14,-95.5
307701,418390.0,3386755.0,17,300,3,3,2585.0,9.2,504,0,5,418840,3387515,506,0,5,-96.75
307701,418390.0,3386755.0,17,300,3,3,2585.0,9.2,504,0,5,418545,3387000,509,0,5,-95.5
307701,418390.0,3386755.0,17,300,3,3,2585.0,9.2,504,0,5,418530,3386965,508,0,5,-92.22
307701,418390.0,3386755.0,17,300,3,3,2585.0,9.2,504,0,5,418540,3386995,509,0,6,-95.1
307701,418390.0,3386755.0,17,300,3,3,2585.0,9.2,504,0,5,418535,3386970,508,0,5,-93.08
307701,418390.0,3386755.0,17,300,3,3,2585.0,9.2,504,0,5,418525,3386980,508,0,5,-97.5
307701,418390.0,3386755.0,17,300,3,3,2585.0,9.2,504,0,5,418175,3386925,503,0,5,-93.25
307701,418390.0,3386755.0,17,300,3,3,2585.0,9.2,504,0,5,418235,3386905,503,0,7,-90.0
307701,418390.0,3386755.0,17,300,3,3,2585.0,9.2,504,0,5,418215,3386885,503,0,5,-89.79
307701,418390.0,3386755.0,17,300,3,3,2585.0,9.2,504,0,5,418205,3386895,503,0,5,-90.52
307701,418390.0,3386755.0,17,300,3,3,2585.0,9.2,504,0,5,418210,3386890,503,0,5,-91.73
307701,418390.0,3386755.0,17,300,3,3,2585.0,9.2,504,0,5,418200,3386900,503,0,5,-89.56
307701,418390.0,3386755.0,17,300,3,3,2585.0,9.2,504,0,5,418170,3386930,503,0,6,-89.5
307701,418390.0,3386755.0,17,300,3,3,2585.0,9.2,504,0,5,418515,3387120,504,0,5,-99.5
307701,418390.0,3386755.0,17,300,3,3,2585.0,9.2,504,0,5,418520,3387045,507,0,5,-102.8
307701,418390.0,3386755.0,17,300,3,3,2585.0,9.2,504,0,5,418525,3387050,507,0,5,-100.25
307701,418390.0,3386755.0,17,300,3,3,2585.0,9.2,504,0,5,418530,3387055,507,0,6,-100.92
307701,418390.0,3386755.0,17,300,3,3,2585.0,9.2,504,0,5,418510,3387115,505,0,5,-100.6
307701,418390.0,3386755.0,17,300,3,3,2585.0,9.2,504,0,5,418040,3387710,503,0,5,-99.67
307701,418390.0,3386755.0,17,300,3,3,2585.0,9.2,504,0,5,418620,3386325,506,0,5,-92.0
307701,418390.0,3386755.0,17,300,3,3,2585.0,9.2,504,0,5,418775,3386520,506,0,5,-92.0
307701,418390.0,3386755.0,17,300,3,3,2585.0,9.2,504,0,5,418745,3386530,505,0,5,-97.0
307701,418390.0,3386755.0,17,300,3,3,2585.0,9.2,504,0,5,418615,3386360,506,0,5,-89.29
307701,418390.0,3386755.0,17,300,3,3,2585.0,9.2,504,0,5,418635,3386340,506,0,5,-91.0
307701,418390.0,3386755.0,17,300,3,3,2585.0,9.2,504,0,5,418655,3386320,508,0,10,-104.25
307701,418390.0,3386755.0,17,300,3,3,2585.0,9.2,504,0,5,418740,3388360,517,0,5,-115.67
307701,418390.0,3386755.0,17,300,3,3,2585.0,9.2,504,0,5,418035,3387625,502,0,14,-122.5
307701,418390.0,3386755.0,17,300,3,3,2585.0,9.2,504,0,5,418750,3388350,517,0,14,-113.36
307701,418390.0,3386755.0,17,300,3,3,2585.0,9.2,504,0,5,418755,3388345,517,0,14,-108.67
307701,418390.0,3386755.0,17,300,3,3,2585.0,9.2,504,0,5,418745,3388355,517,0,14,-111.3
307701,418390.0,3386755.0,17,300,3,3,2585.0,9.2,504,0,5,418510,3387095,505,0,5,-102.25
307701,418390.0,3386755.0,17,300,3,3,2585.0,9.2,504,0,5,418515,3387100,505,0,5,-102.5
307701,418390.0,3386755.0,17,300,3,3,2585.0,9.2,504,0,5,418525,3387070,506,0,5,-101.14
307701,418390.0,3386755.0,17,300,3,3,2585.0,9.2,504,0,5,418520,3387065,506,0,5,-99.2
307701,418390.0,3386755.0,17,300,3,3,2585.0,9.2,504,0,5,418105,3386950,502,0,6,-93.25
307701,418390.0,3386755.0,17,300,3,3,2585.0,9.2,504,0,5,418090,3386935,503,0,5,-102.3
307701,418390.0,3386755.0,17,300,3,3,2585.0,9.2,504,0,5,418150,3386915,504,0,5,-99.53
307701,418390.0,3386755.0,17,300,3,3,2585.0,9.2,504,0,5,418085,3386930,503,0,5,-104.0
307701,418390.0,3386755.0,17,300,3,3,2585.0,9.2,504,0,5,418145,3386910,504,0,5,-99.14
307701,418390.0,3386755.0,17,300,3,3,2585.0,9.2,504,0,5,418135,3386900,504,0,5,-91.0
307701,418390.0,3386755.0,17,300,3,3,2585.0,9.2,504,0,5,418140,3386905,504,0,5,-98.4
307701,418390.0,3386755.0,17,300,3,3,2585.0,9.2,504,0,5,418130,3386895,504,0,5,-95.25
307701,418390.0,3386755.0,17,300,3,3,2585.0,9.2,504,0,5,418155,3386920,504,0,5,-96.0
307701,418390.0,3386755.0,17,300,3,3,2585.0,9.2,504,0,5,418410,3387255,500,18,5,-91.17
307701,418390.0,3386755.0,17,300,3,3,2585.0,9.2,504,0,5,418100,3386945,503,0,5,-97.5
307701,418390.0,3386755.0,17,300,3,3,2585.0,9.2,504,0,5,418180,3386935,503,0,6,-95.0
307701,418390.0,3386755.0,17,300,3,3,2585.0,9.2,504,0,5,418170,3386945,502,0,6,-95.0
307701,418390.0,3386755.0,17,300,3,3,2585.0,9.2,504,0,5,418200,3386915,503,0,5,-84.67
307701,418390.0,3386755.0,17,300,3,3,2585.0,9.2,504,0,5,418225,3386900,503,0,5,-79.0
307701,418390.0,3386755.0,17,300,3,3,2585.0,9.2,504,0,5,418220,3386895,503,0,5,-88.42
307701,418390.0,3386755.0,17,300,3,3,2585.0,9.2,504,0,5,418230,3386885,503,0,5,-89.78
307701,418390.0,3386755.0,17,300,3,3,2585.0,9.2,504,0,5,418210,3386905,503,0,5,-87.83
307701,418390.0,3386755.0,17,300,3,3,2585.0,9.2,504,0,5,418215,3386910,503,0,6,-83.0
307701,418390.0,3386755.0,17,300,3,3,2585.0,9.2,504,0,5,418235,3386890,503,0,5,-87.0
307701,418390.0,3386755.0,17,300,3,3,2585.0,9.2,504,0,5,418190,3386925,503,0,6,-99.0
307701,418390.0,3386755.0,17,300,3,3,2585.0,9.2,504,0,5,418510,3387130,504,0,5,-103.0
307701,418390.0,3386755.0,17,300,3,3,2585.0,9.2,504,0,5,418505,3387135,504,0,5,-104.0
307701,418390.0,3386755.0,17,300,3,3,2585.0,9.2,504,0,5,418060,3387340,496,6,5,-112.0
307701,418390.0,3386755.0,17,300,3,3,2585.0,9.2,504,0,5,418490,3387150,504,0,5,-101.5
307701,418390.0,3386755.0,17,300,3,3,2585.0,9.2,504,0,5,418715,3386630,505,0,6,-80.0
307701,418390.0,3386755.0,17,300,3,3,2585.0,9.2,504,0,5,418615,3386690,504,0,6,-75.33
307701,418390.0,3386755.0,17,300,3,3,2585.0,9.2,504,0,5,418665,3386600,504,0,14,-93.5
307701,418390.0,3386755.0,17,300,3,3,2585.0,9.2,504,0,5,418600,3386695,504,0,7,-76.75
307701,418390.0,3386755.0,17,300,3,3,2585.0,9.2,504,0,5,418605,3386700,504,0,6,-71.67
307701,418390.0,3386755.0,17,300,3,3,2585.0,9.2,504,0,5,418700,3386635,505,0,7,-80.8
307701,418390.0,3386755.0,17,300,3,3,2585.0,9.2,504,0,5,418585,3386680,504,0,5,-74.09
307701,418390.0,3386755.0,17,300,3,3,2585.0,9.2,504,0,5,418580,3386675,504,0,5,-74.43
307701,418390.0,3386755.0,17,300,3,3,2585.0,9.2,504,0,5,418595,3386670,504,0,5,-73.5
307701,418390.0,3386755.0,17,300,3,3,2585.0,9.2,504,0,5,418940,3386395,517,0,14,-98.5
307701,418390.0,3386755.0,17,300,3,3,2585.0,9.2,504,0,5,418695,3386610,505,0,14,-90.96
307701,418390.0,3386755.0,17,300,3,3,2585.0,9.2,504,0,5,418685,3386620,504,0,5,-87.58
307701,418390.0,3386755.0,17,300,3,3,2585.0,9.2,504,0,5,418955,3386390,517,0,14,-95.0
307701,418390.0,3386755.0,17,300,3,3,2585.0,9.2,504,0,5,418690,3386605,505,0,14,-88.27
307701,418390.0,3386755.0,17,300,3,3,2585.0,9.2,504,0,5,418945,3386400,517,0,14,-92.0
307701,418390.0,3386755.0,17,300,3,3,2585.0,9.2,504,0,5,418680,3386615,504,0,5,-88.05
307701,418390.0,3386755.0,17,300,3,3,2585.0,9.2,504,0,5,418705,3386640,505,0,6,-74.33
307701,418390.0,3386755.0,17,300,3,3,2585.0,9.2,504,0,5,418675,3386590,504,0,14,-92.0
307701,418390.0,3386755.0,17,300,3,3,2585.0,9.2,504,0,5,418710,3386625,505,0,6,-82.75
307701,418390.0,3386755.0,17,300,3,3,2585.0,9.2,504,0,5,418610,3386685,504,0,6,-75.31
307701,418390.0,3386755.0,17,300,3,3,2585.0,9.2,504,0,5,418795,3386605,507,0,6,-102.0
307701,418390.0,3386755.0,17,300,3,3,2585.0,9.2,504,0,5,418935,3386465,513,0,6,-95.6
307701,418390.0,3386755.0,17,300,3,3,2585.0,9.2,504,0,5,418755,3386565,505,0,5,-95.71
307701,418390.0,3386755.0,17,300,3,3,2585.0,9.2,504,0,5,418950,3386450,514,0,6,-96.8
307701,418390.0,3386755.0,17,300,3,3,2585.0,9.2,504,0,5,418735,3386585,505,0,5,-93.0
307701,418390.0,3386755.0,17,300,3,3,2585.0,9.2,504,0,5,418920,3386480,512,0,5,-92.58
307701,418390.0,3386755.0,17,300,3,3,2585.0,9.2,504,0,5,418720,3386600,505,0,5,-91.6
307701,418390.0,3386755.0,17,300,3,3,2585.0,9.2,504,0,5,418945,3386455,514,0,6,-92.33
307701,418390.0,3386755.0,17,300,3,3,2585.0,9.2,504,0,5,418940,3386460,514,0,6,-91.33
307701,418390.0,3386755.0,17,300,3,3,2585.0,9.2,504,0,5,418740,3386580,505,0,6,-90.86
307701,418390.0,3386755.0,17,300,3,3,2585.0,9.2,504,0,5,418730,3386590,505,0,5,-92.63
307701,418390.0,3386755.0,17,300,3,3,2585.0,9.2,504,0,5,418725,3386595,505,0,5,-91.64
307701,418390.0,3386755.0,17,300,3,3,2585.0,9.2,504,0,5,418955,3386445,515,0,5,-95.67
307701,418390.0,3386755.0,17,300,3,3,2585.0,9.2,504,0,5,418745,3386575,505,0,6,-90.11
307701,418390.0,3386755.0,17,300,3,3,2585.0,9.2,504,0,5,418925,3386475,512,0,6,-93.47
307701,418390.0,3386755.0,17,300,3,3,2585.0,9.2,504,0,5,418930,3386470,513,0,6,-95.75
307701,418390.0,3386755.0,17,300,3,3,2585.0,9.2,504,0,5,418750,3386570,505,0,6,-91.88
307701,418390.0,3386755.0,17,300,3,3,2585.0,9.2,504,0,5,418535,3387015,508,0,6,-97.15
307701,418390.0,3386755.0,17,300,3,3,2585.0,9.2,504,0,5,418540,3387030,508,0,6,-98.6
307701,418390.0,3386755.0,17,300,3,3,2585.0,9.2,504,0,5,418530,3387020,508,0,5,-99.71
307701,418390.0,3386755.0,17,300,3,3,2585.0,9.2,504,0,5,418525,3387005,508,0,5,-98.0
307701,418390.0,3386755.0,17,300,3,3,2585.0,9.2,504,0,5,418635,3388335,519,0,14,-98.0
307701,418390.0,3386755.0,17,300,3,3,2585.0,9.2,504,0,5,417975,3387390,498,0,5,-104.5
307701,418390.0,3386755.0,17,300,3,3,2585.0,9.2,504,0,5,418525,3387000,508,0,5,-100.67
307701,418390.0,3386755.0,17,300,3,3,2585.0,9.2,504,0,5,418545,3386980,509,0,5,-94.14
307701,418390.0,3386755.0,17,300,3,3,2585.0,9.2,504,0,5,418540,3386975,508,0,5,-92.63
307701,418390.0,3386755.0,17,300,3,3,2585.0,9.2,504,0,5,418530,3386985,508,0,5,-93.84
307701,418390.0,3386755.0,17,300,3,3,2585.0,9.2,504,0,5,418535,3386990,509,0,6,-95.33
307701,418390.0,3386755.0,17,300,3,3,2585.0,9.2,504,0,5,418645,3386760,504,0,7,-99.5
307701,418390.0,3386755.0,17,300,3,3,2585.0,9.2,504,0,5,418800,3386595,507,0,6,-93.5
307701,418390.0,3386755.0,17,300,3,3,2585.0,9.2,504,0,5,418820,3386575,508,6,6,-85.0
307701,418390.0,3386755.0,17,300,3,3,2585.0,9.2,504,0,5,418675,3386730,505,0,7,-85.0
307701,418390.0,3386755.0,17,300,3,3,2585.0,9.2,504,0,5,418830,3386565,508,0,6,-88.5
307701,418390.0,3386755.0,17,300,3,3,2585.0,9.2,504,0,5,418910,3386485,512,0,5,-95.05
307701,418390.0,3386755.0,17,300,3,3,2585.0,9.2,504,0,5,418895,3386510,511,0,7,-94.65
307701,418390.0,3386755.0,17,300,3,3,2585.0,9.2,504,0,5,418900,3386495,511,0,5,-94.22
307701,418390.0,3386755.0,17,300,3,3,2585.0,9.2,504,0,5,418965,3386440,515,0,5,-88.8
307701,418390.0,3386755.0,17,300,3,3,2585.0,9.2,504,0,5,418905,3386500,512,0,6,-95.32
307701,418390.0,3386755.0,17,300,3,3,2585.0,9.2,504,0,5,418975,3386430,516,0,5,-96.33
307701,418390.0,3386755.0,17,300,3,3,2585.0,9.2,504,0,5,418880,3386515,511,0,5,-93.29
307701,418390.0,3386755.0,17,300,3,3,2585.0,9.2,504,0,5,418915,3386490,512,0,6,-95.47
307701,418390.0,3386755.0,17,300,3,3,2585.0,9.2,504,0,5,418890,3386505,511,0,5,-93.96
307701,418390.0,3386755.0,17,300,3,3,2585.0,9.2,504,0,5,418885,3386520,511,18,6,-89.64
307701,418390.0,3386755.0,17,300,3,3,2585.0,9.2,504,0,5,418810,3386585,507,0,6,-101.0
307701,418390.0,3386755.0,17,300,3,3,2585.0,9.2,504,0,5,418075,3386925,504,0,5,-95.67
307701,418390.0,3386755.0,17,300,3,3,2585.0,9.2,504,0,5,418035,3386885,503,0,5,-93.93
307701,418390.0,3386755.0,17,300,3,3,2585.0,9.2,504,0,5,418550,3386460,506,0,6,-108.5
307701,418390.0,3386755.0,17,300,3,3,2585.0,9.2,504,0,5,418420,3386490,502,0,5,-93.81
307701,418390.0,3386755.0,17,300,3,3,2585.0,9.2,504,0,5,418580,3386720,503,0,6,-65.5
307701,418390.0,3386755.0,17,300,3,3,2585.0,9.2,504,0,5,418615,3386645,504,0,5,-85.5
307701,418390.0,3386755.0,17,300,3,3,2585.0,9.2,504,0,5,418565,3386695,503,0,5,-71.71
307701,418390.0,3386755.0,17,300,3,3,2585.0,9.2,504,0,5,418630,3386670,504,0,6,-77.85
307701,418390.0,3386755.0,17,300,3,3,2585.0,9.2,504,0,5,418575,3386685,504,0,14,-74.55
307701,418390.0,3386755.0,17,300,3,3,2585.0,9.2,504,0,5,418675,3386625,504,0,5,-85.12
307701,418390.0,3386755.0,17,300,3,3,2585.0,9.2,504,0,5,418705,3386595,505,0,5,-90.7
307701,418390.0,3386755.0,17,300,3,3,2585.0,9.2,504,0,5,418625,3386675,504,0,6,-79.87
307701,418390.0,3386755.0,17,300,3,3,2585.0,9.2,504,0,5,418710,3386590,505,0,5,-91.75
307701,418390.0,3386755.0,17,300,3,3,2585.0,9.2,504,0,5,418660,3386640,504,0,5,-82.14
307701,418390.0,3386755.0,17,300,3,3,2585.0,9.2,504,0,5,418700,3386600,505,0,5,-91.68
307701,418390.0,3386755.0,17,300,3,3,2585.0,9.2,504,0,5,418600,3386660,504,0,5,-79.08
307701,418390.0,3386755.0,17,300,3,3,2585.0,9.2,504,0,5,418665,3386635,504,0,5,-83.67
307701,418390.0,3386755.0,17,300,3,3,2585.0,9.2,504,0,5,418670,3386630,504,0,5,-85.6
307701,418390.0,3386755.0,17,300,3,3,2585.0,9.2,504,0,5,418560,3386700,503,0,5,-71.69
307701,418390.0,3386755.0,17,300,3,3,2585.0,9.2,504,0,5,418620,3386680,504,0,6,-78.86
307701,418390.0,3386755.0,17,300,3,3,2585.0,9.2,504,0,5,418635,3386665,504,0,6,-77.68
307701,418390.0,3386755.0,17,300,3,3,2585.0,9.2,504,0,5,418570,3386690,504,0,14,-72.03
307701,418390.0,3386755.0,17,300,3,3,2585.0,9.2,504,0,5,418605,3386655,504,0,5,-79.33
307701,418390.0,3386755.0,17,300,3,3,2585.0,9.2,504,0,5,418590,3386710,504,0,6,-72.0
307701,418390.0,3386755.0,17,300,3,3,2585.0,9.2,504,0,5,418585,3386715,503,0,6,-66.33
307701,418390.0,3386755.0,17,300,3,3,2585.0,9.2,504,0,5,418715,3386585,505,0,5,-88.5
307701,418390.0,3386755.0,17,300,3,3,2585.0,9.2,504,0,5,418640,3386620,504,0,5,-100.0
307701,418390.0,3386755.0,17,300,3,3,2585.0,9.2,504,0,5,418405,3388230,520,0,5,-116.5
307701,418390.0,3386755.0,17,300,3,3,2585.0,9.2,504,0,5,418775,3386525,506,0,5,-88.0
307701,418390.0,3386755.0,17,300,3,3,2585.0,9.2,504,0,5,418770,3386530,506,0,5,-90.75
307701,418390.0,3386755.0,17,300,3,3,2585.0,9.2,504,0,5,418785,3386555,506,0,5,-91.1
307701,418390.0,3386755.0,17,300,3,3,2585.0,9.2,504,0,5,418720,3386500,505,0,5,-93.45
307701,418390.0,3386755.0,17,300,3,3,2585.0,9.2,504,0,5,418600,3386380,505,0,6,-98.83
307701,418390.0,3386755.0,17,300,3,3,2585.0,9.2,504,0,5,418725,3386495,505,0,5,-89.43
307701,418390.0,3386755.0,17,300,3,3,2585.0,9.2,504,0,5,418790,3386550,507,0,5,-95.19
307701,418390.0,3386755.0,17,300,3,3,2585.0,9.2,504,0,5,418860,3386480,511,0,5,-94.5
307701,418390.0,3386755.0,17,300,3,3,2585.0,9.2,504,0,5,418780,3386560,506,0,5,-94.8
307701,418390.0,3386755.0,17,300,3,3,2585.0,9.2,504,0,5,418795,3386545,507,0,5,-96.06
307701,418390.0,3386755.0,17,300,3,3,2585.0,9.2,504,0,5,418760,3386540,506,0,5,-90.5
307701,418390.0,3386755.0,17,300,3,3,2585.0,9.2,504,0,5,418610,3386370,506,0,6,-95.5
307701,418390.0,3386755.0,17,300,3,3,2585.0,9.2,504,0,5,418730,3386490,505,0,5,-93.5
307701,418390.0,3386755.0,17,300,3,3,2585.0,9.2,504,0,5,418765,3386535,506,0,5,-94.0
307701,418390.0,3386755.0,17,300,3,3,2585.0,9.2,504,0,5,418615,3386365,506,0,5,-95.2
307701,418390.0,3386755.0,17,300,3,3,2585.0,9.2,504,0,5,418785,3386195,515,0,14,-95.5
307701,418390.0,3386755.0,17,300,3,3,2585.0,9.2,504,0,5,418090,3386945,503,0,5,-92.25
307701,418390.0,3386755.0,17,300,3,3,2585.0,9.2,504,0,5,418475,3387210,502,0,14,-86.75
307701,418390.0,3386755.0,17,300,3,3,2585.0,9.2,504,0,5,418095,3386950,502,0,5,-91.33
307701,418390.0,3386755.0,17,300,3,3,2585.0,9.2,504,0,5,418135,3386910,504,0,5,-100.0
307701,418390.0,3386755.0,17,300,3,3,2585.0,9.2,504,0,5,418145,3386900,504,0,5,-103.25
307701,418390.0,3386755.0,17,300,3,3,2585.0,9.2,504,0,5,418110,3386925,503,0,5,-102.36
307701,418390.0,3386755.0,17,300,3,3,2585.0,9.2,504,0,5,418155,3386890,504,0,5,-101.17
307701,418390.0,3386755.0,17,300,3,3,2585.0,9.2,504,0,5,418130,3386905,504,0,5,-106.0
307701,418390.0,3386755.0,17,300,3,3,2585.0,9.2,504,0,5,418120,3386915,504,0,5,-101.67
307701,418390.0,3386755.0,17,300,3,3,2585.0,9.2,504,0,5,418125,3386920,504,0,5,-101.5
307701,418390.0,3386755.0,17,300,3,3,2585.0,9.2,504,0,5,418115,3386930,503,0,5,-101.25
307701,418390.0,3386755.0,17,300,3,3,2585.0,9.2,504,0,5,418140,3386895,504,0,5,-100.0
307701,418390.0,3386755.0,17,300,3,3,2585.0,9.2,504,0,5,418080,3386955,502,0,5,-97.0
307701,418390.0,3386755.0,17,300,3,3,2585.0,9.2,504,0,5,418105,3386940,503,0,5,-99.0
307701,418390.0,3386755.0,17,300,3,3,2585.0,9.2,504,0,5,418100,3386935,503,0,5,-104.43
307701,418390.0,3386755.0,17,300,3,3,2585.0,9.2,504,0,5,418410,3387265,500,0,5,-88.25
307701,418390.0,3386755.0,17,300,3,3,2585.0,9.2,504,0,5,418515,3386400,506,0,5,-99.5
307701,418390.0,3386755.0,17,300,3,3,2585.0,9.2,504,0,5,418035,3386880,503,0,5,-93.33
307701,418390.0,3386755.0,17,300,3,3,2585.0,9.2,504,0,5,418390,3386515,500,0,5,-117.5
307701,418390.0,3386755.0,17,300,3,3,2585.0,9.2,504,0,5,418620,3387460,500,6,5,-96.5
307701,418390.0,3386755.0,17,300,3,3,2585.0,9.2,504,0,5,418625,3387455,500,6,14,-98.0
307701,418390.0,3386755.0,17,300,3,3,2585.0,9.2,504,0,5,418615,3387465,501,15,14,-92.5
307701,418390.0,3386755.0,17,300,3,3,2585.0,9.2,504,0,5,418630,3387450,500,6,14,-94.69
307701,418390.0,3386755.0,17,300,3,3,2585.0,9.2,504,0,5,417970,3387380,497,0,14,-103.5
307701,418390.0,3386755.0,17,300,3,3,2585.0,9.2,504,0,5,418525,3386965,508,0,5,-93.0
307701,418390.0,3386755.0,17,300,3,3,2585.0,9.2,504,0,5,418545,3386985,509,0,5,-91.27
307701,418390.0,3386755.0,17,300,3,3,2585.0,9.2,504,0,5,418535,3386975,508,0,5,-93.76
307701,418390.0,3386755.0,17,300,3,3,2585.0,9.2,504,0,5,418540,3386990,509,0,6,-95.14
307701,418390.0,3386755.0,17,300,3,3,2585.0,9.2,504,0,5,418530,3386980,508,0,5,-93.5
307701,418390.0,3386755.0,17,300,3,3,2585.0,9.2,504,0,5,418700,3386485,505,0,5,-104.33
307701,418390.0,3386755.0,17,300,3,3,2585.0,9.2,504,0,5,418715,3386500,505,0,5,-92.44
307701,418390.0,3386755.0,17,300,3,3,2585.0,9.2,504,0,5,418705,3386490,505,0,5,-92.2
307701,418390.0,3386755.0,17,300,3,3,2585.0,9.2,504,0,5,418710,3386495,505,0,5,-85.8
307701,418390.0,3386755.0,17,300,3,3,2585.0,9.2,504,0,5,418500,3386660,503,0,5,-99.5
307701,418390.0,3386755.0,17,300,3,3,2585.0,9.2,504,0,5,418305,3386775,504,0,14,-86.5
307701,418390.0,3386755.0,17,300,3,3,2585.0,9.2,504,0,5,418390,3386850,504,0,6,-78.5
307701,418390.0,3386755.0,17,300,3,3,2585.0,9.2,504,0,5,418555,3386685,503,0,14,-76.47
307701,418390.0,3386755.0,17,300,3,3,2585.0,9.2,504,0,5,418335,3386825,503,0,14,-82.79
307701,418390.0,3386755.0,17,300,3,3,2585.0,9.2,504,0,5,418545,3386695,503,0,14,-75.05
307701,418390.0,3386755.0,17,300,3,3,2585.0,9.2,504,0,5,418320,3386840,502,0,14,-83.85
307701,418390.0,3386755.0,17,300,3,3,2585.0,9.2,504,0,5,418525,3386715,503,0,5,-70.03
307701,418390.0,3386755.0,17,300,3,3,2585.0,9.2,504,0,5,418350,3386810,503,0,14,-79.65
307701,418390.0,3386755.0,17,300,3,3,2585.0,9.2,504,0,5,418325,3386835,502,0,14,-83.01
307701,418390.0,3386755.0,17,300,3,3,2585.0,9.2,504,0,5,418540,3386700,503,0,14,-73.33
307701,418390.0,3386755.0,17,300,3,3,2585.0,9.2,504,0,5,418530,3386710,503,0,5,-70.76
307701,418390.0,3386755.0,17,300,3,3,2585.0,9.2,504,0,5,418550,3386690,503,0,14,-74.12
307701,418390.0,3386755.0,17,300,3,3,2585.0,9.2,504,0,5,418520,3386720,503,0,5,-69.82
307701,418390.0,3386755.0,17,300,3,3,2585.0,9.2,504,0,5,418355,3386805,503,0,14,-79.91
307701,418390.0,3386755.0,17,300,3,3,2585.0,9.2,504,0,5,418535,3386705,503,0,5,-74.17
307701,418390.0,3386755.0,17,300,3,3,2585.0,9.2,504,0,5,418330,3386830,502,0,14,-82.29
307701,418390.0,3386755.0,17,300,3,3,2585.0,9.2,504,0,5,418345,3386815,503,0,14,-81.38
307701,418390.0,3386755.0,17,300,3,3,2585.0,9.2,504,0,5,418340,3386820,503,0,14,-84.14
307701,418390.0,3386755.0,17,300,3,3,2585.0,9.2,504,0,5,418010,3386930,502,0,5,-92.67
307701,418390.0,3386755.0,17,300,3,3,2585.0,9.2,504,0,5,418065,3386915,504,0,5,-91.33
307701,418390.0,3386755.0,17,300,3,3,2585.0,9.2,504,0,5,418040,3386900,503,0,5,-93.0
307701,418390.0,3386755.0,17,300,3,3,2585.0,9.2,504,0,5,418585,3388360,520,0,5,-93.25
307701,418390.0,3386755.0,17,300,3,3,2585.0,9.2,504,0,5,418350,3386430,501,96,5,-99.5
307701,418390.0,3386755.0,17,300,3,3,2585.0,9.2,504,0,5,417985,3386875,501,0,14,-95.0
307701,418390.0,3386755.0,17,300,3,3,2585.0,9.2,504,0,5,418540,3387025,508,0,6,-93.38
307701,418390.0,3386755.0,17,300,3,3,2585.0,9.2,504,0,5,418525,3387010,508,0,14,-94.75
307701,418390.0,3386755.0,17,300,3,3,2585.0,9.2,504,0,5,418535,3387020,508,0,6,-98.16
307701,418390.0,3386755.0,17,300,3,3,2585.0,9.2,504,0,5,418530,3387015,508,0,5,-98.32
307701,418390.0,3386755.0,17,300,3,3,2585.0,9.2,504,0,5,418340,3386780,504,0,5,-78.5
307701,418390.0,3386755.0,17,300,3,3,2585.0,9.2,504,0,5,418310,3386810,503,0,14,-84.5
307701,418390.0,3386755.0,17,300,3,3,2585.0,9.2,504,0,5,418335,3386785,504,0,5,-83.0
307701,418390.0,3386755.0,17,300,3,3,2585.0,9.2,504,0,5,418350,3386770,504,9,14,-81.0
307701,418390.0,3386755.0,17,300,3,3,2585.0,9.2,504,0,5,418440,3386680,503,0,7,-81.33
307701,418390.0,3386755.0,17,300,3,3,2585.0,9.2,504,0,5,418305,3386815,502,0,5,-83.67
307701,418390.0,3386755.0,17,300,3,3,2585.0,9.2,504,0,5,418270,3386850,502,0,5,-87.51
307701,418390.0,3386755.0,17,300,3,3,2585.0,9.2,504,0,5,418295,3386825,502,0,5,-81.67
307701,418390.0,3386755.0,17,300,3,3,2585.0,9.2,504,0,5,418250,3386870,503,0,5,-89.05
307701,418390.0,3386755.0,17,300,3,3,2585.0,9.2,504,0,5,418260,3386860,503,0,5,-87.48
307701,418390.0,3386755.0,17,300,3,3,2585.0,9.2,504,0,5,418280,3386840,502,0,5,-86.79
307701,418390.0,3386755.0,17,300,3,3,2585.0,9.2,504,0,5,418245,3386875,503,0,5,-89.22
307701,418390.0,3386755.0,17,300,3,3,2585.0,9.2,504,0,5,418405,3386715,504,0,6,-87.0
307701,418390.0,3386755.0,17,300,3,3,2585.0,9.2,504,0,5,418290,3386830,502,0,5,-86.26
307701,418390.0,3386755.0,17,300,3,3,2585.0,9.2,504,0,5,418415,3386705,503,0,6,-76.0
307701,418390.0,3386755.0,17,300,3,3,2585.0,9.2,504,0,5,418275,3386845,502,0,5,-86.72
307701,418390.0,3386755.0,17,300,3,3,2585.0,9.2,504,0,5,418240,3386880,503,0,5,-89.02
307701,418390.0,3386755.0,17,300,3,3,2585.0,9.2,504,0,5,418265,3386855,503,0,5,-84.87
307701,418390.0,3386755.0,17,300,3,3,2585.0,9.2,504,0,5,418315,3386805,503,0,5,-79.57
307701,418390.0,3386755.0,17,300,3,3,2585.0,9.2,504,0,5,418255,3386865,503,0,5,-89.26
307701,418390.0,3386755.0,17,300,3,3,2585.0,9.2,504,0,5,418425,3386695,503,0,7,-82.5
307701,418390.0,3386755.0,17,300,3,3,2585.0,9.2,504,0,5,418420,3386700,503,0,5,-79.5
307701,418390.0,3386755.0,17,300,3,3,2585.0,9.2,504,0,5,418285,3386835,502,0,5,-85.06
307701,418390.0,3386755.0,17,300,3,3,2585.0,9.2,504,0,5,418320,3386800,503,0,14,-81.63
307701,418390.0,3386755.0,17,300,3,3,2585.0,9.2,504,0,5,418330,3386790,503,0,14,-81.8
307701,418390.0,3386755.0,17,300,3,3,2585.0,9.2,504,0,5,418325,3386795,503,0,14,-81.5
307701,418390.0,3386755.0,17,300,3,3,2585.0,9.2,504,0,5,418300,3386820,502,0,5,-77.33
307701,418390.0,3386755.0,17,300,3,3,2585.0,9.2,504,0,5,418345,3386775,504,0,5,-79.75
307701,418390.0,3386755.0,17,300,3,3,2585.0,9.2,504,0,5,418430,3386690,503,0,7,-83.5
307701,418390.0,3386755.0,17,300,3,3,2585.0,9.2,504,0,5,418230,3386850,503,0,5,-86.57
307701,418390.0,3386755.0,17,300,3,3,2585.0,9.2,504,0,5,418220,3386860,503,0,5,-95.88
307701,418390.0,3386755.0,17,300,3,3,2585.0,9.2,504,0,5,418210,3386870,503,0,5,-97.9
307701,418390.0,3386755.0,17,300,3,3,2585.0,9.2,504,0,5,418205,3386875,503,0,5,-95.56
307701,418390.0,3386755.0,17,300,3,3,2585.0,9.2,504,0,5,418200,3386880,503,0,5,-95.67
307701,418390.0,3386755.0,17,300,3,3,2585.0,9.2,504,0,5,418225,3386855,503,0,5,-92.0
307701,418390.0,3386755.0,17,300,3,3,2585.0,9.2,504,0,5,418215,3386865,503,0,5,-94.55
307701,418390.0,3386755.0,17,300,3,3,2585.0,9.2,504,0,5,417950,3386615,504,0,5,-101.0
307701,418390.0,3386755.0,17,300,3,3,2585.0,9.2,504,0,5,418410,3386475,501,0,5,-96.0
307701,418390.0,3386755.0,17,300,3,3,2585.0,9.2,504,0,5,418175,3386880,504,0,5,-91.8
307701,418390.0,3386755.0,17,300,3,3,2585.0,9.2,504,0,5,418435,3386460,503,0,5,-114.0
307701,418390.0,3386755.0,17,300,3,3,2585.0,9.2,504,0,5,418415,3386480,501,0,5,-93.0
307701,418390.0,3386755.0,17,300,3,3,2585.0,9.2,504,0,5,418195,3386860,503,0,5,-91.33
307701,418390.0,3386755.0,17,300,3,3,2585.0,9.2,504,0,5,418805,3386585,507,0,6,-83.5
307701,418390.0,3386755.0,17,300,3,3,2585.0,9.2,504,0,5,418670,3386740,505,0,7,-74.5
307701,418390.0,3386755.0,17,300,3,3,2585.0,9.2,504,0,5,418675,3386735,505,0,7,-82.0
307701,418390.0,3386755.0,17,300,3,3,2585.0,9.2,504,0,5,418970,3386440,516,0,5,-91.17
307701,418390.0,3386755.0,17,300,3,3,2585.0,9.2,504,0,5,418825,3386565,508,0,6,-90.63
307701,418390.0,3386755.0,17,300,3,3,2585.0,9.2,504,0,5,418910,3386500,512,0,6,-95.38
307701,418390.0,3386755.0,17,300,3,3,2585.0,9.2,504,0,5,418975,3386435,516,0,5,-100.0
307701,418390.0,3386755.0,17,300,3,3,2585.0,9.2,504,0,5,418960,3386430,516,0,5,-93.5
307701,418390.0,3386755.0,17,300,3,3,2585.0,9.2,504,0,5,418900,3386490,511,0,5,-95.21
307701,418390.0,3386755.0,17,300,3,3,2585.0,9.2,504,0,5,418905,3386485,512,0,5,-96.21
307701,418390.0,3386755.0,17,300,3,3,2585.0,9.2,504,0,5,418885,3386505,511,0,5,-91.34
307701,418390.0,3386755.0,17,300,3,3,2585.0,9.2,504,0,5,418880,3386510,511,0,5,-92.52
307701,418390.0,3386755.0,17,300,3,3,2585.0,9.2,504,0,5,418895,3386515,511,18,6,-91.14
307701,418390.0,3386755.0,17,300,3,3,2585.0,9.2,504,0,5,418645,3386745,505,0,7,-90.5
307701,418390.0,3386755.0,17,300,3,3,2585.0,9.2,504,0,5,418915,3386495,512,0,7,-92.0
307701,418390.0,3386755.0,17,300,3,3,2585.0,9.2,504,0,5,418820,3386570,508,6,6,-82.33
307701,418390.0,3386755.0,17,300,3,3,2585.0,9.2,504,0,5,418890,3386520,511,18,6,-91.29
307701,418390.0,3386755.0,17,300,3,3,2585.0,9.2,504,0,5,418875,3386545,510,0,6,-90.0
307701,418390.0,3386755.0,17,300,3,3,2585.0,9.2,504,0,5,418810,3386490,509,0,5,-94.5
307701,418390.0,3386755.0,17,300,3,3,2585.0,9.2,504,0,5,418865,3386555,510,0,6,-106.0
307701,418390.0,3386755.0,17,300,3,3,2585.0,9.2,504,0,5,418780,3386480,507,0,5,-98.0
307701,418390.0,3386755.0,17,300,3,3,2585.0,9.2,504,0,5,418565,3386255,503,0,5,-105.0
307701,418390.0,3386755.0,17,300,3,3,2585.0,9.2,504,0,5,418560,3386260,503,0,5,-105.67
307701,418390.0,3386755.0,17,300,3,3,2585.0,9.2,504,0,5,418840,3386540,509,0,5,-94.39
307701,418390.0,3386755.0,17,300,3,3,2585.0,9.2,504,0,5,418850,3386530,509,0,5,-92.18
307701,418390.0,3386755.0,17,300,3,3,2585.0,9.2,504,0,5,418845,3386535,509,0,5,-93.35
307701,418390.0,3386755.0,17,300,3,3,2585.0,9.2,504,0,5,418855,3386525,510,0,5,-92.82
307701,418390.0,3386755.0,17,300,3,3,2585.0,9.2,504,0,5,418830,3386510,509,0,5,-92.88
307701,418390.0,3386755.0,17,300,3,3,2585.0,9.2,504,0,5,418820,3386520,508,0,5,-97.38
307701,418390.0,3386755.0,17,300,3,3,2585.0,9.2,504,0,5,418825,3386515,509,0,5,-91.5
307701,418390.0,3386755.0,17,300,3,3,2585.0,9.2,504,0,5,418835,3386505,509,0,5,-93.33
307701,418390.0,3386755.0,17,300,3,3,2585.0,9.2,504,0,5,418180,3386945,502,0,6,-105.0
307701,418390.0,3386755.0,17,300,3,3,2585.0,9.2,504,0,5,418165,3386930,503,0,5,-88.5
307701,418390.0,3386755.0,17,300,3,3,2585.0,9.2,504,0,5,418170,3386935,503,0,6,-97.5
307701,418390.0,3386755.0,17,300,3,3,2585.0,9.2,504,0,5,418220,3386905,503,0,5,-90.57
307701,418390.0,3386755.0,17,300,3,3,2585.0,9.2,504,0,5,418210,3386895,503,0,5,-90.13
307701,418390.0,3386755.0,17,300,3,3,2585.0,9.2,504,0,5,418215,3386900,503,0,5,-89.13
307701,418390.0,3386755.0,17,300,3,3,2585.0,9.2,504,0,5,418205,3386890,503,0,5,-90.64
307701,418390.0,3386755.0,17,300,3,3,2585.0,9.2,504,0,5,418200,3386885,503,0,5,-93.06
307701,418390.0,3386755.0,17,300,3,3,2585.0,9.2,504,0,5,418160,3386925,503,0,5,-95.75
307701,418390.0,3386755.0,17,300,3,3,2585.0,9.2,504,0,5,418410,3387085,502,0,5,-104.5
307701,418390.0,3386755.0,17,300,3,3,2585.0,9.2,504,0,5,418480,3387175,504,0,14,-100.0
307701,418390.0,3386755.0,17,300,3,3,2585.0,9.2,504,0,5,418485,3387190,503,0,5,-100.67
307701,418390.0,3386755.0,17,300,3,3,2585.0,9.2,504,0,5,418385,3388270,521,0,5,-111.0
307701,418390.0,3386755.0,17,300,3,3,2585.0,9.2,504,0,5,418410,3386735,504,0,7,-79.0
307701,418390.0,3386755.0,17,300,3,3,2585.0,9.2,504,0,5,418505,3386830,506,0,5,-66.0
307701,418390.0,3386755.0,17,300,3,3,2585.0,9.2,504,0,5,418485,3386810,505,0,6,-63.44
307701,418390.0,3386755.0,17,300,3,3,2585.0,9.2,504,0,5,418475,3386800,505,0,6,-64.84
307701,418390.0,3386755.0,17,300,3,3,2585.0,9.2,504,0,5,418465,3386790,504,0,6,-66.19
307701,418390.0,3386755.0,17,300,3,3,2585.0,9.2,504,0,5,418430,3386755,504,0,6,-70.59
307701,418390.0,3386755.0,17,300,3,3,2585.0,9.2,504,0,5,418415,3386740,504,0,7,-77.55
307701,418390.0,3386755.0,17,300,3,3,2585.0,9.2,504,0,5,418425,3386750,504,0,6,-70.96
307701,418390.0,3386755.0,17,300,3,3,2585.0,9.2,504,0,5,418480,3386805,505,0,6,-62.86
307701,418390.0,3386755.0,17,300,3,3,2585.0,9.2,504,0,5,418495,3386820,506,0,5,-62.04
307701,418390.0,3386755.0,17,300,3,3,2585.0,9.2,504,0,5,418445,3386770,504,0,6,-68.15
307701,418390.0,3386755.0,17,300,3,3,2585.0,9.2,504,0,5,418500,3386825,506,0,5,-60.05
307701,418390.0,3386755.0,17,300,3,3,2585.0,9.2,504,0,5,418460,3386785,504,0,6,-64.78
307701,418390.0,3386755.0,17,300,3,3,2585.0,9.2,504,0,5,418450,3386775,504,0,6,-68.07
307701,418390.0,3386755.0,17,300,3,3,2585.0,9.2,504,0,5,418435,3386760,504,0,6,-66.79
307701,418390.0,3386755.0,17,300,3,3,2585.0,9.2,504,0,5,418440,3386765,504,0,6,-68.39
307701,418390.0,3386755.0,17,300,3,3,2585.0,9.2,504,0,5,418470,3386795,504,0,6,-66.03
307701,418390.0,3386755.0,17,300,3,3,2585.0,9.2,504,0,5,418420,3386745,504,0,6,-74.14
307701,418390.0,3386755.0,17,300,3,3,2585.0,9.2,504,0,5,418490,3386815,505,0,6,-61.18
307701,418390.0,3386755.0,17,300,3,3,2585.0,9.2,504,0,5,418455,3386780,504,0,6,-67.15
307701,418390.0,3386755.0,17,300,3,3,2585.0,9.2,504,0,5,418510,3386835,506,0,5,-63.25
307701,418390.0,3386755.0,17,300,3,3,2585.0,9.2,504,0,5,418570,3386410,505,0,5,-86.0
307701,418390.0,3386755.0,17,300,3,3,2585.0,9.2,504,0,5,418720,3386640,505,6,6,-86.67
307701,418390.0,3386755.0,17,300,3,3,2585.0,9.2,504,0,5,418740,3386620,505,0,6,-81.0
307701,418390.0,3386755.0,17,300,3,3,2585.0,9.2,504,0,5,418890,3386470,512,0,5,-97.0
307701,418390.0,3386755.0,17,300,3,3,2585.0,9.2,504,0,5,418925,3386435,514,0,6,-100.0
307701,418390.0,3386755.0,17,300,3,3,2585.0,9.2,504,0,5,418765,3386595,506,0,6,-83.56
307701,418390.0,3386755.0,17,300,3,3,2585.0,9.2,504,0,5,418790,3386570,507,0,5,-91.3
307701,418390.0,3386755.0,17,300,3,3,2585.0,9.2,504,0,5,418795,3386565,507,0,5,-91.53
307701,418390.0,3386755.0,17,300,3,3,2585.0,9.2,504,0,5,418755,3386605,506,0,6,-80.75
307701,418390.0,3386755.0,17,300,3,3,2585.0,9.2,504,0,5,418950,3386410,516,0,14,-99.5
307701,418390.0,3386755.0,17,300,3,3,2585.0,9.2,504,0,5,418955,3386405,517,0,14,-92.33
307701,418390.0,3386755.0,17,300,3,3,2585.0,9.2,504,0,5,418905,3386455,513,0,5,-90.0
307701,418390.0,3386755.0,17,300,3,3,2585.0,9.2,504,0,5,418750,3386610,506,0,6,-84.0
307701,418390.0,3386755.0,17,300,3,3,2585.0,9.2,504,0,5,418780,3386580,506,0,5,-89.56
307701,418390.0,3386755.0,17,300,3,3,2585.0,9.2,504,0,5,418785,3386575,506,0,5,-89.35
307701,418390.0,3386755.0,17,300,3,3,2585.0,9.2,504,0,5,418770,3386590,506,0,6,-83.89
307701,418390.0,3386755.0,17,300,3,3,2585.0,9.2,504,0,5,418760,3386600,506,0,6,-81.75
307701,418390.0,3386755.0,17,300,3,3,2585.0,9.2,504,0,5,418745,3386615,506,0,6,-87.0
307701,418390.0,3386755.0,17,300,3,3,2585.0,9.2,504,0,5,418735,3386625,505,6,6,-86.33
307701,418390.0,3386755.0,17,300,3,3,2585.0,9.2,504,0,5,418775,3386585,506,0,6,-88.42
307701,418390.0,3386755.0,17,300,3,3,2585.0,9.2,504,0,5,418750,3386575,505,0,6,-93.53
307701,418390.0,3386755.0,17,300,3,3,2585.0,9.2,504,0,5,418745,3386570,505,0,6,-91.43
307701,418390.0,3386755.0,17,300,3,3,2585.0,9.2,504,0,5,418740,3386565,505,0,6,-90.5
307701,418390.0,3386755.0,17,300,3,3,2585.0,9.2,504,0,5,418725,3386590,505,0,5,-93.96
307701,418390.0,3386755.0,17,300,3,3,2585.0,9.2,504,0,5,418730,3386595,505,0,5,-91.69
307701,418390.0,3386755.0,17,300,3,3,2585.0,9.2,504,0,5,418930,3386475,513,0,6,-92.04
307701,418390.0,3386755.0,17,300,3,3,2585.0,9.2,504,0,5,418955,3386460,514,0,6,-92.15
307701,418390.0,3386755.0,17,300,3,3,2585.0,9.2,504,0,5,418925,3386470,513,0,6,-96.75
307701,418390.0,3386755.0,17,300,3,3,2585.0,9.2,504,0,5,418735,3386600,505,0,5,-86.76
307701,418390.0,3386755.0,17,300,3,3,2585.0,9.2,504,0,5,418935,3386480,513,0,6,-92.0
307701,418390.0,3386755.0,17,300,3,3,2585.0,9.2,504,0,5,418920,3386465,513,0,5,-92.57
307701,418390.0,3386755.0,17,300,3,3,2585.0,9.2,504,0,5,418720,3386585,505,0,5,-93.5
307701,418390.0,3386755.0,17,300,3,3,2585.0,9.2,504,0,5,418755,3386580,505,0,6,-90.58
307701,418390.0,3386755.0,17,300,3,3,2585.0,9.2,504,0,5,418650,3386835,503,0,5,-74.5
307701,418390.0,3386755.0,17,300,3,3,2585.0,9.2,504,0,5,418950,3386455,514,0,6,-93.43
307701,418390.0,3386755.0,17,300,3,3,2585.0,9.2,504,0,5,418405,3386750,504,0,6,-74.5
307701,418390.0,3386755.0,17,300,3,3,2585.0,9.2,504,0,5,418400,3386745,504,0,6,-74.5
307701,418390.0,3386755.0,17,300,3,3,2585.0,9.2,504,0,5,418525,3386870,506,0,5,-84.0
307701,418390.0,3386755.0,17,300,3,3,2585.0,9.2,504,0,5,418510,3386815,505,0,5,-78.0
307701,418390.0,3386755.0,17,300,3,3,2585.0,9.2,504,0,5,418490,3386835,506,0,5,-68.74
307701,418390.0,3386755.0,17,300,3,3,2585.0,9.2,504,0,5,418495,3386840,506,0,5,-68.2
307701,418390.0,3386755.0,17,300,3,3,2585.0,9.2,504,0,5,418470,3386775,504,0,6,-65.67
307701,418390.0,3386755.0,17,300,3,3,2585.0,9.2,504,0,5,418520,3386865,506,0,5,-78.63
307701,418390.0,3386755.0,17,300,3,3,2585.0,9.2,504,0,5,418425,3386730,503,0,6,-83.2
307701,418390.0,3386755.0,17,300,3,3,2585.0,9.2,504,0,5,418450,3386795,504,0,6,-65.29
307701,418390.0,3386755.0,17,300,3,3,2585.0,9.2,504,0,5,418415,3386760,504,0,6,-68.48
307701,418390.0,3386755.0,17,300,3,3,2585.0,9.2,504,0,5,418485,3386830,506,6,5,-66.5
307701,418390.0,3386755.0,17,300,3,3,2585.0,9.2,504,0,5,418440,3386785,504,0,6,-65.29
307701,418390.0,3386755.0,17,300,3,3,2585.0,9.2,504,0,5,418460,3386765,503,0,6,-68.36
307701,418390.0,3386755.0,17,300,3,3,2585.0,9.2,504,0,5,418465,3386770,504,0,6,-67.64
307701,418390.0,3386755.0,17,300,3,3,2585.0,9.2,504,0,5,418435,3386740,503,0,6,-76.0
307701,418390.0,3386755.0,17,300,3,3,2585.0,9.2,504,0,5,418445,3386790,504,0,6,-63.76
307701,418390.0,3386755.0,17,300,3,3,2585.0,9.2,504,0,5,418455,3386800,504,9,6,-63.7
307701,418390.0,3386755.0,17,300,3,3,2585.0,9.2,504,0,5,418475,3386780,504,0,6,-68.0
307701,418390.0,3386755.0,17,300,3,3,2585.0,9.2,504,0,5,418410,3386755,504,0,6,-68.44
307701,418390.0,3386755.0,17,300,3,3,2585.0,9.2,504,0,5,418420,3386725,503,0,6,-82.57
307701,418390.0,3386755.0,17,300,3,3,2585.0,9.2,504,0,5,418480,3386825,506,6,5,-63.0
307701,418390.0,3386755.0,17,300,3,3,2585.0,9.2,504,0,5,418430,3386735,503,0,6,-84.4
307701,418390.0,3386755.0,17,300,3,3,2585.0,9.2,504,0,5,418215,3386845,503,0,5,-96.5
307701,418390.0,3386755.0,17,300,3,3,2585.0,9.2,504,0,5,418200,3386860,503,0,5,-93.0
307701,418390.0,3386755.0,17,300,3,3,2585.0,9.2,504,0,5,418230,3386870,503,0,5,-92.57
307701,418390.0,3386755.0,17,300,3,3,2585.0,9.2,504,0,5,418225,3386875,503,0,5,-91.03
307701,418390.0,3386755.0,17,300,3,3,2585.0,9.2,504,0,5,418220,3386880,503,0,5,-90.27
307701,418390.0,3386755.0,17,300,3,3,2585.0,9.2,504,0,5,418485,3386495,507,0,5,-99.5
307701,418390.0,3386755.0,17,300,3,3,2585.0,9.2,504,0,5,418235,3386865,503,0,5,-93.54
307701,418390.0,3386755.0,17,300,3,3,2585.0,9.2,504,0,5,418855,3388285,516,0,5,-105.33
307701,418390.0,3386755.0,17,300,3,3,2585.0,9.2,504,0,5,418600,3386650,504,0,5,-80.0
307701,418390.0,3386755.0,17,300,3,3,2585.0,9.2,504,0,5,418700,3386590,505,0,5,-87.33
307701,418390.0,3386755.0,17,300,3,3,2585.0,9.2,504,0,5,418605,3386645,504,0,5,-86.5
307701,418390.0,3386755.0,17,300,3,3,2585.0,9.2,504,0,5,418580,3386710,503,0,6,-74.82
307701,418390.0,3386755.0,17,300,3,3,2585.0,9.2,504,0,5,418615,3386655,504,0,5,-79.53
307701,418390.0,3386755.0,17,300,3,3,2585.0,9.2,504,0,5,418635,3386675,504,0,6,-76.18
307701,418390.0,3386755.0,17,300,3,3,2585.0,9.2,504,0,5,418650,3386620,504,0,14,-76.0
307701,418390.0,3386755.0,17,300,3,3,2585.0,9.2,504,0,5,418620,3386670,504,0,5,-76.58
307701,418390.0,3386755.0,17,300,3,3,2585.0,9.2,504,0,5,418630,3386680,504,0,6,-78.5
307701,418390.0,3386755.0,17,300,3,3,2585.0,9.2,504,0,5,418570,3386700,503,0,5,-70.1
307701,418390.0,3386755.0,17,300,3,3,2585.0,9.2,504,0,5,418660,3386630,504,0,14,-86.79
307701,418390.0,3386755.0,17,300,3,3,2585.0,9.2,504,0,5,418675,3386635,504,0,5,-82.05
307701,418390.0,3386755.0,17,300,3,3,2585.0,9.2,504,0,5,418565,3386685,504,0,5,-71.81
307701,418390.0,3386755.0,17,300,3,3,2585.0,9.2,504,0,5,418715,3386595,505,0,5,-95.13
307701,418390.0,3386755.0,17,300,3,3,2585.0,9.2,504,0,5,418665,3386625,504,0,14,-90.76
307701,418390.0,3386755.0,17,300,3,3,2585.0,9.2,504,0,5,418710,3386600,505,0,5,-91.91
307701,418390.0,3386755.0,17,300,3,3,2585.0,9.2,504,0,5,418610,3386660,504,0,5,-79.3
307701,418390.0,3386755.0,17,300,3,3,2585.0,9.2,504,0,5,418625,3386665,504,0,5,-78.02
307701,418390.0,3386755.0,17,300,3,3,2585.0,9.2,504,0,5,418575,3386695,504,0,5,-70.72
307701,418390.0,3386755.0,17,300,3,3,2585.0,9.2,504,0,5,418670,3386640,504,0,5,-80.3
307701,418390.0,3386755.0,17,300,3,3,2585.0,9.2,504,0,5,418560,3386690,503,0,5,-73.12
307701,418390.0,3386755.0,17,300,3,3,2585.0,9.2,504,0,5,418585,3386705,504,0,7,-69.0
307701,418390.0,3386755.0,17,300,3,3,2585.0,9.2,504,0,5,418655,3386615,504,0,5,-84.67
307701,418390.0,3386755.0,17,300,3,3,2585.0,9.2,504,0,5,418815,3386575,507,6,6,-89.25
307701,418390.0,3386755.0,17,300,3,3,2585.0,9.2,504,0,5,418915,3386515,512,0,6,-97.0
307701,418390.0,3386755.0,17,300,3,3,2585.0,9.2,504,0,5,418895,3386495,511,0,5,-95.85
307701,418390.0,3386755.0,17,300,3,3,2585.0,9.2,504,0,5,418890,3386500,511,0,5,-92.53
307701,418390.0,3386755.0,17,300,3,3,2585.0,9.2,504,0,5,418880,3386490,511,0,5,-96.0
307701,418390.0,3386755.0,17,300,3,3,2585.0,9.2,504,0,5,418990,3386440,516,0,6,-93.0
307701,418390.0,3386755.0,17,300,3,3,2585.0,9.2,504,0,5,418965,3386405,517,0,14,-96.25
307701,418390.0,3386755.0,17,300,3,3,2585.0,9.2,504,0,5,418980,3386430,516,0,5,-95.0
307701,418390.0,3386755.0,17,300,3,3,2585.0,9.2,504,0,5,418805,3386565,507,0,5,-92.08
307701,418390.0,3386755.0,17,300,3,3,2585.0,9.2,504,0,5,418800,3386570,507,0,6,-88.29
307701,418390.0,3386755.0,17,300,3,3,2585.0,9.2,504,0,5,418885,3386485,511,0,5,-88.8
307701,418390.0,3386755.0,17,300,3,3,2585.0,9.2,504,0,5,418905,3386505,512,0,6,-95.3
307701,418390.0,3386755.0,17,300,3,3,2585.0,9.2,504,0,5,418995,3386435,517,0,6,-90.33
307701,418390.0,3386755.0,17,300,3,3,2585.0,9.2,504,0,5,418900,3386510,511,18,6,-89.33
307701,418390.0,3386755.0,17,300,3,3,2585.0,9.2,504,0,5,418810,3386580,507,0,6,-88.5
307701,418390.0,3386755.0,17,300,3,3,2585.0,9.2,504,0,5,418020,3386850,502,0,5,-110.5
307701,418390.0,3386755.0,17,300,3,3,2585.0,9.2,504,0,5,418380,3386490,500,0,5,-104.0
307701,418390.0,3386755.0,17,300,3,3,2585.0,9.2,504,0,5,418330,3386560,501,0,6,-97.25
307701,418390.0,3386755.0,17,300,3,3,2585.0,9.2,504,0,5,418550,3387525,501,6,5,-113.0
307701,418390.0,3386755.0,17,300,3,3,2585.0,9.2,504,0,5,418550,3387020,509,6,5,-100.0
307701,418390.0,3386755.0,17,300,3,3,2585.0,9.2,504,0,5,418545,3387005,509,0,5,-96.0
307701,418390.0,3386755.0,17,300,3,3,2585.0,9.2,504,0,5,418530,3387040,507,0,6,-100.53
307701,418390.0,3386755.0,17,300,3,3,2585.0,9.2,504,0,5,418540,3387010,509,0,6,-95.75
307701,418390.0,3386755.0,17,300,3,3,2585.0,9.2,504,0,5,418525,3387025,507,0,5,-98.8
307701,418390.0,3386755.0,17,300,3,3,2585.0,9.2,504,0,5,418535,3387035,508,0,6,-99.47
307701,418390.0,3386755.0,17,300,3,3,2585.0,9.2,504,0,5,418725,3386190,511,0,5,-107.5
307701,418390.0,3386755.0,17,300,3,3,2585.0,9.2,504,0,5,418785,3386210,515,0,6,-98.0
307701,418390.0,3386755.0,17,300,3,3,2585.0,9.2,504,0,5,418780,3386205,514,0,6,-97.5
307701,418390.0,3386755.0,17,300,3,3,2585.0,9.2,504,0,5,418710,3386465,505,0,5,-99.5
307701,418390.0,3386755.0,17,300,3,3,2585.0,9.2,504,0,5,419175,3386610,515,0,5,-96.5
307701,418390.0,3386755.0,17,300,3,3,2585.0,9.2,504,0,5,418655,3386410,506,0,5,-103.0
307701,418390.0,3386755.0,17,300,3,3,2585.0,9.2,504,0,5,418700,3386475,505,0,5,-102.33
307701,418390.0,3386755.0,17,300,3,3,2585.0,9.2,504,0,5,418705,3386480,505,0,5,-97.4
307701,418390.0,3386755.0,17,300,3,3,2585.0,9.2,504,0,5,418715,3386470,505,0,5,-96.5
307701,418390.0,3386755.0,17,300,3,3,2585.0,9.2,504,0,5,418335,3386560,501,0,6,-97.33
307701,418390.0,3386755.0,17,300,3,3,2585.0,9.2,504,0,5,418355,3386540,501,0,5,-94.5
307701,418390.0,3386755.0,17,300,3,3,2585.0,9.2,504,0,5,418330,3386555,501,0,6,-94.67
307701,418390.0,3386755.0,17,300,3,3,2585.0,9.2,504,0,5,418030,3386980,501,6,6,-101.5
307701,418390.0,3386755.0,17,300,3,3,2585.0,9.2,504,0,5,418365,3388240,519,0,5,-110.0
307701,418390.0,3386755.0,17,300,3,3,2585.0,9.2,504,0,5,418655,3386715,505,0,5,-73.5
307701,418390.0,3386755.0,17,300,3,3,2585.0,9.2,504,0,5,418995,3386375,519,0,14,-93.67
307701,418390.0,3386755.0,17,300,3,3,2585.0,9.2,504,0,5,418970,3386400,517,0,14,-90.5
307701,418390.0,3386755.0,17,300,3,3,2585.0,9.2,504,0,5,418075,3386940,503,0,5,-102.0
307701,418390.0,3386755.0,17,300,3,3,2585.0,9.2,504,0,5,418070,3386935,503,0,5,-98.33
307701,418390.0,3386755.0,17,300,3,3,2585.0,9.2,504,0,5,418050,3386955,503,0,6,-99.0
307701,418390.0,3386755.0,17,300,3,3,2585.0,9.2,504,0,5,418030,3386895,503,0,5,-97.0
307701,418390.0,3386755.0,17,300,3,3,2585.0,9.2,504,0,5,418915,3387510,507,0,5,-107.75
307701,418390.0,3386755.0,17,300,3,3,2585.0,9.2,504,0,5,418555,3386250,503,0,5,-101.5
307701,418390.0,3386755.0,17,300,3,3,2585.0,9.2,504,0,5,417975,3386830,500,0,5,-105.0
307701,418390.0,3386755.0,17,300,3,3,2585.0,9.2,504,0,5,418435,3386810,504,6,6,-64.5
307701,418390.0,3386755.0,17,300,3,3,2585.0,9.2,504,0,5,418420,3386815,504,0,6,-65.75
307701,418390.0,3386755.0,17,300,3,3,2585.0,9.2,504,0,5,418410,3386825,504,0,6,-61.67
307701,418390.0,3386755.0,17,300,3,3,2585.0,9.2,504,0,5,418485,3386760,503,0,6,-70.12
307701,418390.0,3386755.0,17,300,3,3,2585.0,9.2,504,0,5,418360,3386635,503,0,6,-99.33
307701,418390.0,3386755.0,17,300,3,3,2585.0,9.2,504,0,5,418495,3386750,503,0,6,-68.8
307701,418390.0,3386755.0,17,300,3,3,2585.0,9.2,504,0,5,418345,3386580,501,0,6,-95.2
307701,418390.0,3386755.0,17,300,3,3,2585.0,9.2,504,0,5,418430,3386805,504,0,6,-67.69
307701,418390.0,3386755.0,17,300,3,3,2585.0,9.2,504,0,5,418490,3386745,502,0,5,-68.78
307701,418390.0,3386755.0,17,300,3,3,2585.0,9.2,504,0,5,418370,3386625,502,0,6,-98.5
307701,418390.0,3386755.0,17,300,3,3,2585.0,9.2,504,0,5,418515,3386730,502,0,5,-69.37
307701,418390.0,3386755.0,17,300,3,3,2585.0,9.2,504,0,5,418505,3386740,502,0,6,-68.17
307701,418390.0,3386755.0,17,300,3,3,2585.0,9.2,504,0,5,418480,3386755,503,0,6,-70.54
307701,418390.0,3386755.0,17,300,3,3,2585.0,9.2,504,0,5,418365,3386640,503,0,6,-98.33
307701,418390.0,3386755.0,17,300,3,3,2585.0,9.2,504,0,5,418500,3386735,502,0,5,-69.15
307701,418390.0,3386755.0,17,300,3,3,2585.0,9.2,504,0,5,418375,3386630,502,0,6,-98.71
307701,418390.0,3386755.0,17,300,3,3,2585.0,9.2,504,0,5,418510,3386725,502,0,5,-69.94
307701,418390.0,3386755.0,17,300,3,3,2585.0,9.2,504,0,5,418025,3386880,502,0,5,-94.5
307701,418390.0,3386755.0,17,300,3,3,2585.0,9.2,504,0,5,418490,3386910,506,6,14,-87.0
307701,418390.0,3386755.0,17,300,3,3,2585.0,9.2,504,0,5,418030,3387370,497,0,14,-97.5
307701,418390.0,3386755.0,17,300,3,3,2585.0,9.2,504,0,5,418525,3386955,507,6,6,-93.67
307701,418390.0,3386755.0,17,300,3,3,2585.0,9.2,504,0,5,418535,3386945,507,0,5,-90.48
307701,418390.0,3386755.0,17,300,3,3,2585.0,9.2,504,0,5,418530,3386950,507,0,5,-91.68
307701,418390.0,3386755.0,17,300,3,3,2585.0,9.2,504,0,5,418540,3386940,507,0,5,-86.45
307701,418390.0,3386755.0,17,300,3,3,2585.0,9.2,504,0,5,418545,3386935,507,0,5,-88.5
307701,418390.0,3386755.0,17,300,3,3,2585.0,9.2,504,0,5,418515,3386885,506,0,5,-80.0
307701,418390.0,3386755.0,17,300,3,3,2585.0,9.2,504,0,5,418540,3387560,502,0,14,-108.5
307701,418390.0,3386755.0,17,300,3,3,2585.0,9.2,504,0,5,418555,3387545,502,0,6,-108.0
307701,418390.0,3386755.0,17,300,3,3,2585.0,9.2,504,0,5,418615,3386330,506,0,5,-101.5
307701,418390.0,3386755.0,17,300,3,3,2585.0,9.2,504,0,5,418820,3386475,509,0,5,-97.0
307701,418390.0,3386755.0,17,300,3,3,2585.0,9.2,504,0,5,418675,3386310,508,0,10,-92.5
307701,418390.0,3386755.0,17,300,3,3,2585.0,9.2,504,0,5,418735,3386530,505,0,5,-96.25
307701,418390.0,3386755.0,17,300,3,3,2585.0,9.2,504,0,5,418745,3386560,505,0,6,-93.33
307701,418390.0,3386755.0,17,300,3,3,2585.0,9.2,504,0,5,418660,3386315,508,0,10,-94.0
307701,418390.0,3386755.0,17,300,3,3,2585.0,9.2,504,0,5,417980,3386895,501,102,5,-102.0
307701,418390.0,3386755.0,17,300,3,3,2585.0,9.2,504,0,5,418720,3386475,505,0,5,-97.4
307701,418390.0,3386755.0,17,300,3,3,2585.0,9.2,504,0,5,418730,3386465,505,0,5,-100.0
307701,418390.0,3386755.0,17,300,3,3,2585.0,9.2,504,0,5,418860,3386495,510,0,5,-105.0
307701,418390.0,3386755.0,17,300,3,3,2585.0,9.2,504,0,5,418875,3386490,511,0,5,-99.5
307701,418390.0,3386755.0,17,300,3,3,2585.0,9.2,504,0,5,418825,3386540,508,0,5,-94.32
307701,418390.0,3386755.0,17,300,3,3,2585.0,9.2,504,0,5,418800,3386555,507,0,5,-91.89
307701,418390.0,3386755.0,17,300,3,3,2585.0,9.2,504,0,5,418850,3386505,510,0,5,-96.57
307701,418390.0,3386755.0,17,300,3,3,2585.0,9.2,504,0,5,418835,3386530,509,0,5,-93.74
307701,418390.0,3386755.0,17,300,3,3,2585.0,9.2,504,0,5,418840,3386515,509,0,5,-96.0
307701,418390.0,3386755.0,17,300,3,3,2585.0,9.2,504,0,5,418830,3386525,509,0,5,-97.19
307701,418390.0,3386755.0,17,300,3,3,2585.0,9.2,504,0,5,418815,3386550,508,0,5,-93.7
307701,418390.0,3386755.0,17,300,3,3,2585.0,9.2,504,0,5,418845,3386520,509,0,5,-96.0
307701,418390.0,3386755.0,17,300,3,3,2585.0,9.2,504,0,5,418805,3386560,507,0,5,-90.67
307701,418390.0,3386755.0,17,300,3,3,2585.0,9.2,504,0,5,418810,3386545,508,0,5,-94.6
307701,418390.0,3386755.0,17,300,3,3,2585.0,9.2,504,0,5,418865,3386500,510,0,5,-94.13
307701,418390.0,3386755.0,17,300,3,3,2585.0,9.2,504,0,5,418820,3386535,508,0,5,-95.71
307701,418390.0,3386755.0,17,300,3,3,2585.0,9.2,504,0,5,418855,3386510,510,0,5,-94.12
307701,418390.0,3386755.0,17,300,3,3,2585.0,9.2,504,0,5,418725,3386480,505,0,5,-91.5
307701,418390.0,3386755.0,17,300,3,3,2585.0,9.2,504,0,5,418230,3386845,503,0,5,-88.67
307701,418390.0,3386755.0,17,300,3,3,2585.0,9.2,504,0,5,418200,3386875,503,0,5,-95.09
307701,418390.0,3386755.0,17,300,3,3,2585.0,9.2,504,0,5,418205,3386880,503,0,5,-95.53
307701,418390.0,3386755.0,17,300,3,3,2585.0,9.2,504,0,5,418215,3386870,503,0,5,-94.48
307701,418390.0,3386755.0,17,300,3,3,2585.0,9.2,504,0,5,418225,3386860,503,0,5,-92.92
307701,418390.0,3386755.0,17,300,3,3,2585.0,9.2,504,0,5,418475,3386450,506,0,5,-99.5
307701,418390.0,3386755.0,17,300,3,3,2585.0,9.2,504,0,5,418210,3386865,503,0,5,-95.0
307701,418390.0,3386755.0,17,300,3,3,2585.0,9.2,504,0,5,418235,3386850,503,0,5,-84.0
307701,418390.0,3386755.0,17,300,3,3,2585.0,9.2,504,0,5,418220,3386855,503,0,5,-89.43
307701,418390.0,3386755.0,17,300,3,3,2585.0,9.2,504,0,5,418385,3386610,502,0,6,-87.0
307701,418390.0,3386755.0,17,300,3,3,2585.0,9.2,504,0,5,418400,3386825,504,12,6,-76.2
307701,418390.0,3386755.0,17,300,3,3,2585.0,9.2,504,0,5,418375,3386640,503,0,6,-95.06
307701,418390.0,3386755.0,17,300,3,3,2585.0,9.2,504,0,5,418485,3386750,502,0,6,-70.59
307701,418390.0,3386755.0,17,300,3,3,2585.0,9.2,504,0,5,418480,3386745,502,0,5,-72.11
307701,418390.0,3386755.0,17,300,3,3,2585.0,9.2,504,0,5,418510,3386735,502,0,6,-68.47
307701,418390.0,3386755.0,17,300,3,3,2585.0,9.2,504,0,5,418365,3386630,503,0,6,-98.62
307701,418390.0,3386755.0,17,300,3,3,2585.0,9.2,504,0,5,418370,3386635,503,0,6,-97.29
307701,418390.0,3386755.0,17,300,3,3,2585.0,9.2,504,0,5,418515,3386740,502,0,6,-67.79
307701,418390.0,3386755.0,17,300,3,3,2585.0,9.2,504,0,5,418495,3386760,503,0,6,-64.3
307701,418390.0,3386755.0,17,300,3,3,2585.0,9.2,504,0,5,418500,3386725,502,0,5,-70.92
307701,418390.0,3386755.0,17,300,3,3,2585.0,9.2,504,0,5,418490,3386755,503,0,7,-68.43
307701,418390.0,3386755.0,17,300,3,3,2585.0,9.2,504,0,5,418420,3386805,504,0,6,-66.0
307701,418390.0,3386755.0,17,300,3,3,2585.0,9.2,504,0,5,418505,3386730,502,0,5,-69.19
307701,418390.0,3386755.0,17,300,3,3,2585.0,9.2,504,0,5,418425,3386810,504,0,6,-68.33
307701,418390.0,3386755.0,17,300,3,3,2585.0,9.2,504,0,5,418470,3386855,506,6,5,-89.0
307701,418390.0,3386755.0,17,300,3,3,2585.0,9.2,504,0,5,418360,3386625,502,0,6,-94.71
307701,418390.0,3386755.0,17,300,3,3,2585.0,9.2,504,0,5,418720,3388365,518,0,5,-121.5
307701,418390.0,3386755.0,17,300,3,3,2585.0,9.2,504,0,5,417990,3387555,501,0,5,-112.0
307701,418390.0,3386755.0,17,300,3,3,2585.0,9.2,504,0,5,418575,3387560,503,0,14,-106.0
307701,418390.0,3386755.0,17,300,3,3,2585.0,9.2,504,0,5,418340,3386770,504,9,5,-77.5
307701,418390.0,3386755.0,17,300,3,3,2585.0,9.2,504,0,5,418325,3386785,504,0,5,-80.5
307701,418390.0,3386755.0,17,300,3,3,2585.0,9.2,504,0,5,418355,3386775,504,0,5,-85.5
307701,418390.0,3386755.0,17,300,3,3,2585.0,9.2,504,0,5,418350,3386780,504,0,5,-82.67
307701,418390.0,3386755.0,17,300,3,3,2585.0,9.2,504,0,5,418280,3386830,502,0,5,-90.0
307701,418390.0,3386755.0,17,300,3,3,2585.0,9.2,504,0,5,418375,3386755,504,9,5,-76.33
307701,418390.0,3386755.0,17,300,3,3,2585.0,9.2,504,0,5,418285,3386825,502,0,5,-85.0
307701,418390.0,3386755.0,17,300,3,3,2585.0,9.2,504,0,5,418255,3386875,503,0,5,-89.14
307701,418390.0,3386755.0,17,300,3,3,2585.0,9.2,504,0,5,418265,3386845,503,0,5,-88.64
307701,418390.0,3386755.0,17,300,3,3,2585.0,9.2,504,0,5,418335,3386795,503,0,14,-77.52
307701,418390.0,3386755.0,17,300,3,3,2585.0,9.2,504,0,5,418315,3386815,502,0,14,-81.58
307701,418390.0,3386755.0,17,300,3,3,2585.0,9.2,504,0,5,418290,3386840,502,0,5,-86.93
307701,418390.0,3386755.0,17,300,3,3,2585.0,9.2,504,0,5,418275,3386855,502,0,5,-87.76
307701,418390.0,3386755.0,17,300,3,3,2585.0,9.2,504,0,5,418410,3386720,504,0,6,-83.14
307701,418390.0,3386755.0,17,300,3,3,2585.0,9.2,504,0,5,418250,3386880,503,0,5,-88.57
307701,418390.0,3386755.0,17,300,3,3,2585.0,9.2,504,0,5,418330,3386800,503,0,14,-82.05
307701,418390.0,3386755.0,17,300,3,3,2585.0,9.2,504,0,5,418245,3386865,503,0,5,-90.52
307701,418390.0,3386755.0,17,300,3,3,2585.0,9.2,504,0,5,418240,3386870,503,0,5,-89.73
307701,418390.0,3386755.0,17,300,3,3,2585.0,9.2,504,0,5,418420,3386690,503,0,7,-100.5
307701,418390.0,3386755.0,17,300,3,3,2585.0,9.2,504,0,5,418270,3386860,502,0,5,-87.59
307701,418390.0,3386755.0,17,300,3,3,2585.0,9.2,504,0,5,418415,3386715,503,0,6,-82.83
307701,418390.0,3386755.0,17,300,3,3,2585.0,9.2,504,0,5,418435,3386695,503,0,7,-78.0
307701,418390.0,3386755.0,17,300,3,3,2585.0,9.2,504,0,5,418260,3386850,503,0,5,-87.85
307701,418390.0,3386755.0,17,300,3,3,2585.0,9.2,504,0,5,418405,3386705,504,0,6,-88.33
307701,418390.0,3386755.0,17,300,3,3,2585.0,9.2,504,0,5,418295,3386835,502,0,5,-86.23
307701,418390.0,3386755.0,17,300,3,3,2585.0,9.2,504,0,5,418300,3386810,503,0,5,-85.5
307701,418390.0,3386755.0,17,300,3,3,2585.0,9.2,504,0,5,418310,3386820,502,0,14,-82.54
307701,418390.0,3386755.0,17,300,3,3,2585.0,9.2,504,0,5,418390,3388280,521,0,5,-117.0
307701,418390.0,3386755.0,17,300,3,3,2585.0,9.2,504,0,5,418385,3388265,520,0,5,-109.0
307701,418390.0,3386755.0,17,300,3,3,2585.0,9.2,504,0,5,418360,3386540,501,0,5,-96.0
307701,418390.0,3386755.0,17,300,3,3,2585.0,9.2,504,0,5,417925,3386735,500,0,5,-103.33
307701,418390.0,3386755.0,17,300,3,3,2585.0,9.2,504,0,5,418395,3386445,500,0,5,-96.5
307701,418390.0,3386755.0,17,300,3,3,2585.0,9.2,504,0,5,418365,3386475,501,0,5,-104.5
307701,418390.0,3386755.0,17,300,3,3,2585.0,9.2,504,0,5,418470,3386490,506,0,5,-98.0
307701,418390.0,3386755.0,17,300,3,3,2585.0,9.2,504,0,5,418455,3386505,504,0,5,-95.0
307701,418390.0,3386755.0,17,300,3,3,2585.0,9.2,504,0,5,418430,3388470,522,0,5,-113.0
307701,418390.0,3386755.0,17,300,3,3,2585.0,9.2,504,0,5,418560,3386670,504,0,14,-70.5
307701,418390.0,3386755.0,17,300,3,3,2585.0,9.2,504,0,5,418620,3386690,504,0,6,-75.0
307701,418390.0,3386755.0,17,300,3,3,2585.0,9.2,504,0,5,418625,3386685,504,0,6,-72.5
307701,418390.0,3386755.0,17,300,3,3,2585.0,9.2,504,0,5,418570,3386680,504,0,14,-76.3
307701,418390.0,3386755.0,17,300,3,3,2585.0,9.2,504,0,5,418705,3386605,505,0,5,-92.59
307701,418390.0,3386755.0,17,300,3,3,2585.0,9.2,504,0,5,418680,3386630,504,0,14,-83.95
307701,418390.0,3386755.0,17,300,3,3,2585.0,9.2,504,0,5,418715,3386615,505,0,5,-86.2
307701,418390.0,3386755.0,17,300,3,3,2585.0,9.2,504,0,5,418700,3386610,505,0,14,-90.61
307701,418390.0,3386755.0,17,300,3,3,2585.0,9.2,504,0,5,418605,3386705,504,0,6,-72.0
307701,418390.0,3386755.0,17,300,3,3,2585.0,9.2,504,0,5,418575,3386675,504,0,5,-81.6
307701,418390.0,3386755.0,17,300,3,3,2585.0,9.2,504,0,5,418685,3386625,504,0,5,-85.28
307701,418390.0,3386755.0,17,300,3,3,2585.0,9.2,504,0,5,418710,3386620,505,0,6,-84.43
307701,418390.0,3386755.0,17,300,3,3,2585.0,9.2,504,0,5,418690,3386640,505,0,6,-78.0
307701,418390.0,3386755.0,17,300,3,3,2585.0,9.2,504,0,5,418695,3386635,505,0,6,-85.25
307701,418390.0,3386755.0,17,300,3,3,2585.0,9.2,504,0,5,418590,3386660,504,0,5,-75.67
307701,418390.0,3386755.0,17,300,3,3,2585.0,9.2,504,0,5,418475,3386830,506,6,5,-75.5
307701,418390.0,3386755.0,17,300,3,3,2585.0,9.2,504,0,5,418450,3386805,505,6,6,-65.0
307701,418390.0,3386755.0,17,300,3,3,2585.0,9.2,504,0,5,418480,3386775,504,0,6,-70.25
307701,418390.0,3386755.0,17,300,3,3,2585.0,9.2,504,0,5,418485,3386780,504,0,6,-69.23
307701,418390.0,3386755.0,17,300,3,3,2585.0,9.2,504,0,5,418535,3386730,503,0,7,-71.0
307701,418390.0,3386755.0,17,300,3,3,2585.0,9.2,504,0,5,418530,3386725,503,0,6,-69.39
307701,418390.0,3386755.0,17,300,3,3,2585.0,9.2,504,0,5,418520,3386735,502,0,6,-67.8
307701,418390.0,3386755.0,17,300,3,3,2585.0,9.2,504,0,5,418495,3386770,503,0,6,-65.25
307701,418390.0,3386755.0,17,300,3,3,2585.0,9.2,504,0,5,418525,3386740,502,0,6,-67.15
307701,418390.0,3386755.0,17,300,3,3,2585.0,9.2,504,0,5,418490,3386765,503,0,6,-64.25
307701,418390.0,3386755.0,17,300,3,3,2585.0,9.2,504,0,5,418465,3386840,506,6,6,-93.0
307701,418390.0,3386755.0,17,300,3,3,2585.0,9.2,504,0,5,418655,3386670,504,0,6,-81.2
307701,418390.0,3386755.0,17,300,3,3,2585.0,9.2,504,0,5,418685,3386720,505,0,7,-91.0
307701,418390.0,3386755.0,17,300,3,3,2585.0,9.2,504,0,5,418665,3386660,504,0,6,-69.5
307701,418390.0,3386755.0,17,300,3,3,2585.0,9.2,504,0,5,418675,3386650,504,0,6,-76.43
307701,418390.0,3386755.0,17,300,3,3,2585.0,9.2,504,0,5,418640,3386675,504,0,6,-75.33
307701,418390.0,3386755.0,17,300,3,3,2585.0,9.2,504,0,5,419020,3386375,519,0,5,-87.0
307701,418390.0,3386755.0,17,300,3,3,2585.0,9.2,504,0,5,418680,3386715,505,0,7,-95.67
307701,418390.0,3386755.0,17,300,3,3,2585.0,9.2,504,0,5,418670,3386645,504,0,6,-79.47
307701,418390.0,3386755.0,17,300,3,3,2585.0,9.2,504,0,5,418730,3386745,506,0,5,-97.8
307701,418390.0,3386755.0,17,300,3,3,2585.0,9.2,504,0,5,418735,3386750,506,0,5,-101.33
307701,418390.0,3386755.0,17,300,3,3,2585.0,9.2,504,0,5,418660,3386655,504,0,6,-80.09
307701,418390.0,3386755.0,17,300,3,3,2585.0,9.2,504,0,5,418645,3386680,504,0,6,-74.67
307701,418390.0,3386755.0,17,300,3,3,2585.0,9.2,504,0,5,418650,3386665,504,0,6,-77.46
307701,418390.0,3386755.0,17,300,3,3,2585.0,9.2,504,0,5,418520,3386400,506,0,5,-110.0
307701,418390.0,3386755.0,17,300,3,3,2585.0,9.2,504,0,5,418040,3386880,503,0,5,-94.5
307701,418390.0,3386755.0,17,300,3,3,2585.0,9.2,504,0,5,418040,3386895,503,0,5,-100.67
307701,418390.0,3386755.0,17,300,3,3,2585.0,9.2,504,0,5,418025,3386960,502,0,5,-103.0
307701,418390.0,3386755.0,17,300,3,3,2585.0,9.2,504,0,5,418005,3386940,501,0,5,-94.5
307701,418390.0,3386755.0,17,300,3,3,2585.0,9.2,504,0,5,418495,3387185,503,0,6,-100.5
307701,418390.0,3386755.0,17,300,3,3,2585.0,9.2,504,0,5,418620,3386375,506,0,6,-98.0
307701,418390.0,3386755.0,17,300,3,3,2585.0,9.2,504,0,5,418720,3386515,505,0,5,-104.33
307701,418390.0,3386755.0,17,300,3,3,2585.0,9.2,504,0,5,418625,3386380,506,0,5,-102.0
307701,418390.0,3386755.0,17,300,3,3,2585.0,9.2,504,0,5,418775,3386550,506,0,5,-92.2
307701,418390.0,3386755.0,17,300,3,3,2585.0,9.2,504,0,5,418765,3386560,506,0,5,-92.43
307701,418390.0,3386755.0,17,300,3,3,2585.0,9.2,504,0,5,418795,3386530,507,0,5,-94.75
307701,418390.0,3386755.0,17,300,3,3,2585.0,9.2,504,0,5,418785,3386540,507,0,5,-95.25
307701,418390.0,3386755.0,17,300,3,3,2585.0,9.2,504,0,5,418780,3386535,506,0,5,-90.0
307701,418390.0,3386755.0,17,300,3,3,2585.0,9.2,504,0,5,418610,3386385,505,0,6,-95.0
307701,418390.0,3386755.0,17,300,3,3,2585.0,9.2,504,0,5,418760,3386555,506,0,5,-90.0
307701,418390.0,3386755.0,17,300,3,3,2585.0,9.2,504,0,5,418735,3386510,505,0,5,-89.67
307701,418390.0,3386755.0,17,300,3,3,2585.0,9.2,504,0,5,418730,3386505,505,0,5,-99.83
307701,418390.0,3386755.0,17,300,3,3,2585.0,9.2,504,0,5,418470,3386840,506,6,5,-68.5
307701,418390.0,3386755.0,17,300,3,3,2585.0,9.2,504,0,5,418545,3386745,503,0,6,-66.0
307701,418390.0,3386755.0,17,300,3,3,2585.0,9.2,504,0,5,418495,3386775,504,0,6,-63.29
307701,418390.0,3386755.0,17,300,3,3,2585.0,9.2,504,0,5,418490,3386780,504,0,6,-67.43
307701,418390.0,3386755.0,17,300,3,3,2585.0,9.2,504,0,5,418535,3386735,503,0,6,-67.24
307701,418390.0,3386755.0,17,300,3,3,2585.0,9.2,504,0,5,418525,3386725,503,0,5,-68.33
307701,418390.0,3386755.0,17,300,3,3,2585.0,9.2,504,0,5,418530,3386740,503,0,6,-69.42
307701,418390.0,3386755.0,17,300,3,3,2585.0,9.2,504,0,5,418520,3386730,503,0,6,-67.71
307701,418390.0,3386755.0,17,300,3,3,2585.0,9.2,504,0,5,418480,3386770,503,0,6,-65.89
307701,418390.0,3386755.0,17,300,3,3,2585.0,9.2,504,0,5,418485,3386765,503,0,6,-67.3
307701,418390.0,3386755.0,17,300,3,3,2585.0,9.2,504,0,5,418445,3386805,505,6,6,-60.8
307701,418390.0,3386755.0,17,300,3,3,2585.0,9.2,504,0,5,418355,3386635,503,0,6,-99.5
307701,418390.0,3386755.0,17,300,3,3,2585.0,9.2,504,0,5,418520,3386945,507,6,6,-87.0
307701,418390.0,3386755.0,17,300,3,3,2585.0,9.2,504,0,5,418530,3386955,507,0,5,-91.86
307701,418390.0,3386755.0,17,300,3,3,2585.0,9.2,504,0,5,418525,3386950,507,0,6,-91.2
307701,418390.0,3386755.0,17,300,3,3,2585.0,9.2,504,0,5,418535,3386960,508,0,5,-90.85
307701,418390.0,3386755.0,17,300,3,3,2585.0,9.2,504,0,5,418540,3386925,507,0,14,-88.0
307701,418390.0,3386755.0,17,300,3,3,2585.0,9.2,504,0,5,418605,3386330,505,0,5,-110.0
307701,418390.0,3386755.0,17,300,3,3,2585.0,9.2,504,0,5,418795,3386520,507,0,5,-92.5
307701,418390.0,3386755.0,17,300,3,3,2585.0,9.2,504,0,5,418750,3386555,505,0,5,-88.5
307701,418390.0,3386755.0,17,300,3,3,2585.0,9.2,504,0,5,418615,3386340,506,0,5,-108.0
307701,418390.0,3386755.0,17,300,3,3,2585.0,9.2,504,0,5,418610,3386335,506,0,5,-103.0
307701,418390.0,3386755.0,17,300,3,3,2585.0,9.2,504,0,5,418755,3386560,505,0,5,-89.33
307701,418390.0,3386755.0,17,300,3,3,2585.0,9.2,504,0,5,418620,3386345,506,0,5,-93.0
307701,418390.0,3386755.0,17,300,3,3,2585.0,9.2,504,0,5,418475,3386840,506,6,5,-79.0
307701,418390.0,3386755.0,17,300,3,3,2585.0,9.2,504,0,5,418470,3386835,506,6,5,-67.0
307701,418390.0,3386755.0,17,300,3,3,2585.0,9.2,504,0,5,418540,3386745,503,0,6,-65.6
307701,418390.0,3386755.0,17,300,3,3,2585.0,9.2,504,0,5,418370,3386575,501,0,5,-86.0
307701,418390.0,3386755.0,17,300,3,3,2585.0,9.2,504,0,5,418530,3386735,503,0,6,-69.41
307701,418390.0,3386755.0,17,300,3,3,2585.0,9.2,504,0,5,418485,3386770,503,0,6,-68.91
307701,418390.0,3386755.0,17,300,3,3,2585.0,9.2,504,0,5,418495,3386780,504,0,6,-64.0
307701,418390.0,3386755.0,17,300,3,3,2585.0,9.2,504,0,5,418525,3386730,503,0,6,-69.72
307701,418390.0,3386755.0,17,300,3,3,2585.0,9.2,504,0,5,418535,3386740,503,0,6,-67.0
307701,418390.0,3386755.0,17,300,3,3,2585.0,9.2,504,0,5,418490,3386775,504,0,6,-64.46
307701,418390.0,3386755.0,17,300,3,3,2585.0,9.2,504,0,5,418520,3386725,503,0,5,-69.16
307701,418390.0,3386755.0,17,300,3,3,2585.0,9.2,504,0,5,418480,3386765,503,0,6,-67.4
307701,418390.0,3386755.0,17,300,3,3,2585.0,9.2,504,0,5,418440,3386805,504,6,6,-71.5
307701,418390.0,3386755.0,17,300,3,3,2585.0,9.2,504,0,5,418845,3387515,506,0,5,-100.0
307701,418390.0,3386755.0,17,300,3,3,2585.0,9.2,504,0,5,418805,3387475,506,0,6,-105.33
307701,418390.0,3386755.0,17,300,3,3,2585.0,9.2,504,0,5,418625,3387475,501,15,14,-95.43
307701,418390.0,3386755.0,17,300,3,3,2585.0,9.2,504,0,5,418630,3387470,501,15,14,-99.0
307701,418390.0,3386755.0,17,300,3,3,2585.0,9.2,504,0,5,418635,3387465,501,15,14,-101.25
307701,418390.0,3386755.0,17,300,3,3,2585.0,9.2,504,0,5,418195,3386890,503,0,5,-92.61
307701,418390.0,3386755.0,17,300,3,3,2585.0,9.2,504,0,5,418165,3386920,503,0,5,-93.35
307701,418390.0,3386755.0,17,300,3,3,2585.0,9.2,504,0,5,418190,3386885,503,0,5,-96.26
307701,418390.0,3386755.0,17,300,3,3,2585.0,9.2,504,0,5,418170,3386905,504,0,5,-95.93
307701,418390.0,3386755.0,17,300,3,3,2585.0,9.2,504,0,5,418180,3386895,504,0,5,-95.16
307701,418390.0,3386755.0,17,300,3,3,2585.0,9.2,504,0,5,418160,3386915,504,0,5,-98.79
307701,418390.0,3386755.0,17,300,3,3,2585.0,9.2,504,0,5,418185,3386900,503,0,5,-92.77
307701,418390.0,3386755.0,17,300,3,3,2585.0,9.2,504,0,5,418230,3386925,503,9,6,-102.0
307701,418390.0,3386755.0,17,300,3,3,2585.0,9.2,504,0,5,418175,3386910,504,0,5,-95.5
307701,418390.0,3386755.0,17,300,3,3,2585.0,9.2,504,0,5,418705,3386735,505,0,5,-93.5
307701,418390.0,3386755.0,17,300,3,3,2585.0,9.2,504,0,5,418715,3386725,506,0,5,-94.0
307701,418390.0,3386755.0,17,300,3,3,2585.0,9.2,504,0,5,418675,3386765,505,0,7,-87.5
307701,418390.0,3386755.0,17,300,3,3,2585.0,9.2,504,0,5,418955,3386485,513,0,6,-91.5
307701,418390.0,3386755.0,17,300,3,3,2585.0,9.2,504,0,5,418950,3386490,513,0,6,-91.33
307701,418390.0,3386755.0,17,300,3,3,2585.0,9.2,504,0,5,419005,3386435,517,0,6,-90.33
307701,418390.0,3386755.0,17,300,3,3,2585.0,9.2,504,0,5,419015,3386425,518,0,6,-91.0
307701,418390.0,3386755.0,17,300,3,3,2585.0,9.2,504,0,5,418710,3386730,506,0,5,-98.0
307701,418390.0,3386755.0,17,300,3,3,2585.0,9.2,504,0,5,418980,3386460,515,0,6,-94.8
307701,418390.0,3386755.0,17,300,3,3,2585.0,9.2,504,0,5,418985,3386455,515,0,6,-86.0
307701,418390.0,3386755.0,17,300,3,3,2585.0,9.2,504,0,5,418725,3386715,506,0,14,-93.5
307701,418390.0,3386755.0,17,300,3,3,2585.0,9.2,504,0,5,418990,3386450,516,9,6,-89.0
307701,418390.0,3386755.0,17,300,3,3,2585.0,9.2,504,0,5,418995,3386445,516,9,6,-91.5
307701,418390.0,3386755.0,17,300,3,3,2585.0,9.2,504,0,5,419000,3386440,517,9,6,-90.2
307701,418390.0,3386755.0,17,300,3,3,2585.0,9.2,504,0,5,418970,3386470,514,6,6,-95.0
307701,418390.0,3386755.0,17,300,3,3,2585.0,9.2,504,0,5,418720,3386720,506,0,14,-92.75
307701,418390.0,3386755.0,17,300,3,3,2585.0,9.2,504,0,5,418940,3386500,513,0,6,-98.0
307701,418390.0,3386755.0,17,300,3,3,2585.0,9.2,504,0,5,418480,3387210,502,0,5,-105.0
307701,418390.0,3386755.0,17,300,3,3,2585.0,9.2,504,0,5,418180,3386910,504,0,5,-95.6
307701,418390.0,3386755.0,17,300,3,3,2585.0,9.2,504,0,5,418165,3386885,504,0,5,-94.86
307701,418390.0,3386755.0,17,300,3,3,2585.0,9.2,504,0,5,418160,3386890,504,0,5,-96.0
307701,418390.0,3386755.0,17,300,3,3,2585.0,9.2,504,0,5,418185,3386905,503,0,5,-93.65
307701,418390.0,3386755.0,17,300,3,3,2585.0,9.2,504,0,5,418170,3386900,504,0,5,-96.81
307701,418390.0,3386755.0,17,300,3,3,2585.0,9.2,504,0,5,418175,3386895,504,0,5,-96.4
307701,418390.0,3386755.0,17,300,3,3,2585.0,9.2,504,0,5,418190,3386920,503,0,6,-88.14
307701,418390.0,3386755.0,17,300,3,3,2585.0,9.2,504,0,5,418195,3386915,503,0,5,-91.5
307701,418390.0,3386755.0,17,300,3,3,2585.0,9.2,504,0,5,418205,3386870,503,0,5,-93.73
307701,418390.0,3386755.0,17,300,3,3,2585.0,9.2,504,0,5,418210,3386875,503,0,5,-96.8
307701,418390.0,3386755.0,17,300,3,3,2585.0,9.2,504,0,5,418230,3386855,503,0,5,-94.2
307701,418390.0,3386755.0,17,300,3,3,2585.0,9.2,504,0,5,418215,3386880,503,0,5,-90.47
307701,418390.0,3386755.0,17,300,3,3,2585.0,9.2,504,0,5,418235,3386860,503,0,5,-95.56
307701,418390.0,3386755.0,17,300,3,3,2585.0,9.2,504,0,5,418225,3386850,503,0,5,-89.25
307701,418390.0,3386755.0,17,300,3,3,2585.0,9.2,504,0,5,418200,3386865,503,0,5,-90.5
307701,418390.0,3386755.0,17,300,3,3,2585.0,9.2,504,0,5,418330,3386565,501,0,6,-97.5
307701,418390.0,3386755.0,17,300,3,3,2585.0,9.2,504,0,5,418415,3386810,504,0,6,-64.77
307701,418390.0,3386755.0,17,300,3,3,2585.0,9.2,504,0,5,418405,3386820,504,12,6,-69.5
307701,418390.0,3386755.0,17,300,3,3,2585.0,9.2,504,0,5,418395,3386630,502,0,5,-91.0
307701,418390.0,3386755.0,17,300,3,3,2585.0,9.2,504,0,5,418400,3386815,504,12,5,-68.85
307701,418390.0,3386755.0,17,300,3,3,2585.0,9.2,504,0,5,418410,3386805,504,0,5,-70.13
307701,418390.0,3386755.0,17,300,3,3,2585.0,9.2,504,0,5,418390,3386625,502,0,5,-93.0
307701,418390.0,3386755.0,17,300,3,3,2585.0,9.2,504,0,5,418480,3386735,502,0,5,-71.59
307701,418390.0,3386755.0,17,300,3,3,2585.0,9.2,504,0,5,418510,3386745,502,0,7,-68.85
307701,418390.0,3386755.0,17,300,3,3,2585.0,9.2,504,0,5,418340,3386595,502,0,6,-92.5
307701,418390.0,3386755.0,17,300,3,3,2585.0,9.2,504,0,5,418485,3386740,502,0,5,-71.41
307701,418390.0,3386755.0,17,300,3,3,2585.0,9.2,504,0,5,418365,3386620,502,0,6,-96.54
307701,418390.0,3386755.0,17,300,3,3,2585.0,9.2,504,0,5,418380,3386635,503,0,6,-97.33
307701,418390.0,3386755.0,17,300,3,3,2585.0,9.2,504,0,5,418495,3386730,502,0,5,-72.78
307701,418390.0,3386755.0,17,300,3,3,2585.0,9.2,504,0,5,418490,3386725,502,0,5,-74.38
307701,418390.0,3386755.0,17,300,3,3,2585.0,9.2,504,0,5,418515,3386750,503,0,6,-65.26
307701,418390.0,3386755.0,17,300,3,3,2585.0,9.2,504,0,5,418360,3386615,502,0,6,-97.3
307701,418390.0,3386755.0,17,300,3,3,2585.0,9.2,504,0,5,418350,3386585,501,0,6,-98.5
307701,418390.0,3386755.0,17,300,3,3,2585.0,9.2,504,0,5,418500,3386755,503,0,6,-67.16
307701,418390.0,3386755.0,17,300,3,3,2585.0,9.2,504,0,5,418505,3386760,503,0,6,-63.91
307701,418390.0,3386755.0,17,300,3,3,2585.0,9.2,504,0,5,418385,3386640,503,0,6,-93.25
307701,418390.0,3386755.0,17,300,3,3,2585.0,9.2,504,0,5,418450,3386880,505,6,5,-80.33
307701,418390.0,3386755.0,17,300,3,3,2585.0,9.2,504,0,5,418460,3386850,505,0,5,-73.5
307701,418390.0,3386755.0,17,300,3,3,2585.0,9.2,504,0,5,418420,3386810,504,0,6,-66.19
307701,418390.0,3386755.0,17,300,3,3,2585.0,9.2,504,0,5,418390,3386620,502,0,5,-95.5
307701,418390.0,3386755.0,17,300,3,3,2585.0,9.2,504,0,5,418495,3386755,503,0,6,-70.37
307701,418390.0,3386755.0,17,300,3,3,2585.0,9.2,504,0,5,418375,3386635,503,0,6,-96.5
307701,418390.0,3386755.0,17,300,3,3,2585.0,9.2,504,0,5,418365,3386625,502,0,6,-99.92
307701,418390.0,3386755.0,17,300,3,3,2585.0,9.2,504,0,5,418500,3386730,502,0,5,-69.35
307701,418390.0,3386755.0,17,300,3,3,2585.0,9.2,504,0,5,418425,3386805,504,0,6,-65.68
307701,418390.0,3386755.0,17,300,3,3,2585.0,9.2,504,0,5,418480,3386750,503,0,6,-70.9
307701,418390.0,3386755.0,17,300,3,3,2585.0,9.2,504,0,5,418510,3386740,502,0,6,-70.12
307701,418390.0,3386755.0,17,300,3,3,2585.0,9.2,504,0,5,418505,3386725,502,0,5,-70.14
307701,418390.0,3386755.0,17,300,3,3,2585.0,9.2,504,0,5,418485,3386745,502,0,5,-68.16
307701,418390.0,3386755.0,17,300,3,3,2585.0,9.2,504,0,5,418515,3386735,502,0,6,-69.34
307701,418390.0,3386755.0,17,300,3,3,2585.0,9.2,504,0,5,418490,3386760,503,0,6,-66.7
307701,418390.0,3386755.0,17,300,3,3,2585.0,9.2,504,0,5,418370,3386640,503,0,6,-95.77
307701,418390.0,3386755.0,17,300,3,3,2585.0,9.2,504,0,5,418360,3386630,503,0,6,-93.5
307701,418390.0,3386755.0,17,300,3,3,2585.0,9.2,504,0,5,418475,3386855,506,0,6,-95.13
307701,418390.0,3386755.0,17,300,3,3,2585.0,9.2,504,0,5,418350,3386580,501,0,6,-99.33
307701,418390.0,3386755.0,17,300,3,3,2585.0,9.2,504,0,5,418475,3387200,502,0,14,-107.0
307701,418390.0,3386755.0,17,300,3,3,2585.0,9.2,504,0,5,418515,3387080,506,0,5,-105.86
307701,418390.0,3386755.0,17,300,3,3,2585.0,9.2,504,0,5,418510,3386760,503,0,6,-63.33
307701,418390.0,3386755.0,17,300,3,3,2585.0,9.2,504,0,5,418410,3386820,504,0,6,-69.0
307701,418390.0,3386755.0,17,300,3,3,2585.0,9.2,504,0,5,418385,3386625,502,0,6,-109.0
307701,418390.0,3386755.0,17,300,3,3,2585.0,9.2,504,0,5,418355,3386595,501,0,6,-102.0
307701,418390.0,3386755.0,17,300,3,3,2585.0,9.2,504,0,5,418485,3386725,502,0,5,-72.96
307701,418390.0,3386755.0,17,300,3,3,2585.0,9.2,504,0,5,418515,3386755,503,0,6,-64.5
307701,418390.0,3386755.0,17,300,3,3,2585.0,9.2,504,0,5,418335,3386575,501,0,6,-99.5
307701,418390.0,3386755.0,17,300,3,3,2585.0,9.2,504,0,5,418365,3386605,502,0,6,-99.0
307701,418390.0,3386755.0,17,300,3,3,2585.0,9.2,504,0,5,418500,3386750,503,0,7,-69.14
307701,418390.0,3386755.0,17,300,3,3,2585.0,9.2,504,0,5,418360,3386610,502,0,6,-97.77
307701,418390.0,3386755.0,17,300,3,3,2585.0,9.2,504,0,5,418480,3386730,502,0,5,-74.24
307701,418390.0,3386755.0,17,300,3,3,2585.0,9.2,504,0,5,418495,3386735,502,0,5,-70.31
307701,418390.0,3386755.0,17,300,3,3,2585.0,9.2,504,0,5,418490,3386740,502,0,5,-70.18
307701,418390.0,3386755.0,17,300,3,3,2585.0,9.2,504,0,5,418505,3386745,502,0,6,-68.69
307701,418390.0,3386755.0,17,300,3,3,2585.0,9.2,504,0,5,418400,3386810,504,0,5,-74.67
307701,418390.0,3386755.0,17,300,3,3,2585.0,9.2,504,0,5,418350,3386600,502,0,6,-99.2
307701,418390.0,3386755.0,17,300,3,3,2585.0,9.2,504,0,5,418370,3386620,502,0,6,-101.0
307701,418390.0,3386755.0,17,300,3,3,2585.0,9.2,504,0,5,418405,3386805,504,0,5,-71.86
307701,418390.0,3386755.0,17,300,3,3,2585.0,9.2,504,0,5,418345,3386585,501,0,6,-96.33
307701,418390.0,3386755.0,17,300,3,3,2585.0,9.2,504,0,5,418415,3386815,504,6,6,-66.4
307701,418390.0,3386755.0,17,300,3,3,2585.0,9.2,504,0,5,418520,3386910,506,0,5,-93.0
307701,418390.0,3386755.0,17,300,3,3,2585.0,9.2,504,0,5,418535,3386915,507,0,5,-86.55
307701,418390.0,3386755.0,17,300,3,3,2585.0,9.2,504,0,5,418530,3386920,507,0,5,-87.73
307701,418390.0,3386755.0,17,300,3,3,2585.0,9.2,504,0,5,418525,3386905,506,0,5,-84.82
307701,418390.0,3386755.0,17,300,3,3,2585.0,9.2,504,0,5,418125,3386940,503,0,5,-97.5
307701,418390.0,3386755.0,17,300,3,3,2585.0,9.2,504,0,5,418135,3386930,503,0,5,-94.67
307701,418390.0,3386755.0,17,300,3,3,2585.0,9.2,504,0,5,418110,3386905,504,0,5,-98.5
307701,418390.0,3386755.0,17,300,3,3,2585.0,9.2,504,0,5,418120,3386935,503,0,5,-95.0
307701,418390.0,3386755.0,17,300,3,3,2585.0,9.2,504,0,5,418130,3386925,503,0,5,-98.1
307701,418390.0,3386755.0,17,300,3,3,2585.0,9.2,504,0,5,418240,3386890,503,0,5,-87.0
307701,418390.0,3386755.0,17,300,3,3,2585.0,9.2,504,0,5,418245,3386885,503,0,5,-88.8
307701,418390.0,3386755.0,17,300,3,3,2585.0,9.2,504,0,5,418495,3387135,504,0,5,-108.5
307701,418390.0,3386755.0,17,300,3,3,2585.0,9.2,504,0,5,418745,3388210,519,0,5,-105.33
307701,418390.0,3386755.0,17,300,3,3,2585.0,9.2,504,0,5,418000,3387525,499,6,14,-116.0
307701,418390.0,3386755.0,17,300,3,3,2585.0,9.2,504,0,5,418470,3387115,504,0,14,-102.5
307701,418390.0,3386755.0,17,300,3,3,2585.0,9.2,504,0,5,418245,3386890,503,0,5,-85.33
307701,418390.0,3386755.0,17,300,3,3,2585.0,9.2,504,0,5,418240,3386885,503,0,5,-91.0
307701,418390.0,3386755.0,17,300,3,3,2585.0,9.2,504,0,5,418250,3386895,503,0,5,-85.0
307701,418390.0,3386755.0,17,300,3,3,2585.0,9.2,504,0,5,418655,3386690,504,0,6,-81.5
307701,418390.0,3386755.0,17,300,3,3,2585.0,9.2,504,0,5,418735,3386770,505,0,12,-100.5
307701,418390.0,3386755.0,17,300,3,3,2585.0,9.2,504,0,5,418730,3386765,505,0,5,-98.5
307701,418390.0,3386755.0,17,300,3,3,2585.0,9.2,504,0,5,418670,3386705,505,0,7,-96.8
307701,418390.0,3386755.0,17,300,3,3,2585.0,9.2,504,0,5,418695,3386650,505,0,6,-78.0
307701,418390.0,3386755.0,17,300,3,3,2585.0,9.2,504,0,5,418690,3386645,505,0,6,-76.0
307701,418390.0,3386755.0,17,300,3,3,2585.0,9.2,504,0,5,418650,3386685,504,0,6,-85.0
307701,418390.0,3386755.0,17,300,3,3,2585.0,9.2,504,0,5,418675,3386710,505,0,7,-98.6
307701,418390.0,3386755.0,17,300,3,3,2585.0,9.2,504,0,5,418980,3386395,518,0,14,-95.0
307701,418390.0,3386755.0,17,300,3,3,2585.0,9.2,504,0,5,418985,3386400,518,0,14,-95.0
307701,418390.0,3386755.0,17,300,3,3,2585.0,9.2,504,0,5,418990,3386385,519,0,14,-88.5
307701,418390.0,3386755.0,17,300,3,3,2585.0,9.2,504,0,5,418460,3386490,505,0,10,-95.0
307701,418390.0,3386755.0,17,300,3,3,2585.0,9.2,504,0,5,418445,3386505,503,0,5,-101.0
307701,418390.0,3386755.0,17,300,3,3,2585.0,9.2,504,0,5,418485,3386465,508,0,10,-90.0
307701,418390.0,3386755.0,17,300,3,3,2585.0,9.2,504,0,5,418540,3386915,507,0,5,-86.0
307701,418390.0,3386755.0,17,300,3,3,2585.0,9.2,504,0,5,418520,3386895,506,0,5,-88.75
307701,418390.0,3386755.0,17,300,3,3,2585.0,9.2,504,0,5,418525,3386900,506,0,5,-86.6
307701,418390.0,3386755.0,17,300,3,3,2585.0,9.2,504,0,5,418555,3387565,502,0,6,-110.33
307701,418390.0,3386755.0,17,300,3,3,2585.0,9.2,504,0,5,418020,3386895,502,0,6,-95.0
307701,418390.0,3386755.0,17,300,3,3,2585.0,9.2,504,0,5,418030,3386885,502,0,5,-92.67
307701,418390.0,3386755.0,17,300,3,3,2585.0,9.2,504,0,5,418045,3386960,502,0,5,-103.0
307701,418390.0,3386755.0,17,300,3,3,2585.0,9.2,504,0,5,418040,3386955,502,0,5,-96.5
307701,418390.0,3386755.0,17,300,3,3,2585.0,9.2,504,0,5,418035,3386890,503,0,5,-98.5
307701,418390.0,3386755.0,17,300,3,3,2585.0,9.2,504,0,5,418535,3387375,499,0,5,-111.5
307701,418390.0,3386755.0,17,300,3,3,2585.0,9.2,504,0,5,418040,3386890,503,0,5,-94.14
307701,418390.0,3386755.0,17,300,3,3,2585.0,9.2,504,0,5,418030,3386960,502,0,5,-100.8
307701,418390.0,3386755.0,17,300,3,3,2585.0,9.2,504,0,5,418830,3387510,506,0,12,-95.5
307701,418390.0,3386755.0,17,300,3,3,2585.0,9.2,504,0,5,418660,3386565,504,9,5,-93.5
307701,418390.0,3386755.0,17,300,3,3,2585.0,9.2,504,0,5,418655,3386600,504,0,14,-90.5
307701,418390.0,3386755.0,17,300,3,3,2585.0,9.2,504,0,5,418600,3386705,504,0,6,-70.67
307701,418390.0,3386755.0,17,300,3,3,2585.0,9.2,504,0,5,418625,3386690,504,0,6,-72.0
307701,418390.0,3386755.0,17,300,3,3,2585.0,9.2,504,0,5,418705,3386610,505,0,5,-90.05
307701,418390.0,3386755.0,17,300,3,3,2585.0,9.2,504,0,5,418595,3386660,504,0,5,-75.0
307701,418390.0,3386755.0,17,300,3,3,2585.0,9.2,504,0,5,418690,3386635,505,0,6,-80.94
307701,418390.0,3386755.0,17,300,3,3,2585.0,9.2,504,0,5,418570,3386675,504,0,14,-80.0
307701,418390.0,3386755.0,17,300,3,3,2585.0,9.2,504,0,5,418685,3386630,505,0,5,-81.86
307701,418390.0,3386755.0,17,300,3,3,2585.0,9.2,504,0,5,418700,3386605,505,0,5,-93.49
307701,418390.0,3386755.0,17,300,3,3,2585.0,9.2,504,0,5,418575,3386680,504,0,5,-79.67
307701,418390.0,3386755.0,17,300,3,3,2585.0,9.2,504,0,5,418680,3386625,504,0,5,-85.81
307701,418390.0,3386755.0,17,300,3,3,2585.0,9.2,504,0,5,418710,3386615,505,0,5,-86.13
307701,418390.0,3386755.0,17,300,3,3,2585.0,9.2,504,0,5,418620,3386685,504,0,6,-72.0
307701,418390.0,3386755.0,17,300,3,3,2585.0,9.2,504,0,5,418695,3386640,505,0,6,-84.2
307701,418390.0,3386755.0,17,300,3,3,2585.0,9.2,504,0,5,418715,3386620,505,0,6,-77.08
307701,418390.0,3386755.0,17,300,3,3,2585.0,9.2,504,0,5,418305,3386770,504,0,5,-111.0
307701,418390.0,3386755.0,17,300,3,3,2585.0,9.2,504,0,5,418385,3386850,504,0,6,-90.0
307701,418390.0,3386755.0,17,300,3,3,2585.0,9.2,504,0,5,418555,3386700,503,0,14,-72.04
307701,418390.0,3386755.0,17,300,3,3,2585.0,9.2,504,0,5,418355,3386820,503,0,14,-78.74
307701,418390.0,3386755.0,17,300,3,3,2585.0,9.2,504,0,5,418300,3386765,504,0,14,-109.0
307701,418390.0,3386755.0,17,300,3,3,2585.0,9.2,504,0,5,418325,3386830,502,0,14,-82.18
307701,418390.0,3386755.0,17,300,3,3,2585.0,9.2,504,0,5,418545,3386690,503,0,14,-76.73
307701,418390.0,3386755.0,17,300,3,3,2585.0,9.2,504,0,5,418535,3386720,503,0,5,-69.71
307701,418390.0,3386755.0,17,300,3,3,2585.0,9.2,504,0,5,418330,3386835,502,0,14,-82.19
307701,418390.0,3386755.0,17,300,3,3,2585.0,9.2,504,0,5,418550,3386695,503,0,5,-72.56
307701,418390.0,3386755.0,17,300,3,3,2585.0,9.2,504,0,5,418350,3386815,503,0,14,-79.29
307701,418390.0,3386755.0,17,300,3,3,2585.0,9.2,504,0,5,418520,3386705,503,0,14,-71.45
307701,418390.0,3386755.0,17,300,3,3,2585.0,9.2,504,0,5,418340,3386805,503,0,14,-80.93
307701,418390.0,3386755.0,17,300,3,3,2585.0,9.2,504,0,5,418345,3386810,503,0,14,-80.05
307701,418390.0,3386755.0,17,300,3,3,2585.0,9.2,504,0,5,418530,3386715,503,0,5,-70.0
307701,418390.0,3386755.0,17,300,3,3,2585.0,9.2,504,0,5,418525,3386710,503,0,14,-69.64
307701,418390.0,3386755.0,17,300,3,3,2585.0,9.2,504,0,5,418320,3386825,502,0,5,-82.34
307701,418390.0,3386755.0,17,300,3,3,2585.0,9.2,504,0,5,418335,3386840,503,0,5,-83.23
307701,418390.0,3386755.0,17,300,3,3,2585.0,9.2,504,0,5,418720,3388385,517,0,5,-119.5
307701,418390.0,3386755.0,17,300,3,3,2585.0,9.2,504,0,5,418745,3388370,517,0,5,-113.4
307701,418390.0,3386755.0,17,300,3,3,2585.0,9.2,504,0,5,418765,3388350,517,57,5,-99.67
307701,418390.0,3386755.0,17,300,3,3,2585.0,9.2,504,0,5,418485,3386695,503,0,5,-65.0
307701,418390.0,3386755.0,17,300,3,3,2585.0,9.2,504,0,5,418380,3386840,504,0,6,-83.0
307701,418390.0,3386755.0,17,300,3,3,2585.0,9.2,504,0,5,418385,3386835,504,0,6,-80.5
307701,418390.0,3386755.0,17,300,3,3,2585.0,9.2,504,0,5,418320,3386860,502,0,5,-80.75
307701,418390.0,3386755.0,17,300,3,3,2585.0,9.2,504,0,5,418555,3386665,504,0,5,-76.0
307701,418390.0,3386755.0,17,300,3,3,2585.0,9.2,504,0,5,418515,3386705,503,0,14,-74.5
307701,418390.0,3386755.0,17,300,3,3,2585.0,9.2,504,0,5,418330,3386850,502,0,5,-80.2
307701,418390.0,3386755.0,17,300,3,3,2585.0,9.2,504,0,5,418480,3386700,503,0,5,-70.5
307701,418390.0,3386755.0,17,300,3,3,2585.0,9.2,504,0,5,418500,3386720,502,0,5,-72.61
307701,418390.0,3386755.0,17,300,3,3,2585.0,9.2,504,0,5,418370,3386810,504,0,14,-77.63
307701,418390.0,3386755.0,17,300,3,3,2585.0,9.2,504,0,5,418360,3386820,503,0,14,-77.47
307701,418390.0,3386755.0,17,300,3,3,2585.0,9.2,504,0,5,418510,3386710,503,0,5,-73.83
307701,418390.0,3386755.0,17,300,3,3,2585.0,9.2,504,0,5,418365,3386815,503,0,14,-78.44
307701,418390.0,3386755.0,17,300,3,3,2585.0,9.2,504,0,5,418375,3386805,504,0,14,-78.88
307701,418390.0,3386755.0,17,300,3,3,2585.0,9.2,504,0,5,418335,3386845,503,0,5,-83.92
307701,418390.0,3386755.0,17,300,3,3,2585.0,9.2,504,0,5,418505,3386715,503,0,5,-72.53
307701,418390.0,3386755.0,17,300,3,3,2585.0,9.2,504,0,5,418395,3386825,504,12,6,-67.33
307701,418390.0,3386755.0,17,300,3,3,2585.0,9.2,504,0,5,418545,3386675,503,0,14,-67.0
307701,418390.0,3386755.0,17,300,3,3,2585.0,9.2,504,0,5,418390,3386830,504,12,6,-74.0
307701,418390.0,3386755.0,17,300,3,3,2585.0,9.2,504,0,5,418325,3386855,502,0,5,-81.2
307701,418390.0,3386755.0,17,300,3,3,2585.0,9.2,504,0,5,418485,3387185,503,0,14,-103.5
307701,418390.0,3386755.0,17,300,3,3,2585.0,9.2,504,0,5,418700,3386460,505,0,5,-97.0
307701,418390.0,3386755.0,17,300,3,3,2585.0,9.2,504,0,5,418660,3386420,506,0,5,-94.0
307701,418390.0,3386755.0,17,300,3,3,2585.0,9.2,504,0,5,418535,3386440,506,0,6,-96.67
307701,418390.0,3386755.0,17,300,3,3,2585.0,9.2,504,0,5,418445,3386510,503,0,5,-100.33
307701,418390.0,3386755.0,17,300,3,3,2585.0,9.2,504,0,5,418780,3386545,506,0,5,-91.25
307701,418390.0,3386755.0,17,300,3,3,2585.0,9.2,504,0,5,418770,3386535,506,0,5,-95.25
307701,418390.0,3386755.0,17,300,3,3,2585.0,9.2,504,0,5,418795,3386560,507,0,5,-92.12
307701,418390.0,3386755.0,17,300,3,3,2585.0,9.2,504,0,5,418725,3386490,505,0,5,-92.91
307701,418390.0,3386755.0,17,300,3,3,2585.0,9.2,504,0,5,418785,3386550,507,0,5,-93.56
307701,418390.0,3386755.0,17,300,3,3,2585.0,9.2,504,0,5,418730,3386495,505,0,5,-89.7
307701,418390.0,3386755.0,17,300,3,3,2585.0,9.2,504,0,5,418735,3386500,505,0,5,-93.67
307701,418390.0,3386755.0,17,300,3,3,2585.0,9.2,504,0,5,418605,3386370,505,0,6,-102.5
307701,418390.0,3386755.0,17,300,3,3,2585.0,9.2,504,0,5,418790,3386555,507,0,5,-94.18
307701,418390.0,3386755.0,17,300,3,3,2585.0,9.2,504,0,5,418745,3386510,505,0,5,-92.67
307701,418390.0,3386755.0,17,300,3,3,2585.0,9.2,504,0,5,418720,3386485,505,0,5,-93.11
307701,418390.0,3386755.0,17,300,3,3,2585.0,9.2,504,0,5,418740,3386505,505,0,5,-94.25
307701,418390.0,3386755.0,17,300,3,3,2585.0,9.2,504,0,5,418775,3386540,506,0,5,-88.43
307701,418390.0,3386755.0,17,300,3,3,2585.0,9.2,504,0,5,418765,3386530,506,0,5,-94.33
307701,418390.0,3386755.0,17,300,3,3,2585.0,9.2,504,0,5,418560,3386960,509,0,5,-97.33
307701,418390.0,3386755.0,17,300,3,3,2585.0,9.2,504,0,5,418850,3387525,506,0,5,-101.67
307701,418390.0,3386755.0,17,300,3,3,2585.0,9.2,504,0,5,418720,3387450,502,0,12,-110.6
307701,418390.0,3386755.0,17,300,3,3,2585.0,9.2,504,0,5,418570,3386230,502,141,5,-105.5
307701,418390.0,3386755.0,17,300,3,3,2585.0,9.2,504,0,5,418075,3386855,503,0,5,-92.5
307701,418390.0,3386755.0,17,300,3,3,2585.0,9.2,504,0,5,418735,3388350,518,0,14,-104.0
307701,418390.0,3386755.0,17,300,3,3,2585.0,9.2,504,0,5,418210,3386860,503,0,5,-91.8
307701,418390.0,3386755.0,17,300,3,3,2585.0,9.2,504,0,5,418220,3386870,503,0,5,-94.31
307701,418390.0,3386755.0,17,300,3,3,2585.0,9.2,504,0,5,418215,3386855,503,0,5,-89.25
307701,418390.0,3386755.0,17,300,3,3,2585.0,9.2,504,0,5,418230,3386880,503,0,5,-88.03
307701,418390.0,3386755.0,17,300,3,3,2585.0,9.2,504,0,5,418235,3386875,503,0,5,-89.74
307701,418390.0,3386755.0,17,300,3,3,2585.0,9.2,504,0,5,418225,3386865,503,0,5,-95.13
307701,418390.0,3386755.0,17,300,3,3,2585.0,9.2,504,0,5,418415,3387215,502,0,14,-92.0
307701,418390.0,3386755.0,17,300,3,3,2585.0,9.2,504,0,5,418135,3386935,503,0,5,-92.33
307701,418390.0,3386755.0,17,300,3,3,2585.0,9.2,504,0,5,418125,3386925,503,0,5,-100.11
307701,418390.0,3386755.0,17,300,3,3,2585.0,9.2,504,0,5,418115,3386915,504,0,14,-101.67
307701,418390.0,3386755.0,17,300,3,3,2585.0,9.2,504,0,5,418105,3386905,504,0,5,-92.5
307701,418390.0,3386755.0,17,300,3,3,2585.0,9.2,504,0,5,418110,3386920,504,0,14,-100.4
307701,418390.0,3386755.0,17,300,3,3,2585.0,9.2,504,0,5,418120,3386930,503,0,5,-98.0
307701,418390.0,3386755.0,17,300,3,3,2585.0,9.2,504,0,5,418400,3387210,502,0,5,-91.5
307701,418390.0,3386755.0,17,300,3,3,2585.0,9.2,504,0,5,418565,3386725,503,0,6,-62.5
307701,418390.0,3386755.0,17,300,3,3,2585.0,9.2,504,0,5,418950,3386480,513,0,6,-89.0
307701,418390.0,3386755.0,17,300,3,3,2585.0,9.2,504,0,5,418945,3386465,514,0,6,-95.09
307701,418390.0,3386755.0,17,300,3,3,2585.0,9.2,504,0,5,418940,3386470,513,0,6,-93.25
307701,418390.0,3386755.0,17,300,3,3,2585.0,9.2,504,0,5,418925,3386445,514,0,6,-97.5
307701,418390.0,3386755.0,17,300,3,3,2585.0,9.2,504,0,5,418745,3386585,505,0,6,-93.04
307701,418390.0,3386755.0,17,300,3,3,2585.0,9.2,504,0,5,418740,3386590,505,0,6,-90.19
307701,418390.0,3386755.0,17,300,3,3,2585.0,9.2,504,0,5,418735,3386575,505,0,6,-91.6
307701,418390.0,3386755.0,17,300,3,3,2585.0,9.2,504,0,5,418750,3386600,506,0,6,-82.38
307701,418390.0,3386755.0,17,300,3,3,2585.0,9.2,504,0,5,418765,3386605,506,0,6,-89.33
307701,418390.0,3386755.0,17,300,3,3,2585.0,9.2,504,0,5,418730,3386580,505,0,5,-92.21
307701,418390.0,3386755.0,17,300,3,3,2585.0,9.2,504,0,5,418755,3386595,506,0,6,-88.82
307701,418390.0,3386755.0,17,300,3,3,2585.0,9.2,504,0,5,418560,3386730,503,5,6,-70.0
307701,418390.0,3386755.0,17,300,3,3,2585.0,9.2,504,0,5,418955,3386475,513,6,6,-89.25
307701,418390.0,3386755.0,17,300,3,3,2585.0,9.2,504,0,5,418965,3386485,513,0,6,-97.0
307701,418390.0,3386755.0,17,300,3,3,2585.0,9.2,504,0,5,418550,3386980,509,0,5,-96.0
307701,418390.0,3386755.0,17,300,3,3,2585.0,9.2,504,0,5,417975,3387395,498,0,5,-119.5
307701,418390.0,3386755.0,17,300,3,3,2585.0,9.2,504,0,5,418545,3386965,508,0,5,-89.0
307701,418390.0,3386755.0,17,300,3,3,2585.0,9.2,504,0,5,418525,3386985,508,0,5,-96.0
307701,418390.0,3386755.0,17,300,3,3,2585.0,9.2,504,0,5,418535,3386995,509,0,6,-95.35
307701,418390.0,3386755.0,17,300,3,3,2585.0,9.2,504,0,5,418540,3386970,508,0,5,-91.5
307701,418390.0,3386755.0,17,300,3,3,2585.0,9.2,504,0,5,418530,3387000,509,0,5,-97.29
307701,418390.0,3386755.0,17,300,3,3,2585.0,9.2,504,0,5,418145,3386090,514,0,5,-102.5
307701,418390.0,3386755.0,17,300,3,3,2585.0,9.2,504,0,5,418035,3386960,502,0,5,-102.5
307701,418390.0,3386755.0,17,300,3,3,2585.0,9.2,504,0,5,418525,3386755,503,0,6,-65.0
307701,418390.0,3386755.0,17,300,3,3,2585.0,9.2,504,0,5,418530,3386750,503,0,6,-61.5
307701,418390.0,3386755.0,17,300,3,3,2585.0,9.2,504,0,5,418535,3386745,503,0,6,-66.75
307701,418390.0,3386755.0,17,300,3,3,2585.0,9.2,504,0,5,418490,3386790,504,0,6,-69.0
307701,418390.0,3386755.0,17,300,3,3,2585.0,9.2,504,0,5,418555,3386725,503,5,6,-69.38
307701,418390.0,3386755.0,17,300,3,3,2585.0,9.2,504,0,5,418480,3386800,505,0,6,-62.12
307701,418390.0,3386755.0,17,300,3,3,2585.0,9.2,504,0,5,418540,3386740,503,0,6,-67.75
307701,418390.0,3386755.0,17,300,3,3,2585.0,9.2,504,0,5,418350,3386610,502,0,6,-95.2
307701,418390.0,3386755.0,17,300,3,3,2585.0,9.2,504,0,5,418355,3386605,502,0,6,-97.71
307701,418390.0,3386755.0,17,300,3,3,2585.0,9.2,504,0,5,418485,3386795,505,0,6,-64.71
307701,418390.0,3386755.0,17,300,3,3,2585.0,9.2,504,0,5,418475,3386805,505,0,6,-62.87
307701,418390.0,3386755.0,17,300,3,3,2585.0,9.2,504,0,5,418550,3386730,503,0,6,-66.53
307701,418390.0,3386755.0,17,300,3,3,2585.0,9.2,504,0,5,418545,3386735,503,0,6,-69.8
307701,418390.0,3386755.0,17,300,3,3,2585.0,9.2,504,0,5,418500,3386780,504,0,6,-68.67
307701,418390.0,3386755.0,17,300,3,3,2585.0,9.2,504,0,5,418370,3386590,501,0,5,-97.5
307701,418390.0,3386755.0,17,300,3,3,2585.0,9.2,504,0,5,418360,3386600,502,0,6,-102.5
307701,418390.0,3386755.0,17,300,3,3,2585.0,9.2,504,0,5,418470,3386810,505,0,6,-62.22
307701,418390.0,3386755.0,17,300,3,3,2585.0,9.2,504,0,5,418495,3386785,504,0,6,-66.0
307701,418390.0,3386755.0,17,300,3,3,2585.0,9.2,504,0,5,418460,3386820,505,6,6,-78.25
307701,418390.0,3386755.0,17,300,3,3,2585.0,9.2,504,0,5,418455,3386825,505,0,6,-65.0
307701,418390.0,3386755.0,17,300,3,3,2585.0,9.2,504,0,5,418505,3386770,503,0,6,-69.0
307701,418390.0,3386755.0,17,300,3,3,2585.0,9.2,504,0,5,418490,3386795,504,0,6,-64.67
307701,418390.0,3386755.0,17,300,3,3,2585.0,9.2,504,0,5,418550,3386735,503,0,6,-66.75
307701,418390.0,3386755.0,17,300,3,3,2585.0,9.2,504,0,5,418470,3386815,505,0,6,-62.2
307701,418390.0,3386755.0,17,300,3,3,2585.0,9.2,504,0,5,418525,3386750,503,0,6,-63.33
307701,418390.0,3386755.0,17,300,3,3,2585.0,9.2,504,0,5,418540,3386725,503,0,6,-68.6
307701,418390.0,3386755.0,17,300,3,3,2585.0,9.2,504,0,5,418485,3386790,504,0,6,-64.6
307701,418390.0,3386755.0,17,300,3,3,2585.0,9.2,504,0,5,418465,3386810,505,0,6,-65.9
307701,418390.0,3386755.0,17,300,3,3,2585.0,9.2,504,0,5,418340,3386605,502,0,6,-95.0
307701,418390.0,3386755.0,17,300,3,3,2585.0,9.2,504,0,5,418480,3386785,504,0,6,-64.94
307701,418390.0,3386755.0,17,300,3,3,2585.0,9.2,504,0,5,418545,3386730,503,0,6,-68.0
307701,418390.0,3386755.0,17,300,3,3,2585.0,9.2,504,0,5,418520,3386745,503,0,6,-63.75
307701,418390.0,3386755.0,17,300,3,3,2585.0,9.2,504,0,5,418355,3386620,502,0,6,-93.67
307701,418390.0,3386755.0,17,300,3,3,2585.0,9.2,504,0,5,418350,3386615,502,0,6,-98.0
307701,418390.0,3386755.0,17,300,3,3,2585.0,9.2,504,0,5,418475,3386820,505,0,6,-64.0
307701,418390.0,3386755.0,17,300,3,3,2585.0,9.2,504,0,5,418370,3386595,501,0,6,-97.0
307701,418390.0,3386755.0,17,300,3,3,2585.0,9.2,504,0,5,418365,3386590,501,0,5,-99.0
307701,418390.0,3386755.0,17,300,3,3,2585.0,9.2,504,0,5,418500,3386765,503,0,6,-63.92
307701,418390.0,3386755.0,17,300,3,3,2585.0,9.2,504,0,5,418460,3386805,505,9,6,-65.75
307701,418390.0,3386755.0,17,300,3,3,2585.0,9.2,504,0,5,418155,3386930,503,0,5,-88.0
307701,418390.0,3386755.0,17,300,3,3,2585.0,9.2,504,0,5,418150,3386925,503,0,5,-96.14
307701,418390.0,3386755.0,17,300,3,3,2585.0,9.2,504,0,5,418415,3387230,501,6,5,-90.92
307701,418390.0,3386755.0,17,300,3,3,2585.0,9.2,504,0,5,418140,3386935,503,0,5,-89.5
307701,418390.0,3386755.0,17,300,3,3,2585.0,9.2,504,0,5,418105,3386900,504,0,5,-91.0
307701,418390.0,3386755.0,17,300,3,3,2585.0,9.2,504,0,5,418085,3386920,504,0,14,-93.6
307701,418390.0,3386755.0,17,300,3,3,2585.0,9.2,504,0,5,418130,3386945,502,0,6,-90.33
307701,418390.0,3386755.0,17,300,3,3,2585.0,9.2,504,0,5,418415,3386780,504,0,6,-67.76
307701,418390.0,3386755.0,17,300,3,3,2585.0,9.2,504,0,5,418455,3386740,503,0,7,-73.42
307701,418390.0,3386755.0,17,300,3,3,2585.0,9.2,504,0,5,418365,3386650,503,0,6,-93.5
307701,418390.0,3386755.0,17,300,3,3,2585.0,9.2,504,0,5,418400,3386765,504,0,5,-71.2
307701,418390.0,3386755.0,17,300,3,3,2585.0,9.2,504,0,5,418470,3386755,503,0,6,-68.13
307701,418390.0,3386755.0,17,300,3,3,2585.0,9.2,504,0,5,418465,3386750,503,0,6,-69.43
307701,418390.0,3386755.0,17,300,3,3,2585.0,9.2,504,0,5,418475,3386760,503,0,6,-69.34
307701,418390.0,3386755.0,17,300,3,3,2585.0,9.2,504,0,5,418440,3386725,503,0,7,-77.2
307701,418390.0,3386755.0,17,300,3,3,2585.0,9.2,504,0,5,418460,3386745,503,0,5,-69.92
307701,418390.0,3386755.0,17,300,3,3,2585.0,9.2,504,0,5,418425,3386790,504,0,6,-68.21
307701,418390.0,3386755.0,17,300,3,3,2585.0,9.2,504,0,5,418420,3386785,504,0,6,-67.37
307701,418390.0,3386755.0,17,300,3,3,2585.0,9.2,504,0,5,418410,3386775,504,0,5,-68.67
307701,418390.0,3386755.0,17,300,3,3,2585.0,9.2,504,0,5,418375,3386660,503,0,6,-96.0
307701,418390.0,3386755.0,17,300,3,3,2585.0,9.2,504,0,5,418405,3386770,504,0,5,-69.37
307701,418390.0,3386755.0,17,300,3,3,2585.0,9.2,504,0,5,418430,3386795,504,0,6,-66.59
307701,418390.0,3386755.0,17,300,3,3,2585.0,9.2,504,0,5,418515,3386880,506,0,5,-83.5
307701,418390.0,3386755.0,17,300,3,3,2585.0,9.2,504,0,5,418435,3386800,504,0,6,-64.08
307701,418390.0,3386755.0,17,300,3,3,2585.0,9.2,504,0,5,418445,3386730,503,0,7,-82.0
307701,418390.0,3386755.0,17,300,3,3,2585.0,9.2,504,0,5,418450,3386735,503,0,7,-72.4
307701,418390.0,3386755.0,17,300,3,3,2585.0,9.2,504,0,5,418410,3386770,504,0,5,-69.24
307701,418390.0,3386755.0,17,300,3,3,2585.0,9.2,504,0,5,418400,3386780,504,0,5,-70.51
307701,418390.0,3386755.0,17,300,3,3,2585.0,9.2,504,0,5,418435,3386785,504,0,6,-69.16
307701,418390.0,3386755.0,17,300,3,3,2585.0,9.2,504,0,5,418470,3386750,503,0,6,-71.34
307701,418390.0,3386755.0,17,300,3,3,2585.0,9.2,504,0,5,418370,3386650,503,0,6,-96.25
307701,418390.0,3386755.0,17,300,3,3,2585.0,9.2,504,0,5,418375,3386645,503,0,6,-94.08
307701,418390.0,3386755.0,17,300,3,3,2585.0,9.2,504,0,5,418475,3386745,502,0,7,-71.61
307701,418390.0,3386755.0,17,300,3,3,2585.0,9.2,504,0,5,418405,3386775,504,0,5,-69.46
307701,418390.0,3386755.0,17,300,3,3,2585.0,9.2,504,0,5,418460,3386760,503,0,6,-68.48
307701,418390.0,3386755.0,17,300,3,3,2585.0,9.2,504,0,5,418420,3386800,504,0,6,-69.39
307701,418390.0,3386755.0,17,300,3,3,2585.0,9.2,504,0,5,418465,3386755,503,0,6,-67.63
307701,418390.0,3386755.0,17,300,3,3,2585.0,9.2,504,0,5,418430,3386790,504,0,6,-69.05
307701,418390.0,3386755.0,17,300,3,3,2585.0,9.2,504,0,5,418415,3386765,504,0,6,-68.15
307701,418390.0,3386755.0,17,300,3,3,2585.0,9.2,504,0,5,418425,3386795,504,0,6,-68.0
307701,418390.0,3386755.0,17,300,3,3,2585.0,9.2,504,0,5,418445,3386735,503,0,7,-72.0
307701,418390.0,3386755.0,17,300,3,3,2585.0,9.2,504,0,5,418490,3386850,506,6,5,-72.5
307701,418390.0,3386755.0,17,300,3,3,2585.0,9.2,504,0,5,418515,3386865,506,0,5,-79.69
307701,418390.0,3386755.0,17,300,3,3,2585.0,9.2,504,0,5,418390,3386670,503,0,6,-90.67
307701,418390.0,3386755.0,17,300,3,3,2585.0,9.2,504,0,5,418440,3386740,503,0,6,-77.4
307701,418390.0,3386755.0,17,300,3,3,2585.0,9.2,504,0,5,418455,3386725,503,0,7,-71.33
307701,418390.0,3386755.0,17,300,3,3,2585.0,9.2,504,0,5,418545,3386990,509,0,5,-92.8
307701,418390.0,3386755.0,17,300,3,3,2585.0,9.2,504,0,5,418540,3386985,509,0,5,-92.47
307701,418390.0,3386755.0,17,300,3,3,2585.0,9.2,504,0,5,418535,3386980,508,0,5,-93.74
307701,418390.0,3386755.0,17,300,3,3,2585.0,9.2,504,0,5,418530,3386975,508,0,6,-92.23
307701,418390.0,3386755.0,17,300,3,3,2585.0,9.2,504,0,5,418525,3386970,508,0,5,-100.5
307701,418390.0,3386755.0,17,300,3,3,2585.0,9.2,504,0,5,417970,3387900,499,24,12,-111.0
307701,418390.0,3386755.0,17,300,3,3,2585.0,9.2,504,0,5,418630,3386260,505,0,5,-109.29
307701,418390.0,3386755.0,17,300,3,3,2585.0,9.2,504,0,5,418855,3386515,510,0,5,-95.06
307701,418390.0,3386755.0,17,300,3,3,2585.0,9.2,504,0,5,418840,3386510,510,0,5,-99.7
307701,418390.0,3386755.0,17,300,3,3,2585.0,9.2,504,0,5,418830,3386540,509,0,5,-94.1
307701,418390.0,3386755.0,17,300,3,3,2585.0,9.2,504,0,5,418875,3386495,511,0,5,-90.5
307701,418390.0,3386755.0,17,300,3,3,2585.0,9.2,504,0,5,418845,3386505,510,0,5,-97.0
307701,418390.0,3386755.0,17,300,3,3,2585.0,9.2,504,0,5,418815,3386555,508,0,5,-91.79
307701,418390.0,3386755.0,17,300,3,3,2585.0,9.2,504,0,5,418870,3386500,511,0,5,-97.43
307701,418390.0,3386755.0,17,300,3,3,2585.0,9.2,504,0,5,418835,3386535,509,0,5,-93.83
307701,418390.0,3386755.0,17,300,3,3,2585.0,9.2,504,0,5,418800,3386550,507,0,5,-92.88
307701,418390.0,3386755.0,17,300,3,3,2585.0,9.2,504,0,5,418860,3386490,510,0,5,-111.0
307701,418390.0,3386755.0,17,300,3,3,2585.0,9.2,504,0,5,418820,3386530,508,0,5,-93.16
307701,418390.0,3386755.0,17,300,3,3,2585.0,9.2,504,0,5,418850,3386520,510,0,5,-93.65
307701,418390.0,3386755.0,17,300,3,3,2585.0,9.2,504,0,5,418810,3386560,507,0,5,-91.42
307701,418390.0,3386755.0,17,300,3,3,2585.0,9.2,504,0,5,418825,3386525,509,0,5,-96.07
307701,418390.0,3386755.0,17,300,3,3,2585.0,9.2,504,0,5,418865,3386485,511,0,5,-93.5
307701,418390.0,3386755.0,17,300,3,3,2585.0,9.2,504,0,5,418805,3386545,507,0,5,-94.65
307701,418390.0,3386755.0,17,300,3,3,2585.0,9.2,504,0,5,418715,3386490,505,0,5,-92.82
307701,418390.0,3386755.0,17,300,3,3,2585.0,9.2,504,0,5,418710,3386485,505,0,5,-96.5
307701,418390.0,3386755.0,17,300,3,3,2585.0,9.2,504,0,5,418665,3386595,504,0,14,-91.5
307701,418390.0,3386755.0,17,300,3,3,2585.0,9.2,504,0,5,418655,3386565,504,9,5,-89.0
307701,418390.0,3386755.0,17,300,3,3,2585.0,9.2,504,0,5,418585,3386675,504,0,5,-74.4
307701,418390.0,3386755.0,17,300,3,3,2585.0,9.2,504,0,5,418600,3386700,504,0,6,-69.78
307701,418390.0,3386755.0,17,300,3,3,2585.0,9.2,504,0,5,418685,3386615,504,0,5,-90.04
307701,418390.0,3386755.0,17,300,3,3,2585.0,9.2,504,0,5,418605,3386695,504,0,6,-68.2
307701,418390.0,3386755.0,17,300,3,3,2585.0,9.2,504,0,5,418715,3386625,505,0,7,-80.8
307701,418390.0,3386755.0,17,300,3,3,2585.0,9.2,504,0,5,418580,3386680,504,0,5,-71.07
307701,418390.0,3386755.0,17,300,3,3,2585.0,9.2,504,0,5,418680,3386620,504,0,5,-87.24
307701,418390.0,3386755.0,17,300,3,3,2585.0,9.2,504,0,5,418690,3386610,505,0,14,-91.62
307701,418390.0,3386755.0,17,300,3,3,2585.0,9.2,504,0,5,418590,3386670,504,0,5,-74.77
307701,418390.0,3386755.0,17,300,3,3,2585.0,9.2,504,0,5,418695,3386605,505,0,14,-91.06
307701,418390.0,3386755.0,17,300,3,3,2585.0,9.2,504,0,5,418595,3386665,504,0,5,-73.7
307701,418390.0,3386755.0,17,300,3,3,2585.0,9.2,504,0,5,418945,3386395,517,0,14,-96.33
307701,418390.0,3386755.0,17,300,3,3,2585.0,9.2,504,0,5,418710,3386630,505,0,6,-85.0
307701,418390.0,3386755.0,17,300,3,3,2585.0,9.2,504,0,5,418615,3386685,504,0,7,-74.45
307701,418390.0,3386755.0,17,300,3,3,2585.0,9.2,504,0,5,418610,3386690,504,0,7,-74.57
307701,418390.0,3386755.0,17,300,3,3,2585.0,9.2,504,0,5,418705,3386635,505,0,6,-81.2
307701,418390.0,3386755.0,17,300,3,3,2585.0,9.2,504,0,5,418700,3386640,505,0,6,-81.25
307701,418390.0,3386755.0,17,300,3,3,2585.0,9.2,504,0,5,418630,3386630,504,0,5,-77.5
307701,418390.0,3386755.0,17,300,3,3,2585.0,9.2,504,0,5,418735,3386725,506,21,5,-92.83
307701,418390.0,3386755.0,17,300,3,3,2585.0,9.2,504,0,5,418675,3386665,504,0,6,-79.0
307701,418390.0,3386755.0,17,300,3,3,2585.0,9.2,504,0,5,418625,3386635,504,0,5,-76.67
307701,418390.0,3386755.0,17,300,3,3,2585.0,9.2,504,0,5,418715,3386705,505,15,14,-95.5
307701,418390.0,3386755.0,17,300,3,3,2585.0,9.2,504,0,5,418725,3386735,506,21,5,-97.6
307701,418390.0,3386755.0,17,300,3,3,2585.0,9.2,504,0,5,419000,3386380,519,0,14,-88.0
307701,418390.0,3386755.0,17,300,3,3,2585.0,9.2,504,0,5,418705,3386715,505,0,5,-99.25
307701,418390.0,3386755.0,17,300,3,3,2585.0,9.2,504,0,5,418650,3386650,504,0,5,-80.62
307701,418390.0,3386755.0,17,300,3,3,2585.0,9.2,504,0,5,418645,3386655,504,0,5,-79.06
307701,418390.0,3386755.0,17,300,3,3,2585.0,9.2,504,0,5,419035,3386385,519,6,7,-93.5
307701,418390.0,3386755.0,17,300,3,3,2585.0,9.2,504,0,5,418655,3386645,504,0,5,-83.29
307701,418390.0,3386755.0,17,300,3,3,2585.0,9.2,504,0,5,418640,3386660,504,0,5,-79.46
307701,418390.0,3386755.0,17,300,3,3,2585.0,9.2,504,0,5,418710,3386710,505,0,14,-97.0
307701,418390.0,3386755.0,17,300,3,3,2585.0,9.2,504,0,5,418700,3386720,505,0,5,-92.29
307701,418390.0,3386755.0,17,300,3,3,2585.0,9.2,504,0,5,418720,3386740,506,21,5,-95.5
307701,418390.0,3386755.0,17,300,3,3,2585.0,9.2,504,0,5,418620,3386640,504,0,5,-84.0
307701,418390.0,3386755.0,17,300,3,3,2585.0,9.2,504,0,5,419005,3386375,519,0,14,-97.0
307701,418390.0,3386755.0,17,300,3,3,2585.0,9.2,504,0,5,418165,3386915,504,0,5,-95.2
307701,418390.0,3386755.0,17,300,3,3,2585.0,9.2,504,0,5,418185,3386895,503,0,5,-94.6
307701,418390.0,3386755.0,17,300,3,3,2585.0,9.2,504,0,5,418180,3386900,504,0,5,-96.7
307701,418390.0,3386755.0,17,300,3,3,2585.0,9.2,504,0,5,418190,3386890,503,0,5,-94.0
307701,418390.0,3386755.0,17,300,3,3,2585.0,9.2,504,0,5,418170,3386910,504,0,5,-95.6
307701,418390.0,3386755.0,17,300,3,3,2585.0,9.2,504,0,5,418175,3386905,504,0,5,-96.12
307701,418390.0,3386755.0,17,300,3,3,2585.0,9.2,504,0,5,418160,3386920,503,0,5,-97.13
307701,418390.0,3386755.0,17,300,3,3,2585.0,9.2,504,0,5,418195,3386885,503,0,5,-95.23
307701,418390.0,3386755.0,17,300,3,3,2585.0,9.2,504,0,5,418345,3386850,503,6,6,-79.0
307701,418390.0,3386755.0,17,300,3,3,2585.0,9.2,504,0,5,418530,3386675,503,0,14,-70.5
307701,418390.0,3386755.0,17,300,3,3,2585.0,9.2,504,0,5,418320,3386865,502,0,6,-80.17
307701,418390.0,3386755.0,17,300,3,3,2585.0,9.2,504,0,5,418535,3386680,503,0,14,-63.5
307701,418390.0,3386755.0,17,300,3,3,2585.0,9.2,504,0,5,418365,3386830,503,0,5,-76.08
307701,418390.0,3386755.0,17,300,3,3,2585.0,9.2,504,0,5,418490,3386715,502,0,5,-74.14
307701,418390.0,3386755.0,17,300,3,3,2585.0,9.2,504,0,5,418385,3386810,504,0,5,-75.9
307701,418390.0,3386755.0,17,300,3,3,2585.0,9.2,504,0,5,418390,3386815,504,0,5,-73.07
307701,418390.0,3386755.0,17,300,3,3,2585.0,9.2,504,0,5,418495,3386720,502,0,5,-74.38
307701,418390.0,3386755.0,17,300,3,3,2585.0,9.2,504,0,5,418360,3386825,503,0,5,-79.46
307701,418390.0,3386755.0,17,300,3,3,2585.0,9.2,504,0,5,418380,3386805,504,0,14,-76.48
307701,418390.0,3386755.0,17,300,3,3,2585.0,9.2,504,0,5,418370,3386835,503,12,6,-74.38
307701,418390.0,3386755.0,17,300,3,3,2585.0,9.2,504,0,5,418375,3386840,503,12,6,-70.38
307701,418390.0,3386755.0,17,300,3,3,2585.0,9.2,504,0,5,418480,3386705,502,0,5,-73.18
307701,418390.0,3386755.0,17,300,3,3,2585.0,9.2,504,0,5,418485,3386710,502,0,5,-70.6
307701,418390.0,3386755.0,17,300,3,3,2585.0,9.2,504,0,5,418505,3386690,503,0,14,-66.5
307701,418390.0,3386755.0,17,300,3,3,2585.0,9.2,504,0,5,418340,3386845,503,0,5,-78.5
307701,418390.0,3386755.0,17,300,3,3,2585.0,9.2,504,0,5,418515,3386700,503,0,5,-73.6
307701,418390.0,3386755.0,17,300,3,3,2585.0,9.2,504,0,5,418510,3386695,503,0,14,-68.88
307701,418390.0,3386755.0,17,300,3,3,2585.0,9.2,504,0,5,418395,3386820,504,12,6,-68.92
307701,418390.0,3386755.0,17,300,3,3,2585.0,9.2,504,0,5,418690,3386300,509,0,5,-93.5
307701,418390.0,3386755.0,17,300,3,3,2585.0,9.2,504,0,5,418870,3386480,511,0,5,-94.0
307701,418390.0,3386755.0,17,300,3,3,2585.0,9.2,504,0,5,418720,3386490,505,0,5,-96.44
307701,418390.0,3386755.0,17,300,3,3,2585.0,9.2,504,0,5,418785,3386545,507,0,5,-95.25
307701,418390.0,3386755.0,17,300,3,3,2585.0,9.2,504,0,5,418735,3386495,505,0,5,-91.29
307701,418390.0,3386755.0,17,300,3,3,2585.0,9.2,504,0,5,418790,3386560,507,0,5,-92.67
307701,418390.0,3386755.0,17,300,3,3,2585.0,9.2,504,0,5,418795,3386555,507,0,5,-91.93
307701,418390.0,3386755.0,17,300,3,3,2585.0,9.2,504,0,5,418610,3386380,505,0,6,-101.0
307701,418390.0,3386755.0,17,300,3,3,2585.0,9.2,504,0,5,418745,3386505,505,0,5,-96.6
307701,418390.0,3386755.0,17,300,3,3,2585.0,9.2,504,0,5,418770,3386540,506,0,5,-94.0
307701,418390.0,3386755.0,17,300,3,3,2585.0,9.2,504,0,5,418730,3386500,505,0,5,-87.2
307701,418390.0,3386755.0,17,300,3,3,2585.0,9.2,504,0,5,418760,3386530,506,0,5,-87.5
307701,418390.0,3386755.0,17,300,3,3,2585.0,9.2,504,0,5,418725,3386485,505,0,5,-92.25
307701,418390.0,3386755.0,17,300,3,3,2585.0,9.2,504,0,5,418780,3386550,506,0,5,-95.67
307701,418390.0,3386755.0,17,300,3,3,2585.0,9.2,504,0,5,418765,3386525,506,0,5,-93.67
307701,418390.0,3386755.0,17,300,3,3,2585.0,9.2,504,0,5,418810,3386535,508,0,5,-94.63
307701,418390.0,3386755.0,17,300,3,3,2585.0,9.2,504,0,5,418825,3386550,508,0,5,-91.46
307701,418390.0,3386755.0,17,300,3,3,2585.0,9.2,504,0,5,418830,3386555,508,0,7,-90.6
307701,418390.0,3386755.0,17,300,3,3,2585.0,9.2,504,0,5,418835,3386560,508,0,6,-88.2
307701,418390.0,3386755.0,17,300,3,3,2585.0,9.2,504,0,5,418865,3386510,510,0,5,-95.78
307701,418390.0,3386755.0,17,300,3,3,2585.0,9.2,504,0,5,418815,3386540,508,0,5,-95.11
307701,418390.0,3386755.0,17,300,3,3,2585.0,9.2,504,0,5,418875,3386520,510,0,5,-93.19
307701,418390.0,3386755.0,17,300,3,3,2585.0,9.2,504,0,5,418800,3386525,507,0,5,-96.8
307701,418390.0,3386755.0,17,300,3,3,2585.0,9.2,504,0,5,418640,3386365,506,0,5,-107.5
307701,418390.0,3386755.0,17,300,3,3,2585.0,9.2,504,0,5,418860,3386505,510,0,5,-94.67
307701,418390.0,3386755.0,17,300,3,3,2585.0,9.2,504,0,5,418820,3386545,508,0,5,-93.31
307701,418390.0,3386755.0,17,300,3,3,2585.0,9.2,504,0,5,418870,3386515,510,0,5,-93.45
307701,418390.0,3386755.0,17,300,3,3,2585.0,9.2,504,0,5,418855,3386500,510,0,5,-93.67
307701,418390.0,3386755.0,17,300,3,3,2585.0,9.2,504,0,5,418805,3386530,508,0,5,-96.83
307701,418390.0,3386755.0,17,300,3,3,2585.0,9.2,504,0,5,418840,3386485,510,0,5,-97.67
307701,418390.0,3386755.0,17,300,3,3,2585.0,9.2,504,0,5,418590,3386315,505,0,10,-111.5
307701,418390.0,3386755.0,17,300,3,3,2585.0,9.2,504,0,5,418595,3386320,505,0,10,-105.0
307701,418390.0,3386755.0,17,300,3,3,2585.0,9.2,504,0,5,418850,3386495,510,0,5,-94.67
307701,418390.0,3386755.0,17,300,3,3,2585.0,9.2,504,0,5,418540,3386900,506,0,5,-85.0
307701,418390.0,3386755.0,17,300,3,3,2585.0,9.2,504,0,5,418520,3386920,507,0,5,-87.0
307701,418390.0,3386755.0,17,300,3,3,2585.0,9.2,504,0,5,418530,3386910,506,0,5,-86.69
307701,418390.0,3386755.0,17,300,3,3,2585.0,9.2,504,0,5,418525,3386915,506,0,5,-88.78
307701,418390.0,3386755.0,17,300,3,3,2585.0,9.2,504,0,5,418535,3386905,506,0,5,-86.83
307701,418390.0,3386755.0,17,300,3,3,2585.0,9.2,504,0,5,418830,3387515,506,0,5,-96.5
307701,418390.0,3386755.0,17,300,3,3,2585.0,9.2,504,0,5,418695,3386490,505,0,6,-105.0
307701,418390.0,3386755.0,17,300,3,3,2585.0,9.2,504,0,5,418710,3386505,505,0,5,-88.67
307701,418390.0,3386755.0,17,300,3,3,2585.0,9.2,504,0,5,418035,3387710,503,0,5,-94.86
307701,418390.0,3386755.0,17,300,3,3,2585.0,9.2,504,0,5,418695,3388370,518,0,5,-105.33
307701,418390.0,3386755.0,17,300,3,3,2585.0,9.2,504,0,5,418030,3387705,503,0,5,-98.33
307701,418390.0,3386755.0,17,300,3,3,2585.0,9.2,504,0,5,417970,3387890,498,0,5,-105.0
307701,418390.0,3386755.0,17,300,3,3,2585.0,9.2,504,0,5,418460,3386505,504,0,5,-99.0
307701,418390.0,3386755.0,17,300,3,3,2585.0,9.2,504,0,5,418285,3386875,502,0,5,-82.92
307701,418390.0,3386755.0,17,300,3,3,2585.0,9.2,504,0,5,418455,3386705,503,0,7,-72.5
307701,418390.0,3386755.0,17,300,3,3,2585.0,9.2,504,0,5,418450,3386710,503,0,7,-76.33
307701,418390.0,3386755.0,17,300,3,3,2585.0,9.2,504,0,5,418460,3386700,503,0,5,-73.5
307701,418390.0,3386755.0,17,300,3,3,2585.0,9.2,504,0,5,418280,3386880,502,0,5,-87.5
307701,418390.0,3386755.0,17,300,3,3,2585.0,9.2,504,0,5,418305,3386855,502,0,5,-84.56
307701,418390.0,3386755.0,17,300,3,3,2585.0,9.2,504,0,5,418375,3386785,504,0,5,-79.8
307701,418390.0,3386755.0,17,300,3,3,2585.0,9.2,504,0,5,418300,3386860,502,0,5,-86.22
307701,418390.0,3386755.0,17,300,3,3,2585.0,9.2,504,0,5,418315,3386845,502,0,14,-83.86
307701,418390.0,3386755.0,17,300,3,3,2585.0,9.2,504,0,5,418390,3386770,504,0,5,-75.64
307701,418390.0,3386755.0,17,300,3,3,2585.0,9.2,504,0,5,418380,3386780,504,0,5,-77.78
307701,418390.0,3386755.0,17,300,3,3,2585.0,9.2,504,0,5,418445,3386715,503,0,7,-76.4
307701,418390.0,3386755.0,17,300,3,3,2585.0,9.2,504,0,5,418440,3386720,503,0,7,-82.57
307701,418390.0,3386755.0,17,300,3,3,2585.0,9.2,504,0,5,418385,3386775,504,0,5,-75.91
307701,418390.0,3386755.0,17,300,3,3,2585.0,9.2,504,0,5,418395,3386765,504,0,5,-75.0
307701,418390.0,3386755.0,17,300,3,3,2585.0,9.2,504,0,5,418365,3386795,504,0,14,-80.6
307701,418390.0,3386755.0,17,300,3,3,2585.0,9.2,504,0,5,418310,3386850,502,0,5,-84.95
307701,418390.0,3386755.0,17,300,3,3,2585.0,9.2,504,0,5,418360,3386800,504,0,14,-80.56
307701,418390.0,3386755.0,17,300,3,3,2585.0,9.2,504,0,5,418370,3386790,504,0,14,-80.32
307701,418390.0,3386755.0,17,300,3,3,2585.0,9.2,504,0,5,418295,3386865,502,0,5,-85.77
307701,418390.0,3386755.0,17,300,3,3,2585.0,9.2,504,0,5,418245,3386835,503,0,5,-88.0
307701,418390.0,3386755.0,17,300,3,3,2585.0,9.2,504,0,5,418240,3386840,503,0,5,-86.5
307701,418390.0,3386755.0,17,300,3,3,2585.0,9.2,504,0,5,418490,3386695,503,0,5,-77.5
307701,418390.0,3386755.0,17,300,3,3,2585.0,9.2,504,0,5,418550,3386675,503,0,14,-68.5
307701,418390.0,3386755.0,17,300,3,3,2585.0,9.2,504,0,5,418495,3386700,503,0,5,-70.33
307701,418390.0,3386755.0,17,300,3,3,2585.0,9.2,504,0,5,418500,3386705,503,0,5,-69.2
307701,418390.0,3386755.0,17,300,3,3,2585.0,9.2,504,0,5,418545,3386670,503,0,14,-75.0
307701,418390.0,3386755.0,17,300,3,3,2585.0,9.2,504,0,5,418375,3386820,504,0,5,-75.44
307701,418390.0,3386755.0,17,300,3,3,2585.0,9.2,504,0,5,418530,3386655,503,0,14,-87.5
307701,418390.0,3386755.0,17,300,3,3,2585.0,9.2,504,0,5,418330,3386855,502,0,5,-81.89
307701,418390.0,3386755.0,17,300,3,3,2585.0,9.2,504,0,5,418510,3386715,503,0,5,-72.5
307701,418390.0,3386755.0,17,300,3,3,2585.0,9.2,504,0,5,418515,3386720,503,0,5,-70.75
307701,418390.0,3386755.0,17,300,3,3,2585.0,9.2,504,0,5,418320,3386845,502,0,5,-83.52
307701,418390.0,3386755.0,17,300,3,3,2585.0,9.2,504,0,5,418365,3386810,503,0,14,-79.68
307701,418390.0,3386755.0,17,300,3,3,2585.0,9.2,504,0,5,418360,3386805,503,0,14,-79.87
307701,418390.0,3386755.0,17,300,3,3,2585.0,9.2,504,0,5,418325,3386850,502,0,5,-82.43
307701,418390.0,3386755.0,17,300,3,3,2585.0,9.2,504,0,5,418505,3386710,503,0,5,-73.0
307701,418390.0,3386755.0,17,300,3,3,2585.0,9.2,504,0,5,418370,3386815,503,0,14,-77.89
307701,418390.0,3386755.0,17,300,3,3,2585.0,9.2,504,0,5,418385,3386830,504,12,6,-78.44
307701,418390.0,3386755.0,17,300,3,3,2585.0,9.2,504,0,5,418335,3386860,503,0,6,-77.5
307701,418390.0,3386755.0,17,300,3,3,2585.0,9.2,504,0,5,418380,3386825,504,12,5,-76.0
307701,418390.0,3386755.0,17,300,3,3,2585.0,9.2,504,0,5,418395,3386840,504,0,6,-85.5
307701,418390.0,3386755.0,17,300,3,3,2585.0,9.2,504,0,5,418555,3386680,503,0,5,-70.86
307701,418390.0,3386755.0,17,300,3,3,2585.0,9.2,504,0,5,418835,3387515,506,0,5,-98.5
307701,418390.0,3386755.0,17,300,3,3,2585.0,9.2,504,0,5,418720,3387455,503,24,12,-111.0
307701,418390.0,3386755.0,17,300,3,3,2585.0,9.2,504,0,5,418220,3386835,503,0,5,-95.0
307701,418390.0,3386755.0,17,300,3,3,2585.0,9.2,504,0,5,418445,3386420,504,0,5,-115.5
307701,418390.0,3386755.0,17,300,3,3,2585.0,9.2,504,0,5,418180,3386875,504,0,5,-95.43
307701,418390.0,3386755.0,17,300,3,3,2585.0,9.2,504,0,5,418425,3386480,502,0,5,-93.5
307701,418390.0,3386755.0,17,300,3,3,2585.0,9.2,504,0,5,418185,3386880,503,0,5,-96.08
307701,418390.0,3386755.0,17,300,3,3,2585.0,9.2,504,0,5,418195,3386870,503,0,5,-94.5
307701,418390.0,3386755.0,17,300,3,3,2585.0,9.2,504,0,5,418190,3386865,503,0,5,-94.0
307701,418390.0,3386755.0,17,300,3,3,2585.0,9.2,504,0,5,418710,3386580,505,0,5,-92.0
307701,418390.0,3386755.0,17,300,3,3,2585.0,9.2,504,0,5,418695,3386595,505,0,5,-93.75
307701,418390.0,3386755.0,17,300,3,3,2585.0,9.2,504,0,5,418570,3386720,503,0,6,-70.78
307701,418390.0,3386755.0,17,300,3,3,2585.0,9.2,504,0,5,418610,3386680,504,0,6,-75.11
307701,418390.0,3386755.0,17,300,3,3,2585.0,9.2,504,0,5,418565,3386705,503,0,6,-71.86
307701,418390.0,3386755.0,17,300,3,3,2585.0,9.2,504,0,5,418615,3386675,504,0,5,-75.83
307701,418390.0,3386755.0,17,300,3,3,2585.0,9.2,504,0,5,418580,3386690,504,0,5,-72.77
307701,418390.0,3386755.0,17,300,3,3,2585.0,9.2,504,0,5,418620,3386650,504,0,5,-79.95
307701,418390.0,3386755.0,17,300,3,3,2585.0,9.2,504,0,5,418560,3386710,503,0,6,-70.71
307701,418390.0,3386755.0,17,300,3,3,2585.0,9.2,504,0,5,418675,3386615,504,0,5,-85.69
307701,418390.0,3386755.0,17,300,3,3,2585.0,9.2,504,0,5,418650,3386640,504,0,5,-82.72
307701,418390.0,3386755.0,17,300,3,3,2585.0,9.2,504,0,5,418625,3386645,504,0,5,-84.07
307701,418390.0,3386755.0,17,300,3,3,2585.0,9.2,504,0,5,418600,3386670,504,0,5,-77.5
307701,418390.0,3386755.0,17,300,3,3,2585.0,9.2,504,0,5,418630,3386660,504,0,5,-77.67
307701,418390.0,3386755.0,17,300,3,3,2585.0,9.2,504,0,5,418635,3386655,504,0,5,-79.4
307701,418390.0,3386755.0,17,300,3,3,2585.0,9.2,504,0,5,418605,3386665,504,0,5,-77.1
307701,418390.0,3386755.0,17,300,3,3,2585.0,9.2,504,0,5,418655,3386635,504,0,14,-85.47
307701,418390.0,3386755.0,17,300,3,3,2585.0,9.2,504,0,5,418670,3386620,504,0,5,-88.44
307701,418390.0,3386755.0,17,300,3,3,2585.0,9.2,504,0,5,418585,3386685,504,0,5,-74.21
307701,418390.0,3386755.0,17,300,3,3,2585.0,9.2,504,0,5,418690,3386600,504,0,14,-91.5
307701,418390.0,3386755.0,17,300,3,3,2585.0,9.2,504,0,5,418665,3386605,504,0,5,-83.0
307701,418390.0,3386755.0,17,300,3,3,2585.0,9.2,504,0,5,418640,3386630,504,0,5,-82.0
307701,418390.0,3386755.0,17,300,3,3,2585.0,9.2,504,0,5,418575,3386715,503,0,6,-68.75
307701,418390.0,3386755.0,17,300,3,3,2585.0,9.2,504,0,5,418590,3386700,504,0,7,-68.6
307701,418390.0,3386755.0,17,300,3,3,2585.0,9.2,504,0,5,418645,3386625,504,0,5,-85.67
307701,418390.0,3386755.0,17,300,3,3,2585.0,9.2,504,0,5,418595,3386695,504,0,6,-78.8
307701,418390.0,3386755.0,17,300,3,3,2585.0,9.2,504,0,5,418725,3386725,506,0,14,-95.25
307701,418390.0,3386755.0,17,300,3,3,2585.0,9.2,504,0,5,418715,3386715,506,0,14,-100.0
307701,418390.0,3386755.0,17,300,3,3,2585.0,9.2,504,0,5,418735,3386735,506,0,14,-98.0
307701,418390.0,3386755.0,17,300,3,3,2585.0,9.2,504,0,5,418710,3386720,505,0,5,-102.0
307701,418390.0,3386755.0,17,300,3,3,2585.0,9.2,504,0,5,418630,3386640,504,0,5,-84.82
307701,418390.0,3386755.0,17,300,3,3,2585.0,9.2,504,0,5,418655,3386655,504,0,6,-83.88
307701,418390.0,3386755.0,17,300,3,3,2585.0,9.2,504,0,5,419010,3386380,519,0,5,-91.25
307701,418390.0,3386755.0,17,300,3,3,2585.0,9.2,504,0,5,419015,3386375,519,0,5,-84.0
307701,418390.0,3386755.0,17,300,3,3,2585.0,9.2,504,0,5,418640,3386650,504,0,5,-80.34
307701,418390.0,3386755.0,17,300,3,3,2585.0,9.2,504,0,5,418645,3386645,504,0,5,-82.93
307701,418390.0,3386755.0,17,300,3,3,2585.0,9.2,504,0,5,418700,3386710,505,0,5,-102.0
307701,418390.0,3386755.0,17,300,3,3,2585.0,9.2,504,0,5,418635,3386635,504,0,5,-82.17
307701,418390.0,3386755.0,17,300,3,3,2585.0,9.2,504,0,5,418650,3386660,504,0,6,-77.64
307701,418390.0,3386755.0,17,300,3,3,2585.0,9.2,504,0,5,418730,3386740,506,0,14,-99.44
307701,418390.0,3386755.0,17,300,3,3,2585.0,9.2,504,0,5,418720,3386730,506,0,14,-97.43
307701,418390.0,3386755.0,17,300,3,3,2585.0,9.2,504,0,5,418545,3387550,502,0,14,-117.0
307701,418390.0,3386755.0,17,300,3,3,2585.0,9.2,504,0,5,417950,3386735,500,5,5,-106.0
307701,418390.0,3386755.0,17,300,3,3,2585.0,9.2,504,0,5,418475,3386300,502,0,5,-105.5
307701,418390.0,3386755.0,17,300,3,3,2585.0,9.2,504,0,5,418735,3388355,518,0,5,-107.0
307701,418390.0,3386755.0,17,300,3,3,2585.0,9.2,504,0,5,418425,3386455,502,99,5,-89.5
307701,418390.0,3386755.0,17,300,3,3,2585.0,9.2,504,0,5,418165,3386875,504,0,5,-93.5
307701,418390.0,3386755.0,17,300,3,3,2585.0,9.2,504,0,5,418260,3386830,503,0,5,-88.5
307701,418390.0,3386755.0,17,300,3,3,2585.0,9.2,504,0,5,418435,3386675,503,0,7,-86.5
307701,418390.0,3386755.0,17,300,3,3,2585.0,9.2,504,0,5,418450,3386700,503,0,7,-77.4
307701,418390.0,3386755.0,17,300,3,3,2585.0,9.2,504,0,5,418305,3386865,502,0,5,-82.67
307701,418390.0,3386755.0,17,300,3,3,2585.0,9.2,504,0,5,418475,3386715,502,0,5,-72.0
307701,418390.0,3386755.0,17,300,3,3,2585.0,9.2,504,0,5,418460,3386710,503,0,7,-70.25
307701,418390.0,3386755.0,17,300,3,3,2585.0,9.2,504,0,5,418290,3386860,502,0,5,-85.61
307701,418390.0,3386755.0,17,300,3,3,2585.0,9.2,504,0,5,418270,3386840,502,0,5,-87.33
307701,418390.0,3386755.0,17,300,3,3,2585.0,9.2,504,0,5,418440,3386690,503,0,7,-88.5
307701,418390.0,3386755.0,17,300,3,3,2585.0,9.2,504,0,5,418380,3386790,504,0,14,-76.14
307701,418390.0,3386755.0,17,300,3,3,2585.0,9.2,504,0,5,418390,3386800,504,0,14,-71.86
307701,418390.0,3386755.0,17,300,3,3,2585.0,9.2,504,0,5,418375,3386775,504,0,5,-80.48
307701,418390.0,3386755.0,17,300,3,3,2585.0,9.2,504,0,5,418395,3386795,504,0,14,-71.13
307701,418390.0,3386755.0,17,300,3,3,2585.0,9.2,504,0,5,418385,3386785,504,0,14,-77.41
307701,418390.0,3386755.0,17,300,3,3,2585.0,9.2,504,0,5,418295,3386855,502,0,5,-86.03
307701,418390.0,3386755.0,17,300,3,3,2585.0,9.2,504,0,5,418285,3386845,502,0,5,-86.18
307701,418390.0,3386755.0,17,300,3,3,2585.0,9.2,504,0,5,418370,3386780,504,0,5,-80.07
307701,418390.0,3386755.0,17,300,3,3,2585.0,9.2,504,0,5,418265,3386825,503,0,5,-86.0
307701,418390.0,3386755.0,17,300,3,3,2585.0,9.2,504,0,5,418300,3386870,502,0,5,-83.0
307701,418390.0,3386755.0,17,300,3,3,2585.0,9.2,504,0,5,418280,3386850,502,0,5,-87.94
307701,418390.0,3386755.0,17,300,3,3,2585.0,9.2,504,0,5,418275,3386835,502,0,5,-92.83
307701,418390.0,3386755.0,17,300,3,3,2585.0,9.2,504,0,5,418470,3386720,503,0,5,-75.75
307701,418390.0,3386755.0,17,300,3,3,2585.0,9.2,504,0,5,418465,3386705,503,0,5,-75.29
307701,418390.0,3386755.0,17,300,3,3,2585.0,9.2,504,0,5,418400,3386650,503,0,7,-93.33
307701,418390.0,3386755.0,17,300,3,3,2585.0,9.2,504,0,5,418565,3386965,509,0,5,-90.67
307701,418390.0,3386755.0,17,300,3,3,2585.0,9.2,504,0,5,418360,3386445,501,96,5,-103.5
307701,418390.0,3386755.0,17,300,3,3,2585.0,9.2,504,0,5,417990,3386875,501,0,14,-105.5
307701,418390.0,3386755.0,17,300,3,3,2585.0,9.2,504,0,5,418730,3388355,518,0,5,-110.0
307701,418390.0,3386755.0,17,300,3,3,2585.0,9.2,504,0,5,418735,3388360,517,0,5,-104.33
307701,418390.0,3386755.0,17,300,3,3,2585.0,9.2,504,0,5,418755,3388340,517,0,14,-108.0
307701,418390.0,3386755.0,17,300,3,3,2585.0,9.2,504,0,5,418380,3386750,504,9,5,-104.5
307701,418390.0,3386755.0,17,300,3,3,2585.0,9.2,504,0,5,418320,3386770,504,0,5,-103.0
307701,418390.0,3386755.0,17,300,3,3,2585.0,9.2,504,0,5,418500,3386630,503,0,5,-98.67
307701,418390.0,3386755.0,17,300,3,3,2585.0,9.2,504,0,5,418395,3386755,504,0,5,-72.17
307701,418390.0,3386755.0,17,300,3,3,2585.0,9.2,504,0,5,418430,3386720,503,0,5,-83.0
307701,418390.0,3386755.0,17,300,3,3,2585.0,9.2,504,0,5,418270,3386880,502,0,5,-87.86
307701,418390.0,3386755.0,17,300,3,3,2585.0,9.2,504,0,5,418255,3386855,503,0,5,-89.49
307701,418390.0,3386755.0,17,300,3,3,2585.0,9.2,504,0,5,418390,3386760,504,0,5,-72.44
307701,418390.0,3386755.0,17,300,3,3,2585.0,9.2,504,0,5,418305,3386825,502,0,5,-85.14
307701,418390.0,3386755.0,17,300,3,3,2585.0,9.2,504,0,5,418355,3386795,504,0,5,-79.05
307701,418390.0,3386755.0,17,300,3,3,2585.0,9.2,504,0,5,418260,3386870,503,0,5,-88.14
307701,418390.0,3386755.0,17,300,3,3,2585.0,9.2,504,0,5,418435,3386715,503,0,7,-81.29
307701,418390.0,3386755.0,17,300,3,3,2585.0,9.2,504,0,5,418310,3386840,502,0,5,-84.04
307701,418390.0,3386755.0,17,300,3,3,2585.0,9.2,504,0,5,418350,3386800,503,0,14,-81.8
307701,418390.0,3386755.0,17,300,3,3,2585.0,9.2,504,0,5,418250,3386860,503,0,5,-90.1
307701,418390.0,3386755.0,17,300,3,3,2585.0,9.2,504,0,5,418290,3386820,502,0,5,-85.25
307701,418390.0,3386755.0,17,300,3,3,2585.0,9.2,504,0,5,418425,3386705,503,0,7,-75.5
307701,418390.0,3386755.0,17,300,3,3,2585.0,9.2,504,0,5,418265,3386865,503,0,5,-87.87
307701,418390.0,3386755.0,17,300,3,3,2585.0,9.2,504,0,5,418300,3386830,502,0,5,-84.68
307701,418390.0,3386755.0,17,300,3,3,2585.0,9.2,504,0,5,418315,3386835,502,0,5,-83.77
307701,418390.0,3386755.0,17,300,3,3,2585.0,9.2,504,0,5,418340,3386790,504,0,5,-77.8
307701,418390.0,3386755.0,17,300,3,3,2585.0,9.2,504,0,5,418410,3386700,503,0,6,-91.5
307701,418390.0,3386755.0,17,300,3,3,2585.0,9.2,504,0,5,418345,3386785,504,0,5,-83.0
307701,418390.0,3386755.0,17,300,3,3,2585.0,9.2,504,0,5,418275,3386875,502,0,5,-88.13
307701,418390.0,3386755.0,17,300,3,3,2585.0,9.2,504,0,5,418385,3386745,504,9,5,-90.0
307701,418390.0,3386755.0,17,300,3,3,2585.0,9.2,504,0,5,418240,3386850,503,0,5,-92.0
307701,418390.0,3386755.0,17,300,3,3,2585.0,9.2,504,0,5,418245,3386845,503,0,5,-83.4
307701,418390.0,3386755.0,17,300,3,3,2585.0,9.2,504,0,5,418685,3388395,518,0,5,-103.0
307701,418390.0,3386755.0,17,300,3,3,2585.0,9.2,504,0,5,418025,3387695,504,0,5,-96.14
307701,418390.0,3386755.0,17,300,3,3,2585.0,9.2,504,0,5,418030,3387690,504,6,12,-103.0
307701,418390.0,3386755.0,17,300,3,3,2585.0,9.2,504,0,5,418790,3388290,517,0,11,-98.0
307701,418390.0,3386755.0,17,300,3,3,2585.0,9.2,504,0,5,418480,3387180,504,0,14,-107.0
307701,418390.0,3386755.0,17,300,3,3,2585.0,9.2,504,0,5,418485,3387175,504,0,14,-102.5
307701,418390.0,3386755.0,17,300,3,3,2585.0,9.2,504,0,5,418685,3386430,506,0,5,-94.5
307701,418390.0,3386755.0,17,300,3,3,2585.0,9.2,504,0,5,418740,3386755,506,0,5,-99.5
307701,418390.0,3386755.0,17,300,3,3,2585.0,9.2,504,0,5,418715,3386710,506,15,14,-86.0
307701,418390.0,3386755.0,17,300,3,3,2585.0,9.2,504,0,5,418700,3386715,505,0,5,-90.0
307701,418390.0,3386755.0,17,300,3,3,2585.0,9.2,504,0,5,418645,3386660,504,0,6,-79.63
307701,418390.0,3386755.0,17,300,3,3,2585.0,9.2,504,0,5,419020,3386395,519,0,6,-96.0
307701,418390.0,3386755.0,17,300,3,3,2585.0,9.2,504,0,5,418720,3386735,506,21,5,-90.0
307701,418390.0,3386755.0,17,300,3,3,2585.0,9.2,504,0,5,418670,3386665,504,0,6,-77.5
307701,418390.0,3386755.0,17,300,3,3,2585.0,9.2,504,0,5,418625,3386640,504,0,5,-82.63
307701,418390.0,3386755.0,17,300,3,3,2585.0,9.2,504,0,5,418650,3386645,504,0,5,-81.31
307701,418390.0,3386755.0,17,300,3,3,2585.0,9.2,504,0,5,418705,3386720,505,0,5,-93.14
307701,418390.0,3386755.0,17,300,3,3,2585.0,9.2,504,0,5,418640,3386655,504,0,5,-79.44
307701,418390.0,3386755.0,17,300,3,3,2585.0,9.2,504,0,5,418735,3386730,506,21,14,-101.0
307701,418390.0,3386755.0,17,300,3,3,2585.0,9.2,504,0,5,418655,3386650,504,0,5,-80.35
307701,418390.0,3386755.0,17,300,3,3,2585.0,9.2,504,0,5,418710,3386705,505,15,14,-100.43
307701,418390.0,3386755.0,17,300,3,3,2585.0,9.2,504,0,5,418730,3386725,506,21,14,-99.0
307701,418390.0,3386755.0,17,300,3,3,2585.0,9.2,504,0,5,418620,3386635,504,0,5,-81.5
307701,418390.0,3386755.0,17,300,3,3,2585.0,9.2,504,0,5,418635,3386630,504,0,5,-87.17
307701,418390.0,3386755.0,17,300,3,3,2585.0,9.2,504,0,5,418725,3386740,506,21,5,-99.33
307701,418390.0,3386755.0,17,300,3,3,2585.0,9.2,504,0,5,418535,3387560,502,0,5,-104.33
307701,418390.0,3386755.0,17,300,3,3,2585.0,9.2,504,0,5,418485,3387115,505,6,14,-104.0
307701,418390.0,3386755.0,17,300,3,3,2585.0,9.2,504,0,5,418515,3387085,505,0,5,-107.33
307701,418390.0,3386755.0,17,300,3,3,2585.0,9.2,504,0,5,418520,3387080,506,0,14,-102.63
307701,418390.0,3386755.0,17,300,3,3,2585.0,9.2,504,0,5,418525,3387075,506,0,5,-98.0
307701,418390.0,3386755.0,17,300,3,3,2585.0,9.2,504,0,5,418530,3387070,506,0,6,-100.6
307701,418390.0,3386755.0,17,300,3,3,2585.0,9.2,504,0,5,418505,3387095,505,0,5,-102.13
307701,418390.0,3386755.0,17,300,3,3,2585.0,9.2,504,0,5,417970,3387895,499,0,5,-107.5
307701,418390.0,3386755.0,17,300,3,3,2585.0,9.2,504,0,5,418495,3386655,503,0,14,-95.5
307701,418390.0,3386755.0,17,300,3,3,2585.0,9.2,504,0,5,418350,3386840,503,0,5,-78.0
307701,418390.0,3386755.0,17,300,3,3,2585.0,9.2,504,0,5,418315,3386795,503,0,14,-82.33
307701,418390.0,3386755.0,17,300,3,3,2585.0,9.2,504,0,5,418555,3386715,503,0,6,-70.0
307701,418390.0,3386755.0,17,300,3,3,2585.0,9.2,504,0,5,418365,3386845,503,12,6,-73.0
307701,418390.0,3386755.0,17,300,3,3,2585.0,9.2,504,0,5,418320,3386810,503,0,5,-79.76
307701,418390.0,3386755.0,17,300,3,3,2585.0,9.2,504,0,5,418330,3386820,503,0,14,-84.0
307701,418390.0,3386755.0,17,300,3,3,2585.0,9.2,504,0,5,418535,3386695,503,0,14,-74.55
307701,418390.0,3386755.0,17,300,3,3,2585.0,9.2,504,0,5,418310,3386800,503,0,14,-84.67
307701,418390.0,3386755.0,17,300,3,3,2585.0,9.2,504,0,5,418325,3386805,503,0,14,-80.38
307701,418390.0,3386755.0,17,300,3,3,2585.0,9.2,504,0,5,418345,3386825,503,0,14,-80.05
307701,418390.0,3386755.0,17,300,3,3,2585.0,9.2,504,0,5,418530,3386700,503,0,14,-74.26
307701,418390.0,3386755.0,17,300,3,3,2585.0,9.2,504,0,5,418340,3386830,503,0,14,-80.48
307701,418390.0,3386755.0,17,300,3,3,2585.0,9.2,504,0,5,418550,3386720,503,0,6,-70.08
307701,418390.0,3386755.0,17,300,3,3,2585.0,9.2,504,0,5,418335,3386815,503,0,14,-82.64
307701,418390.0,3386755.0,17,300,3,3,2585.0,9.2,504,0,5,418540,3386710,503,0,5,-70.04
307701,418390.0,3386755.0,17,300,3,3,2585.0,9.2,504,0,5,418545,3386705,503,0,5,-72.83
307701,418390.0,3386755.0,17,300,3,3,2585.0,9.2,504,0,5,418520,3386690,503,0,14,-70.38
307701,418390.0,3386755.0,17,300,3,3,2585.0,9.2,504,0,5,418525,3386685,503,0,14,-71.56
307701,418390.0,3386755.0,17,300,3,3,2585.0,9.2,504,0,5,418305,3386785,503,0,14,-96.67
307701,418390.0,3386755.0,17,300,3,3,2585.0,9.2,504,0,5,418355,3386835,503,0,5,-79.63
307701,418390.0,3386755.0,17,300,3,3,2585.0,9.2,504,0,5,418710,3386715,505,0,5,-98.5
307701,418390.0,3386755.0,17,300,3,3,2585.0,9.2,504,0,5,418720,3386725,506,0,14,-91.67
307701,418390.0,3386755.0,17,300,3,3,2585.0,9.2,504,0,5,418625,3386630,504,0,5,-86.0
307701,418390.0,3386755.0,17,300,3,3,2585.0,9.2,504,0,5,418715,3386720,506,0,14,-93.8
307701,418390.0,3386755.0,17,300,3,3,2585.0,9.2,504,0,5,418730,3386735,506,21,14,-96.67
307701,418390.0,3386755.0,17,300,3,3,2585.0,9.2,504,0,5,418740,3386745,506,0,5,-103.5
307701,418390.0,3386755.0,17,300,3,3,2585.0,9.2,504,0,5,418735,3386740,506,0,14,-96.33
307701,418390.0,3386755.0,17,300,3,3,2585.0,9.2,504,0,5,418660,3386665,504,0,6,-78.43
307701,418390.0,3386755.0,17,300,3,3,2585.0,9.2,504,0,5,418630,3386635,504,0,5,-84.86
307701,418390.0,3386755.0,17,300,3,3,2585.0,9.2,504,0,5,418620,3386625,504,0,5,-81.67
307701,418390.0,3386755.0,17,300,3,3,2585.0,9.2,504,0,5,418640,3386645,504,0,5,-83.02
307701,418390.0,3386755.0,17,300,3,3,2585.0,9.2,504,0,5,418650,3386655,504,0,6,-80.1
307701,418390.0,3386755.0,17,300,3,3,2585.0,9.2,504,0,5,418635,3386640,504,0,5,-84.13
307701,418390.0,3386755.0,17,300,3,3,2585.0,9.2,504,0,5,418645,3386650,504,0,5,-80.53
307701,418390.0,3386755.0,17,300,3,3,2585.0,9.2,504,0,5,418725,3386730,506,21,14,-94.25
307701,418390.0,3386755.0,17,300,3,3,2585.0,9.2,504,0,5,418655,3386660,504,0,6,-76.14
307701,418390.0,3386755.0,17,300,3,3,2585.0,9.2,504,0,5,418700,3387460,502,0,5,-111.5
307701,418390.0,3386755.0,17,300,3,3,2585.0,9.2,504,0,5,418365,3386855,503,0,6,-78.0
307701,418390.0,3386755.0,17,300,3,3,2585.0,9.2,504,0,5,418315,3386785,503,12,5,-78.67
307701,418390.0,3386755.0,17,300,3,3,2585.0,9.2,504,0,5,418310,3386790,503,0,5,-94.0
307701,418390.0,3386755.0,17,300,3,3,2585.0,9.2,504,0,5,418525,3386695,503,0,5,-71.14
307701,418390.0,3386755.0,17,300,3,3,2585.0,9.2,504,0,5,418325,3386815,503,0,14,-83.7
307701,418390.0,3386755.0,17,300,3,3,2585.0,9.2,504,0,5,418335,3386805,503,0,5,-80.22
307701,418390.0,3386755.0,17,300,3,3,2585.0,9.2,504,0,5,418330,3386810,503,0,14,-82.32
307701,418390.0,3386755.0,17,300,3,3,2585.0,9.2,504,0,5,418540,3386720,503,0,6,-70.18
307701,418390.0,3386755.0,17,300,3,3,2585.0,9.2,504,0,5,418345,3386835,503,0,5,-81.33
307701,418390.0,3386755.0,17,300,3,3,2585.0,9.2,504,0,5,418350,3386830,503,0,5,-78.31
307701,418390.0,3386755.0,17,300,3,3,2585.0,9.2,504,0,5,418535,3386685,503,0,14,-70.33
307701,418390.0,3386755.0,17,300,3,3,2585.0,9.2,504,0,5,418555,3386705,503,0,5,-71.1
307701,418390.0,3386755.0,17,300,3,3,2585.0,9.2,504,0,5,418545,3386715,503,0,5,-70.26
307701,418390.0,3386755.0,17,300,3,3,2585.0,9.2,504,0,5,418550,3386710,503,0,5,-70.97
307701,418390.0,3386755.0,17,300,3,3,2585.0,9.2,504,0,5,418355,3386825,503,0,5,-78.5
307701,418390.0,3386755.0,17,300,3,3,2585.0,9.2,504,0,5,418340,3386840,503,0,5,-78.88
307701,418390.0,3386755.0,17,300,3,3,2585.0,9.2,504,0,5,418320,3386820,502,0,5,-81.86
307701,418390.0,3386755.0,17,300,3,3,2585.0,9.2,504,0,5,418520,3386700,503,0,5,-73.33
307701,418390.0,3386755.0,17,300,3,3,2585.0,9.2,504,0,5,418530,3386690,503,0,5,-70.75
307701,418390.0,3386755.0,17,300,3,3,2585.0,9.2,504,0,5,418490,3388055,512,0,6,-106.5
307701,418390.0,3386755.0,17,300,3,3,2585.0,9.2,504,0,5,418535,3388545,519,0,10,-115.0
307701,418390.0,3386755.0,17,300,3,3,2585.0,9.2,504,0,5,418475,3386705,503,0,5,-70.75
307701,418390.0,3386755.0,17,300,3,3,2585.0,9.2,504,0,5,418315,3386865,502,0,6,-84.0
307701,418390.0,3386755.0,17,300,3,3,2585.0,9.2,504,0,5,418440,3386700,503,0,7,-80.5
307701,418390.0,3386755.0,17,300,3,3,2585.0,9.2,504,0,5,418275,3386825,502,0,5,-85.25
307701,418390.0,3386755.0,17,300,3,3,2585.0,9.2,504,0,5,418265,3386835,503,0,5,-80.67
307701,418390.0,3386755.0,17,300,3,3,2585.0,9.2,504,0,5,418445,3386695,503,0,7,-86.0
307701,418390.0,3386755.0,17,300,3,3,2585.0,9.2,504,0,5,418260,3386840,503,0,5,-89.14
307701,418390.0,3386755.0,17,300,3,3,2585.0,9.2,504,0,5,418380,3386800,504,0,14,-76.13
307701,418390.0,3386755.0,17,300,3,3,2585.0,9.2,504,0,5,418460,3386720,503,0,7,-71.0
307701,418390.0,3386755.0,17,300,3,3,2585.0,9.2,504,0,5,418465,3386715,503,0,7,-71.57
307701,418390.0,3386755.0,17,300,3,3,2585.0,9.2,504,0,5,418270,3386830,502,0,5,-86.25
307701,418390.0,3386755.0,17,300,3,3,2585.0,9.2,504,0,5,418295,3386845,502,0,5,-85.58
307701,418390.0,3386755.0,17,300,3,3,2585.0,9.2,504,0,5,418390,3386790,504,0,14,-73.6
307701,418390.0,3386755.0,17,300,3,3,2585.0,9.2,504,0,5,418385,3386795,504,0,14,-75.96
307701,418390.0,3386755.0,17,300,3,3,2585.0,9.2,504,0,5,418290,3386850,502,0,5,-85.3
307701,418390.0,3386755.0,17,300,3,3,2585.0,9.2,504,0,5,418360,3386780,504,0,5,-81.81
307701,418390.0,3386755.0,17,300,3,3,2585.0,9.2,504,0,5,418395,3386785,504,0,14,-72.49
307701,418390.0,3386755.0,17,300,3,3,2585.0,9.2,504,0,5,418285,3386855,502,0,5,-88.0
307701,418390.0,3386755.0,17,300,3,3,2585.0,9.2,504,0,5,418280,3386860,502,0,5,-86.91
307701,418390.0,3386755.0,17,300,3,3,2585.0,9.2,504,0,5,418370,3386770,504,0,5,-81.71
307701,418390.0,3386755.0,17,300,3,3,2585.0,9.2,504,0,5,418400,3386660,503,0,7,-107.67
307701,418390.0,3386755.0,17,300,3,3,2585.0,9.2,504,0,5,418470,3386710,503,0,5,-73.5
307701,418390.0,3386755.0,17,300,3,3,2585.0,9.2,504,0,5,418365,3386775,504,0,5,-82.11
307701,418390.0,3386755.0,17,300,3,3,2585.0,9.2,504,0,5,418680,3386660,505,0,6,-82.0
307701,418390.0,3386755.0,17,300,3,3,2585.0,9.2,504,0,5,418685,3386655,505,0,6,-85.67
307701,418390.0,3386755.0,17,300,3,3,2585.0,9.2,504,0,5,418695,3386645,505,0,6,-81.6
307701,418390.0,3386755.0,17,300,3,3,2585.0,9.2,504,0,5,418735,3386765,506,0,5,-97.25
307701,418390.0,3386755.0,17,300,3,3,2585.0,9.2,504,0,5,418340,3386855,503,0,6,-81.2
307701,418390.0,3386755.0,17,300,3,3,2585.0,9.2,504,0,5,418500,3386695,503,0,14,-70.4
307701,418390.0,3386755.0,17,300,3,3,2585.0,9.2,504,0,5,418385,3386820,504,12,5,-73.2
307701,418390.0,3386755.0,17,300,3,3,2585.0,9.2,504,0,5,418350,3386845,503,6,6,-77.8
307701,418390.0,3386755.0,17,300,3,3,2585.0,9.2,504,0,5,418490,3386705,502,0,5,-70.33
307701,418390.0,3386755.0,17,300,3,3,2585.0,9.2,504,0,5,418380,3386815,504,0,5,-75.3
307701,418390.0,3386755.0,17,300,3,3,2585.0,9.2,504,0,5,418395,3386810,504,0,5,-72.9
307701,418390.0,3386755.0,17,300,3,3,2585.0,9.2,504,0,5,418355,3386850,503,6,6,-78.33
307701,418390.0,3386755.0,17,300,3,3,2585.0,9.2,504,0,5,418390,3386805,504,0,5,-74.19
307701,418390.0,3386755.0,17,300,3,3,2585.0,9.2,504,0,5,418485,3386720,502,0,5,-74.89
307701,418390.0,3386755.0,17,300,3,3,2585.0,9.2,504,0,5,418360,3386835,503,12,5,-79.29
307701,418390.0,3386755.0,17,300,3,3,2585.0,9.2,504,0,5,418370,3386825,503,0,5,-75.14
307701,418390.0,3386755.0,17,300,3,3,2585.0,9.2,504,0,5,418365,3386840,503,12,6,-76.75
307701,418390.0,3386755.0,17,300,3,3,2585.0,9.2,504,0,5,418525,3386680,503,0,14,-64.83
307701,418390.0,3386755.0,17,300,3,3,2585.0,9.2,504,0,5,418515,3386690,503,0,14,-66.89
307701,418390.0,3386755.0,17,300,3,3,2585.0,9.2,504,0,5,418505,3386700,503,0,14,-74.33
307701,418390.0,3386755.0,17,300,3,3,2585.0,9.2,504,0,5,418375,3386830,503,12,6,-72.24
307701,418390.0,3386755.0,17,300,3,3,2585.0,9.2,504,0,5,418480,3386715,502,0,5,-70.71
307701,418390.0,3386755.0,17,300,3,3,2585.0,9.2,504,0,5,418495,3386710,502,0,5,-73.17
307701,418390.0,3386755.0,17,300,3,3,2585.0,9.2,504,0,5,418655,3386585,504,0,5,-93.67
307701,418390.0,3386755.0,17,300,3,3,2585.0,9.2,504,0,5,418585,3386655,504,0,5,-67.0
307701,418390.0,3386755.0,17,300,3,3,2585.0,9.2,504,0,5,418565,3386675,504,0,14,-78.67
307701,418390.0,3386755.0,17,300,3,3,2585.0,9.2,504,0,5,418685,3386635,505,0,6,-81.75
307701,418390.0,3386755.0,17,300,3,3,2585.0,9.2,504,0,5,418715,3386605,505,0,5,-89.74
307701,418390.0,3386755.0,17,300,3,3,2585.0,9.2,504,0,5,418700,3386620,505,0,14,-85.32
307701,418390.0,3386755.0,17,300,3,3,2585.0,9.2,504,0,5,418710,3386610,505,0,5,-87.79
307701,418390.0,3386755.0,17,300,3,3,2585.0,9.2,504,0,5,418705,3386615,505,0,5,-86.33
307701,418390.0,3386755.0,17,300,3,3,2585.0,9.2,504,0,5,418695,3386625,505,0,14,-83.11
307701,418390.0,3386755.0,17,300,3,3,2585.0,9.2,504,0,5,418575,3386665,504,0,5,-82.67
307701,418390.0,3386755.0,17,300,3,3,2585.0,9.2,504,0,5,418690,3386630,505,0,5,-82.06
307701,418390.0,3386755.0,17,300,3,3,2585.0,9.2,504,0,5,418680,3386640,504,0,6,-79.36
307701,418390.0,3386755.0,17,300,3,3,2585.0,9.2,504,0,5,418445,3386520,503,0,5,-100.5
307701,418390.0,3386755.0,17,300,3,3,2585.0,9.2,504,0,5,418440,3386515,503,0,5,-100.0
307701,418390.0,3386755.0,17,300,3,3,2585.0,9.2,504,0,5,418520,3386930,507,0,5,-82.5
307701,418390.0,3386755.0,17,300,3,3,2585.0,9.2,504,0,5,418540,3386950,508,0,5,-89.62
307701,418390.0,3386755.0,17,300,3,3,2585.0,9.2,504,0,5,418525,3386925,507,0,5,-87.75
307701,418390.0,3386755.0,17,300,3,3,2585.0,9.2,504,0,5,418530,3386940,507,0,5,-88.8
307701,418390.0,3386755.0,17,300,3,3,2585.0,9.2,504,0,5,418550,3386960,508,0,5,-92.0
307701,418390.0,3386755.0,17,300,3,3,2585.0,9.2,504,0,5,418535,3386935,507,0,5,-89.18
307701,418390.0,3386755.0,17,300,3,3,2585.0,9.2,504,0,5,418795,3388290,517,0,11,-92.0
307701,418390.0,3386755.0,17,300,3,3,2585.0,9.2,504,0,5,418090,3387625,501,0,14,-105.0
307701,418390.0,3386755.0,17,300,3,3,2585.0,9.2,504,0,5,418025,3387700,503,0,5,-97.25
307701,418390.0,3386755.0,17,300,3,3,2585.0,9.2,504,0,5,418790,3388285,517,0,11,-103.5
307701,418390.0,3386755.0,17,300,3,3,2585.0,9.2,504,0,5,418035,3387690,504,6,12,-94.0
307701,418390.0,3386755.0,17,300,3,3,2585.0,9.2,504,0,5,418700,3388375,518,0,5,-103.0
307701,418390.0,3386755.0,17,300,3,3,2585.0,9.2,504,0,5,418630,3386685,504,0,6,-76.75
307701,418390.0,3386755.0,17,300,3,3,2585.0,9.2,504,0,5,418685,3386640,505,0,6,-82.0
307701,418390.0,3386755.0,17,300,3,3,2585.0,9.2,504,0,5,418705,3386620,505,0,5,-83.21
307701,418390.0,3386755.0,17,300,3,3,2585.0,9.2,504,0,5,418575,3386670,504,0,5,-92.75
307701,418390.0,3386755.0,17,300,3,3,2585.0,9.2,504,0,5,418695,3386630,505,0,6,-85.71
307701,418390.0,3386755.0,17,300,3,3,2585.0,9.2,504,0,5,418700,3386615,505,0,14,-88.74
307701,418390.0,3386755.0,17,300,3,3,2585.0,9.2,504,0,5,418680,3386635,504,0,14,-82.75
307701,418390.0,3386755.0,17,300,3,3,2585.0,9.2,504,0,5,418710,3386605,505,0,5,-92.6
307701,418390.0,3386755.0,17,300,3,3,2585.0,9.2,504,0,5,418715,3386610,505,0,5,-87.43
307701,418390.0,3386755.0,17,300,3,3,2585.0,9.2,504,0,5,418690,3386625,505,0,14,-83.79
307701,418390.0,3386755.0,17,300,3,3,2585.0,9.2,504,0,5,418650,3386585,504,0,5,-92.0
307701,418390.0,3386755.0,17,300,3,3,2585.0,9.2,504,0,5,418565,3386680,504,0,5,-77.0
307701,418390.0,3386755.0,17,300,3,3,2585.0,9.2,504,0,5,418620,3386695,504,0,6,-71.5
307701,418390.0,3386755.0,17,300,3,3,2585.0,9.2,504,0,5,418365,3386465,501,0,5,-103.5
307701,418390.0,3386755.0,17,300,3,3,2585.0,9.2,504,0,5,418475,3387110,504,0,14,-105.5
307701,418390.0,3386755.0,17,300,3,3,2585.0,9.2,504,0,5,418255,3386890,503,0,5,-92.33
307701,418390.0,3386755.0,17,300,3,3,2585.0,9.2,504,0,5,418240,3386895,503,0,5,-86.71
307701,418390.0,3386755.0,17,300,3,3,2585.0,9.2,504,0,5,418250,3386885,503,0,5,-84.5
307701,418390.0,3386755.0,17,300,3,3,2585.0,9.2,504,0,5,418705,3386240,509,102,5,-95.0
307701,418390.0,3386755.0,17,300,3,3,2585.0,9.2,504,0,5,418175,3386945,502,0,6,-99.5
307701,418390.0,3386755.0,17,300,3,3,2585.0,9.2,504,0,5,418185,3386935,503,0,6,-105.5
307701,418390.0,3386755.0,17,300,3,3,2585.0,9.2,504,0,5,418180,3386940,503,0,6,-101.0
307701,418390.0,3386755.0,17,300,3,3,2585.0,9.2,504,0,5,418195,3386925,503,0,6,-101.0
307701,418390.0,3386755.0,17,300,3,3,2585.0,9.2,504,0,5,418220,3386900,503,0,5,-92.0
307701,418390.0,3386755.0,17,300,3,3,2585.0,9.2,504,0,5,418235,3386885,503,0,5,-90.15
307701,418390.0,3386755.0,17,300,3,3,2585.0,9.2,504,0,5,418230,3386890,503,0,5,-88.0
307701,418390.0,3386755.0,17,300,3,3,2585.0,9.2,504,0,5,418205,3386915,503,0,7,-91.6
307701,418390.0,3386755.0,17,300,3,3,2585.0,9.2,504,0,5,418210,3386910,503,0,5,-91.67
307701,418390.0,3386755.0,17,300,3,3,2585.0,9.2,504,0,5,418215,3386905,503,0,5,-88.2
307701,418390.0,3386755.0,17,300,3,3,2585.0,9.2,504,0,5,418225,3386895,503,0,5,-85.92
307701,418390.0,3386755.0,17,300,3,3,2585.0,9.2,504,0,5,418700,3386470,505,0,5,-102.75
307701,418390.0,3386755.0,17,300,3,3,2585.0,9.2,504,0,5,418705,3386465,505,0,5,-100.67
307701,418390.0,3386755.0,17,300,3,3,2585.0,9.2,504,0,5,418690,3386460,505,0,5,-105.5
307701,418390.0,3386755.0,17,300,3,3,2585.0,9.2,504,0,5,418710,3386480,505,0,5,-98.38
307701,418390.0,3386755.0,17,300,3,3,2585.0,9.2,504,0,5,418655,3386415,506,0,5,-96.0
307701,418390.0,3386755.0,17,300,3,3,2585.0,9.2,504,0,5,418715,3386475,505,0,5,-101.25
307701,418390.0,3386755.0,17,300,3,3,2585.0,9.2,504,0,5,418665,3386425,506,0,5,-103.67
307701,418390.0,3386755.0,17,300,3,3,2585.0,9.2,504,0,5,418635,3387480,502,0,14,-103.5
307701,418390.0,3386755.0,17,300,3,3,2585.0,9.2,504,0,5,418620,3387465,501,15,5,-93.0
307701,418390.0,3386755.0,17,300,3,3,2585.0,9.2,504,0,5,418625,3387470,501,15,14,-94.29
307701,418390.0,3386755.0,17,300,3,3,2585.0,9.2,504,0,5,418630,3387475,501,15,14,-105.14
307701,418390.0,3386755.0,17,300,3,3,2585.0,9.2,504,0,5,418730,3386515,505,0,5,-96.33
307701,418390.0,3386755.0,17,300,3,3,2585.0,9.2,504,0,5,418630,3386375,506,0,5,-104.0
307701,418390.0,3386755.0,17,300,3,3,2585.0,9.2,504,0,5,418735,3386520,505,0,5,-96.5
307701,418390.0,3386755.0,17,300,3,3,2585.0,9.2,504,0,5,418625,3386370,506,0,5,-94.0
307701,418390.0,3386755.0,17,300,3,3,2585.0,9.2,504,0,5,418790,3386535,507,0,5,-93.6
307701,418390.0,3386755.0,17,300,3,3,2585.0,9.2,504,0,5,418780,3386525,507,0,5,-91.0
307701,418390.0,3386755.0,17,300,3,3,2585.0,9.2,504,0,5,418785,3386530,507,0,5,-104.2
307701,418390.0,3386755.0,17,300,3,3,2585.0,9.2,504,0,5,418620,3386365,506,0,5,-106.0
307701,418390.0,3386755.0,17,300,3,3,2585.0,9.2,504,0,5,418795,3386540,507,0,5,-98.92
307701,418390.0,3386755.0,17,300,3,3,2585.0,9.2,504,0,5,418770,3386555,506,0,5,-95.62
307701,418390.0,3386755.0,17,300,3,3,2585.0,9.2,504,0,5,418775,3386560,506,0,5,-95.83
307701,418390.0,3386755.0,17,300,3,3,2585.0,9.2,504,0,5,418720,3386505,505,0,5,-92.27
307701,418390.0,3386755.0,17,300,3,3,2585.0,9.2,504,0,5,418655,3386280,507,0,5,-105.0
307701,418390.0,3386755.0,17,300,3,3,2585.0,9.2,504,0,5,418605,3386390,505,0,6,-98.4
307701,418390.0,3386755.0,17,300,3,3,2585.0,9.2,504,0,5,418725,3386510,505,0,5,-91.56
307701,418390.0,3386755.0,17,300,3,3,2585.0,9.2,504,0,5,418105,3387655,502,0,12,-106.0
307701,418390.0,3386755.0,17,300,3,3,2585.0,9.2,504,0,5,418700,3386585,505,0,5,-97.5
307701,418390.0,3386755.0,17,300,3,3,2585.0,9.2,504,0,5,418605,3386650,504,0,5,-68.0
307701,418390.0,3386755.0,17,300,3,3,2585.0,9.2,504,0,5,418590,3386715,504,0,6,-71.0
307701,418390.0,3386755.0,17,300,3,3,2585.0,9.2,504,0,5,418635,3386680,504,0,6,-68.25
307701,418390.0,3386755.0,17,300,3,3,2585.0,9.2,504,0,5,418580,3386705,504,0,6,-71.36
307701,418390.0,3386755.0,17,300,3,3,2585.0,9.2,504,0,5,418665,3386630,504,0,14,-83.96
307701,418390.0,3386755.0,17,300,3,3,2585.0,9.2,504,0,5,418570,3386695,503,0,5,-71.89
307701,418390.0,3386755.0,17,300,3,3,2585.0,9.2,504,0,5,418655,3386620,504,0,14,-83.4
307701,418390.0,3386755.0,17,300,3,3,2585.0,9.2,504,0,5,418660,3386625,504,0,14,-85.5
307701,418390.0,3386755.0,17,300,3,3,2585.0,9.2,504,0,5,418625,3386670,504,0,6,-76.76
307701,418390.0,3386755.0,17,300,3,3,2585.0,9.2,504,0,5,418565,3386690,503,0,5,-72.74
307701,418390.0,3386755.0,17,300,3,3,2585.0,9.2,504,0,5,418575,3386700,503,0,6,-72.73
307701,418390.0,3386755.0,17,300,3,3,2585.0,9.2,504,0,5,418615,3386660,504,0,5,-77.09
307701,418390.0,3386755.0,17,300,3,3,2585.0,9.2,504,0,5,418620,3386665,504,0,5,-78.5
307701,418390.0,3386755.0,17,300,3,3,2585.0,9.2,504,0,5,418670,3386635,504,0,5,-82.58
307701,418390.0,3386755.0,17,300,3,3,2585.0,9.2,504,0,5,418710,3386595,505,0,5,-94.32
307701,418390.0,3386755.0,17,300,3,3,2585.0,9.2,504,0,5,418610,3386655,504,0,5,-78.23
307701,418390.0,3386755.0,17,300,3,3,2585.0,9.2,504,0,5,418715,3386600,505,0,5,-93.72
307701,418390.0,3386755.0,17,300,3,3,2585.0,9.2,504,0,5,418560,3386685,503,0,5,-76.3
307701,418390.0,3386755.0,17,300,3,3,2585.0,9.2,504,0,5,418675,3386640,504,0,5,-82.07
307701,418390.0,3386755.0,17,300,3,3,2585.0,9.2,504,0,5,418705,3386590,505,0,5,-98.17
307701,418390.0,3386755.0,17,300,3,3,2585.0,9.2,504,0,5,418585,3386710,504,0,6,-73.0
307701,418390.0,3386755.0,17,300,3,3,2585.0,9.2,504,0,5,418630,3386675,504,0,6,-76.6
307701,418390.0,3386755.0,17,300,3,3,2585.0,9.2,504,0,5,418260,3386835,503,0,5,-93.0
307701,418390.0,3386755.0,17,300,3,3,2585.0,9.2,504,0,5,418470,3386705,503,0,5,-75.17
307701,418390.0,3386755.0,17,300,3,3,2585.0,9.2,504,0,5,418395,3386790,504,0,14,-73.34
307701,418390.0,3386755.0,17,300,3,3,2585.0,9.2,504,0,5,418280,3386855,502,0,5,-87.43
307701,418390.0,3386755.0,17,300,3,3,2585.0,9.2,504,0,5,418290,3386845,502,0,5,-86.54
307701,418390.0,3386755.0,17,300,3,3,2585.0,9.2,504,0,5,418385,3386800,504,0,14,-75.4
307701,418390.0,3386755.0,17,300,3,3,2585.0,9.2,504,0,5,418460,3386715,503,0,7,-75.0
307701,418390.0,3386755.0,17,300,3,3,2585.0,9.2,504,0,5,418295,3386850,502,0,5,-85.71
307701,418390.0,3386755.0,17,300,3,3,2585.0,9.2,504,0,5,418390,3386785,504,0,14,-75.35
307701,418390.0,3386755.0,17,300,3,3,2585.0,9.2,504,0,5,418370,3386765,504,0,5,-80.4
307701,418390.0,3386755.0,17,300,3,3,2585.0,9.2,504,0,5,418380,3386795,504,0,14,-76.89
307701,418390.0,3386755.0,17,300,3,3,2585.0,9.2,504,0,5,418285,3386860,502,0,5,-87.54
307701,418390.0,3386755.0,17,300,3,3,2585.0,9.2,504,0,5,418465,3386720,503,0,7,-71.29
307701,418390.0,3386755.0,17,300,3,3,2585.0,9.2,504,0,5,418375,3386770,504,0,5,-79.57
307701,418390.0,3386755.0,17,300,3,3,2585.0,9.2,504,0,5,418405,3386660,503,0,7,-91.6
307701,418390.0,3386755.0,17,300,3,3,2585.0,9.2,504,0,5,418265,3386840,503,0,5,-88.9
307701,418390.0,3386755.0,17,300,3,3,2585.0,9.2,504,0,5,418365,3386780,504,0,5,-81.59
307701,418390.0,3386755.0,17,300,3,3,2585.0,9.2,504,0,5,418475,3386710,503,0,5,-73.46
307701,418390.0,3386755.0,17,300,3,3,2585.0,9.2,504,0,5,418275,3386830,502,0,5,-85.67
307701,418390.0,3386755.0,17,300,3,3,2585.0,9.2,504,0,5,418360,3386775,504,0,5,-80.36
307701,418390.0,3386755.0,17,300,3,3,2585.0,9.2,504,0,5,418445,3386700,503,0,7,-80.67
307701,418390.0,3386755.0,17,300,3,3,2585.0,9.2,504,0,5,418310,3386865,502,0,5,-83.57
307701,418390.0,3386755.0,17,300,3,3,2585.0,9.2,504,0,5,418600,3386295,505,0,5,-112.0
307701,418390.0,3386755.0,17,300,3,3,2585.0,9.2,504,0,5,418820,3386515,509,0,5,-92.5
307701,418390.0,3386755.0,17,300,3,3,2585.0,9.2,504,0,5,418825,3386520,509,0,5,-95.91
307701,418390.0,3386755.0,17,300,3,3,2585.0,9.2,504,0,5,418640,3386335,507,5,5,-91.43
307701,418390.0,3386755.0,17,300,3,3,2585.0,9.2,504,0,5,418840,3386535,509,0,5,-92.94
307701,418390.0,3386755.0,17,300,3,3,2585.0,9.2,504,0,5,418850,3386525,510,0,5,-93.32
307701,418390.0,3386755.0,17,300,3,3,2585.0,9.2,504,0,5,418855,3386530,510,0,5,-93.95
307701,418390.0,3386755.0,17,300,3,3,2585.0,9.2,504,0,5,418870,3386545,510,0,6,-86.6
307701,418390.0,3386755.0,17,300,3,3,2585.0,9.2,504,0,5,418835,3386510,509,0,5,-88.0
307701,418390.0,3386755.0,17,300,3,3,2585.0,9.2,504,0,5,418845,3386540,509,0,5,-93.78
307701,418390.0,3386755.0,17,300,3,3,2585.0,9.2,504,0,5,418560,3386255,503,0,5,-104.0
307701,418390.0,3386755.0,17,300,3,3,2585.0,9.2,504,0,5,418830,3386505,509,0,5,-93.0
307701,418390.0,3386755.0,17,300,3,3,2585.0,9.2,504,0,5,418035,3387645,502,24,5,-112.33
307701,418390.0,3386755.0,17,300,3,3,2585.0,9.2,504,0,5,418660,3386685,504,0,6,-73.0
307701,418390.0,3386755.0,17,300,3,3,2585.0,9.2,504,0,5,418960,3386385,518,0,14,-98.0
307701,418390.0,3386755.0,17,300,3,3,2585.0,9.2,504,0,5,418965,3386390,518,0,14,-92.33
307701,418390.0,3386755.0,17,300,3,3,2585.0,9.2,504,0,5,418665,3386690,505,0,6,-78.5
307701,418390.0,3386755.0,17,300,3,3,2585.0,9.2,504,0,5,418970,3386395,518,0,14,-96.5
307701,418390.0,3386755.0,17,300,3,3,2585.0,9.2,504,0,5,418905,3386520,512,0,6,-95.0
307701,418390.0,3386755.0,17,300,3,3,2585.0,9.2,504,0,5,418675,3386750,505,0,7,-92.0
307701,418390.0,3386755.0,17,300,3,3,2585.0,9.2,504,0,5,418900,3386515,511,18,6,-94.67
307701,418390.0,3386755.0,17,300,3,3,2585.0,9.2,504,0,5,418800,3386575,507,0,6,-88.13
307701,418390.0,3386755.0,17,300,3,3,2585.0,9.2,504,0,5,418960,3386415,516,0,14,-89.0
307701,418390.0,3386755.0,17,300,3,3,2585.0,9.2,504,0,5,418910,3386505,512,18,6,-91.75
307701,418390.0,3386755.0,17,300,3,3,2585.0,9.2,504,0,5,418895,3386490,511,0,5,-95.62
307701,418390.0,3386755.0,17,300,3,3,2585.0,9.2,504,0,5,418990,3386425,517,0,6,-91.0
307701,418390.0,3386755.0,17,300,3,3,2585.0,9.2,504,0,5,418880,3386495,511,0,5,-96.5
307701,418390.0,3386755.0,17,300,3,3,2585.0,9.2,504,0,5,418810,3386565,507,0,6,-88.96
307701,418390.0,3386755.0,17,300,3,3,2585.0,9.2,504,0,5,418805,3386580,507,0,6,-84.2
307701,418390.0,3386755.0,17,300,3,3,2585.0,9.2,504,0,5,418965,3386420,516,0,5,-92.25
307701,418390.0,3386755.0,17,300,3,3,2585.0,9.2,504,0,5,418980,3386435,516,0,6,-93.29
307701,418390.0,3386755.0,17,300,3,3,2585.0,9.2,504,0,5,418885,3386500,511,0,5,-90.83
307701,418390.0,3386755.0,17,300,3,3,2585.0,9.2,504,0,5,418890,3386485,511,0,5,-95.0
307701,418390.0,3386755.0,17,300,3,3,2585.0,9.2,504,0,5,418645,3386740,505,12,7,-88.0
307701,418390.0,3386755.0,17,300,3,3,2585.0,9.2,504,0,5,418915,3386510,512,0,6,-90.63
307701,418390.0,3386755.0,17,300,3,3,2585.0,9.2,504,0,5,418815,3386570,507,6,6,-88.33
307701,418390.0,3386755.0,17,300,3,3,2585.0,9.2,504,0,5,418515,3386895,506,0,5,-88.0
307701,418390.0,3386755.0,17,300,3,3,2585.0,9.2,504,0,5,418525,3386945,507,0,5,-93.0
307701,418390.0,3386755.0,17,300,3,3,2585.0,9.2,504,0,5,418535,3386955,508,0,5,-91.64
307701,418390.0,3386755.0,17,300,3,3,2585.0,9.2,504,0,5,418530,3386960,508,0,5,-90.76
307701,418390.0,3386755.0,17,300,3,3,2585.0,9.2,504,0,5,418540,3386930,507,0,5,-82.5
307701,418390.0,3386755.0,17,300,3,3,2585.0,9.2,504,0,5,418725,3386290,510,0,5,-103.0
307701,418390.0,3386755.0,17,300,3,3,2585.0,9.2,504,0,5,418400,3386475,500,99,5,-85.5
307701,418390.0,3386755.0,17,300,3,3,2585.0,9.2,504,0,5,418175,3386870,504,0,5,-97.75
307701,418390.0,3386755.0,17,300,3,3,2585.0,9.2,504,0,5,418160,3386875,504,0,5,-97.5
307701,418390.0,3386755.0,17,300,3,3,2585.0,9.2,504,0,5,418165,3386880,504,0,5,-89.0
307701,418390.0,3386755.0,17,300,3,3,2585.0,9.2,504,0,5,418750,3386620,506,0,6,-95.5
307701,418390.0,3386755.0,17,300,3,3,2585.0,9.2,504,0,5,418720,3386630,505,6,6,-79.25
307701,418390.0,3386755.0,17,300,3,3,2585.0,9.2,504,0,5,418725,3386625,505,0,6,-82.25
307701,418390.0,3386755.0,17,300,3,3,2585.0,9.2,504,0,5,418955,3386415,516,0,14,-90.5
307701,418390.0,3386755.0,17,300,3,3,2585.0,9.2,504,0,5,418760,3386590,506,0,6,-88.0
307701,418390.0,3386755.0,17,300,3,3,2585.0,9.2,504,0,5,418910,3386460,513,0,5,-92.0
307701,418390.0,3386755.0,17,300,3,3,2585.0,9.2,504,0,5,418795,3386575,507,0,6,-89.0
307701,418390.0,3386755.0,17,300,3,3,2585.0,9.2,504,0,5,418790,3386580,507,6,7,-90.22
307701,418390.0,3386755.0,17,300,3,3,2585.0,9.2,504,0,5,418785,3386565,506,0,5,-94.21
307701,418390.0,3386755.0,17,300,3,3,2585.0,9.2,504,0,5,418780,3386570,506,0,5,-93.45
307701,418390.0,3386755.0,17,300,3,3,2585.0,9.2,504,0,5,418765,3386585,506,0,6,-87.85
307701,418390.0,3386755.0,17,300,3,3,2585.0,9.2,504,0,5,418890,3386480,511,0,5,-93.0
307701,418390.0,3386755.0,17,300,3,3,2585.0,9.2,504,0,5,418945,3386405,516,0,14,-90.5
307701,418390.0,3386755.0,17,300,3,3,2585.0,9.2,504,0,5,418745,3386605,505,0,6,-81.5
307701,418390.0,3386755.0,17,300,3,3,2585.0,9.2,504,0,5,418775,3386595,506,0,6,-89.4
307701,418390.0,3386755.0,17,300,3,3,2585.0,9.2,504,0,5,418770,3386600,506,0,6,-86.33
307701,418390.0,3386755.0,17,300,3,3,2585.0,9.2,504,0,5,418735,3386635,506,6,6,-80.0
307701,418390.0,3386755.0,17,300,3,3,2585.0,9.2,504,0,5,418755,3386615,506,0,6,-84.5
307701,418390.0,3386755.0,17,300,3,3,2585.0,9.2,504,0,5,418740,3386610,505,0,6,-80.0
307701,418390.0,3386755.0,17,300,3,3,2585.0,9.2,504,0,5,418810,3386500,508,0,5,-94.0
307701,418390.0,3386755.0,17,300,3,3,2585.0,9.2,504,0,5,418595,3386275,504,0,5,-112.0
307701,418390.0,3386755.0,17,300,3,3,2585.0,9.2,504,0,5,418865,3386545,510,0,6,-83.6
307701,418390.0,3386755.0,17,300,3,3,2585.0,9.2,504,0,5,418840,3386530,509,0,5,-92.19
307701,418390.0,3386755.0,17,300,3,3,2585.0,9.2,504,0,5,418860,3386550,510,0,6,-90.0
307701,418390.0,3386755.0,17,300,3,3,2585.0,9.2,504,0,5,418825,3386505,509,0,5,-97.0
307701,418390.0,3386755.0,17,300,3,3,2585.0,9.2,504,0,5,418845,3386525,509,0,5,-94.77
307701,418390.0,3386755.0,17,300,3,3,2585.0,9.2,504,0,5,418855,3386535,510,0,5,-92.58
307701,418390.0,3386755.0,17,300,3,3,2585.0,9.2,504,0,5,418850,3386540,509,0,6,-92.33
307701,418390.0,3386755.0,17,300,3,3,2585.0,9.2,504,0,5,418935,3386615,511,6,14,-104.75
307701,418390.0,3386755.0,17,300,3,3,2585.0,9.2,504,0,5,418830,3386520,509,0,5,-95.27
307701,418390.0,3386755.0,17,300,3,3,2585.0,9.2,504,0,5,418940,3386630,510,0,5,-110.33
307701,418390.0,3386755.0,17,300,3,3,2585.0,9.2,504,0,5,418560,3386250,503,0,5,-106.83
307701,418390.0,3386755.0,17,300,3,3,2585.0,9.2,504,0,5,418835,3386515,509,0,5,-91.5
307701,418390.0,3386755.0,17,300,3,3,2585.0,9.2,504,0,5,418805,3386485,508,0,5,-91.33
307701,418390.0,3386755.0,17,300,3,3,2585.0,9.2,504,0,5,418170,3386920,503,0,5,-90.8
307701,418390.0,3386755.0,17,300,3,3,2585.0,9.2,504,0,5,418160,3386910,504,0,5,-98.06
307701,418390.0,3386755.0,17,300,3,3,2585.0,9.2,504,0,5,418175,3386915,504,0,5,-92.56
307701,418390.0,3386755.0,17,300,3,3,2585.0,9.2,504,0,5,418195,3386895,503,0,5,-93.93
307701,418390.0,3386755.0,17,300,3,3,2585.0,9.2,504,0,5,418165,3386905,504,0,5,-98.15
307701,418390.0,3386755.0,17,300,3,3,2585.0,9.2,504,0,5,418190,3386900,503,0,5,-95.76
307701,418390.0,3386755.0,17,300,3,3,2585.0,9.2,504,0,5,418180,3386890,504,0,5,-98.5
307701,418390.0,3386755.0,17,300,3,3,2585.0,9.2,504,0,5,418185,3386885,503,0,5,-96.38
307701,418390.0,3386755.0,17,300,3,3,2585.0,9.2,504,0,5,418225,3386925,503,9,6,-92.5
307701,418390.0,3386755.0,17,300,3,3,2585.0,9.2,504,0,5,418235,3386935,503,9,6,-99.5
307701,418390.0,3386755.0,17,300,3,3,2585.0,9.2,504,0,5,418625,3387450,500,6,14,-97.0
307701,418390.0,3386755.0,17,300,3,3,2585.0,9.2,504,0,5,418630,3387455,500,6,14,-98.56
307701,418390.0,3386755.0,17,300,3,3,2585.0,9.2,504,0,5,418520,3386685,503,0,14,-84.33
307701,418390.0,3386755.0,17,300,3,3,2585.0,9.2,504,0,5,418360,3386845,503,12,6,-76.5
307701,418390.0,3386755.0,17,300,3,3,2585.0,9.2,504,0,5,418495,3386660,503,0,14,-99.25
307701,418390.0,3386755.0,17,300,3,3,2585.0,9.2,504,0,5,418525,3386690,503,0,14,-70.6
307701,418390.0,3386755.0,17,300,3,3,2585.0,9.2,504,0,5,418540,3386705,503,0,5,-71.9
307701,418390.0,3386755.0,17,300,3,3,2585.0,9.2,504,0,5,418310,3386795,503,0,14,-90.17
307701,418390.0,3386755.0,17,300,3,3,2585.0,9.2,504,0,5,418545,3386710,503,0,5,-70.82
307701,418390.0,3386755.0,17,300,3,3,2585.0,9.2,504,0,5,418335,3386820,503,0,14,-80.92
307701,418390.0,3386755.0,17,300,3,3,2585.0,9.2,504,0,5,418330,3386815,503,0,14,-83.11
307701,418390.0,3386755.0,17,300,3,3,2585.0,9.2,504,0,5,418535,3386700,503,0,14,-73.7
307701,418390.0,3386755.0,17,300,3,3,2585.0,9.2,504,0,5,418325,3386810,503,0,5,-81.93
307701,418390.0,3386755.0,17,300,3,3,2585.0,9.2,504,0,5,418555,3386720,503,0,7,-71.43
307701,418390.0,3386755.0,17,300,3,3,2585.0,9.2,504,0,5,418340,3386825,503,0,14,-80.8
307701,418390.0,3386755.0,17,300,3,3,2585.0,9.2,504,0,5,418345,3386830,503,0,5,-81.13
307701,418390.0,3386755.0,17,300,3,3,2585.0,9.2,504,0,5,418550,3386715,503,0,6,-70.45
307701,418390.0,3386755.0,17,300,3,3,2585.0,9.2,504,0,5,418315,3386800,503,0,5,-80.0
307701,418390.0,3386755.0,17,300,3,3,2585.0,9.2,504,0,5,418320,3386805,503,0,14,-80.67
307701,418390.0,3386755.0,17,300,3,3,2585.0,9.2,504,0,5,418355,3386840,503,6,5,-77.56
307701,418390.0,3386755.0,17,300,3,3,2585.0,9.2,504,0,5,418350,3386835,503,0,5,-78.59
307701,418390.0,3386755.0,17,300,3,3,2585.0,9.2,504,0,5,418530,3386695,503,0,5,-70.0
307701,418390.0,3386755.0,17,300,3,3,2585.0,9.2,504,0,5,418505,3387105,505,0,14,-100.67
307701,418390.0,3386755.0,17,300,3,3,2585.0,9.2,504,0,5,418535,3387055,507,0,6,-95.5
307701,418390.0,3386755.0,17,300,3,3,2585.0,9.2,504,0,5,418515,3387115,505,0,5,-97.33
307701,418390.0,3386755.0,17,300,3,3,2585.0,9.2,504,0,5,418530,3387060,506,0,6,-104.0
307701,418390.0,3386755.0,17,300,3,3,2585.0,9.2,504,0,5,418510,3387120,504,0,5,-103.71
307701,418390.0,3386755.0,17,300,3,3,2585.0,9.2,504,0,5,418525,3387045,507,0,5,-97.36
307701,418390.0,3386755.0,17,300,3,3,2585.0,9.2,504,0,5,418520,3387050,507,0,5,-102.0
307701,418390.0,3386755.0,17,300,3,3,2585.0,9.2,504,0,5,418040,3387550,498,0,14,-117.0
307701,418390.0,3386755.0,17,300,3,3,2585.0,9.2,504,0,5,418575,3388315,520,0,5,-107.75
307701,418390.0,3386755.0,17,300,3,3,2585.0,9.2,504,0,5,418515,3386875,506,0,5,-80.57
307701,418390.0,3386755.0,17,300,3,3,2585.0,9.2,504,0,5,418420,3386790,504,0,6,-67.97
307701,418390.0,3386755.0,17,300,3,3,2585.0,9.2,504,0,5,418405,3386765,504,0,5,-69.77
307701,418390.0,3386755.0,17,300,3,3,2585.0,9.2,504,0,5,418470,3386760,503,0,6,-69.74
307701,418390.0,3386755.0,17,300,3,3,2585.0,9.2,504,0,5,418465,3386745,503,0,5,-73.22
307701,418390.0,3386755.0,17,300,3,3,2585.0,9.2,504,0,5,418430,3386800,504,0,6,-64.95
307701,418390.0,3386755.0,17,300,3,3,2585.0,9.2,504,0,5,418460,3386750,503,0,6,-70.97
307701,418390.0,3386755.0,17,300,3,3,2585.0,9.2,504,0,5,418410,3386780,504,0,5,-69.2
307701,418390.0,3386755.0,17,300,3,3,2585.0,9.2,504,0,5,418365,3386645,503,0,6,-105.0
307701,418390.0,3386755.0,17,300,3,3,2585.0,9.2,504,0,5,418455,3386735,503,0,7,-76.0
307701,418390.0,3386755.0,17,300,3,3,2585.0,9.2,504,0,5,418415,3386775,504,0,6,-66.55
307701,418390.0,3386755.0,17,300,3,3,2585.0,9.2,504,0,5,418400,3386770,504,0,5,-70.64
307701,418390.0,3386755.0,17,300,3,3,2585.0,9.2,504,0,5,418475,3386755,503,0,6,-71.3
307701,418390.0,3386755.0,17,300,3,3,2585.0,9.2,504,0,5,418390,3386680,503,0,6,-105.33
307701,418390.0,3386755.0,17,300,3,3,2585.0,9.2,504,0,5,418425,3386785,504,0,6,-66.86
307701,418390.0,3386755.0,17,300,3,3,2585.0,9.2,504,0,5,418385,3386665,503,0,6,-91.8
307701,418390.0,3386755.0,17,300,3,3,2585.0,9.2,504,0,5,418450,3386740,503,0,7,-77.7
307701,418390.0,3386755.0,17,300,3,3,2585.0,9.2,504,0,5,418375,3386655,503,0,6,-102.33
307701,418390.0,3386755.0,17,300,3,3,2585.0,9.2,504,0,5,418445,3386725,503,0,7,-81.5
307701,418390.0,3386755.0,17,300,3,3,2585.0,9.2,504,0,5,418435,3386795,504,0,6,-64.78
307701,418390.0,3386755.0,17,300,3,3,2585.0,9.2,504,0,5,418440,3386730,503,0,7,-77.67
307701,418390.0,3386755.0,17,300,3,3,2585.0,9.2,504,0,5,418515,3387055,506,0,14,-100.0
307701,418390.0,3386755.0,17,300,3,3,2585.0,9.2,504,0,5,418280,3386795,503,0,5,-94.0
307701,418390.0,3386755.0,17,300,3,3,2585.0,9.2,504,0,5,418535,3386710,503,0,5,-70.52
307701,418390.0,3386755.0,17,300,3,3,2585.0,9.2,504,0,5,418320,3386835,502,0,14,-85.39
307701,418390.0,3386755.0,17,300,3,3,2585.0,9.2,504,0,5,418520,3386715,503,0,5,-68.8
307701,418390.0,3386755.0,17,300,3,3,2585.0,9.2,504,0,5,418530,3386705,503,0,14,-72.04
307701,418390.0,3386755.0,17,300,3,3,2585.0,9.2,504,0,5,418330,3386825,502,0,14,-80.96
307701,418390.0,3386755.0,17,300,3,3,2585.0,9.2,504,0,5,418325,3386840,502,0,14,-82.65
307701,418390.0,3386755.0,17,300,3,3,2585.0,9.2,504,0,5,418540,3386695,503,0,14,-75.68
307701,418390.0,3386755.0,17,300,3,3,2585.0,9.2,504,0,5,418555,3386690,503,0,14,-72.96
307701,418390.0,3386755.0,17,300,3,3,2585.0,9.2,504,0,5,418545,3386700,503,0,5,-72.52
307701,418390.0,3386755.0,17,300,3,3,2585.0,9.2,504,0,5,418355,3386810,503,0,14,-78.39
307701,418390.0,3386755.0,17,300,3,3,2585.0,9.2,504,0,5,418335,3386830,503,0,14,-81.22
307701,418390.0,3386755.0,17,300,3,3,2585.0,9.2,504,0,5,418525,3386720,503,0,5,-69.45
307701,418390.0,3386755.0,17,300,3,3,2585.0,9.2,504,0,5,418340,3386815,503,0,14,-80.92
307701,418390.0,3386755.0,17,300,3,3,2585.0,9.2,504,0,5,418350,3386805,503,0,14,-80.71
307701,418390.0,3386755.0,17,300,3,3,2585.0,9.2,504,0,5,418550,3386685,503,0,5,-73.89
307701,418390.0,3386755.0,17,300,3,3,2585.0,9.2,504,0,5,418345,3386820,503,0,14,-80.53
307701,418390.0,3386755.0,17,300,3,3,2585.0,9.2,504,0,5,418475,3388480,520,0,5,-121.67
307701,418390.0,3386755.0,17,300,3,3,2585.0,9.2,504,0,5,418185,3386920,503,0,5,-86.75
307701,418390.0,3386755.0,17,300,3,3,2585.0,9.2,504,0,5,418190,3386905,503,0,5,-89.5
307701,418390.0,3386755.0,17,300,3,3,2585.0,9.2,504,0,5,418160,3386895,504,0,5,-96.8
307701,418390.0,3386755.0,17,300,3,3,2585.0,9.2,504,0,5,418165,3386900,504,0,5,-96.32
307701,418390.0,3386755.0,17,300,3,3,2585.0,9.2,504,0,5,418170,3386885,504,0,5,-95.5
307701,418390.0,3386755.0,17,300,3,3,2585.0,9.2,504,0,5,418145,3387040,500,0,5,-99.0
307701,418390.0,3386755.0,17,300,3,3,2585.0,9.2,504,0,5,418180,3386915,503,0,5,-85.5
307701,418390.0,3386755.0,17,300,3,3,2585.0,9.2,504,0,5,418175,3386890,504,0,5,-95.38
307701,418390.0,3386755.0,17,300,3,3,2585.0,9.2,504,0,5,418195,3386910,503,0,5,-90.3
307701,418390.0,3386755.0,17,300,3,3,2585.0,9.2,504,0,5,418630,3387440,500,6,14,-95.33
307701,418390.0,3386755.0,17,300,3,3,2585.0,9.2,504,0,5,418660,3386400,506,0,5,-92.5
307701,418390.0,3386755.0,17,300,3,3,2585.0,9.2,504,0,5,418825,3386555,508,0,6,-91.26
307701,418390.0,3386755.0,17,300,3,3,2585.0,9.2,504,0,5,418805,3386535,508,0,5,-94.45
307701,418390.0,3386755.0,17,300,3,3,2585.0,9.2,504,0,5,418810,3386530,508,0,5,-95.48
307701,418390.0,3386755.0,17,300,3,3,2585.0,9.2,504,0,5,418875,3386505,511,0,5,-93.73
307701,418390.0,3386755.0,17,300,3,3,2585.0,9.2,504,0,5,418830,3386550,508,0,5,-92.05
307701,418390.0,3386755.0,17,300,3,3,2585.0,9.2,504,0,5,418865,3386515,510,0,5,-96.0
307701,418390.0,3386755.0,17,300,3,3,2585.0,9.2,504,0,5,418845,3386495,510,0,5,-97.33
307701,418390.0,3386755.0,17,300,3,3,2585.0,9.2,504,0,5,418835,3386545,509,0,5,-91.93
307701,418390.0,3386755.0,17,300,3,3,2585.0,9.2,504,0,5,418800,3386540,507,0,5,-94.4
307701,418390.0,3386755.0,17,300,3,3,2585.0,9.2,504,0,5,418870,3386510,510,0,5,-94.92
307701,418390.0,3386755.0,17,300,3,3,2585.0,9.2,504,0,5,418860,3386520,510,0,5,-94.22
307701,418390.0,3386755.0,17,300,3,3,2585.0,9.2,504,0,5,418820,3386560,508,0,6,-91.9
307701,418390.0,3386755.0,17,300,3,3,2585.0,9.2,504,0,5,418815,3386525,508,0,5,-93.82
307701,418390.0,3386755.0,17,300,3,3,2585.0,9.2,504,0,5,418850,3386490,510,0,5,-93.0
307701,418390.0,3386755.0,17,300,3,3,2585.0,9.2,504,0,5,418720,3386480,505,0,5,-94.0
307701,418390.0,3386755.0,17,300,3,3,2585.0,9.2,504,0,5,418815,3386545,508,0,5,-94.0
307701,418390.0,3386755.0,17,300,3,3,2585.0,9.2,504,0,5,418825,3386535,508,0,5,-94.54
307701,418390.0,3386755.0,17,300,3,3,2585.0,9.2,504,0,5,418820,3386540,508,0,5,-94.27
307701,418390.0,3386755.0,17,300,3,3,2585.0,9.2,504,0,5,418855,3386505,510,0,5,-95.6
307701,418390.0,3386755.0,17,300,3,3,2585.0,9.2,504,0,5,418840,3386520,509,0,5,-96.28
307701,418390.0,3386755.0,17,300,3,3,2585.0,9.2,504,0,5,418830,3386530,509,0,5,-94.26
307701,418390.0,3386755.0,17,300,3,3,2585.0,9.2,504,0,5,418850,3386510,510,0,5,-98.67
307701,418390.0,3386755.0,17,300,3,3,2585.0,9.2,504,0,5,418865,3386495,511,0,5,-92.75
307701,418390.0,3386755.0,17,300,3,3,2585.0,9.2,504,0,5,418835,3386525,509,0,5,-98.45
307701,418390.0,3386755.0,17,300,3,3,2585.0,9.2,504,0,5,418810,3386550,507,0,5,-93.19
307701,418390.0,3386755.0,17,300,3,3,2585.0,9.2,504,0,5,418845,3386515,510,0,5,-97.42
307701,418390.0,3386755.0,17,300,3,3,2585.0,9.2,504,0,5,418870,3386490,511,0,5,-95.67
307701,418390.0,3386755.0,17,300,3,3,2585.0,9.2,504,0,5,418805,3386555,507,0,5,-92.93
307701,418390.0,3386755.0,17,300,3,3,2585.0,9.2,504,0,5,418860,3386500,510,0,5,-97.17
307701,418390.0,3386755.0,17,300,3,3,2585.0,9.2,504,0,5,418800,3386560,507,0,5,-91.9
307701,418390.0,3386755.0,17,300,3,3,2585.0,9.2,504,0,5,418725,3386475,505,0,5,-97.5
307701,418390.0,3386755.0,17,300,3,3,2585.0,9.2,504,0,5,418180,3386920,503,0,5,-98.67
307701,418390.0,3386755.0,17,300,3,3,2585.0,9.2,504,0,5,418160,3386900,504,0,5,-96.38
307701,418390.0,3386755.0,17,300,3,3,2585.0,9.2,504,0,5,418165,3386895,504,0,5,-98.1
307701,418390.0,3386755.0,17,300,3,3,2585.0,9.2,504,0,5,418190,3386910,503,0,5,-90.17
307701,418390.0,3386755.0,17,300,3,3,2585.0,9.2,504,0,5,418170,3386890,504,0,5,-96.75
307701,418390.0,3386755.0,17,300,3,3,2585.0,9.2,504,0,5,418195,3386905,503,0,5,-94.0
307701,418390.0,3386755.0,17,300,3,3,2585.0,9.2,504,0,5,418175,3386885,504,0,5,-96.33
307701,418390.0,3386755.0,17,300,3,3,2585.0,9.2,504,0,5,418185,3386915,503,0,5,-85.0
307701,418390.0,3386755.0,17,300,3,3,2585.0,9.2,504,0,5,418700,3386490,505,0,5,-102.0
307701,418390.0,3386755.0,17,300,3,3,2585.0,9.2,504,0,5,418715,3386495,505,0,5,-91.08
307701,418390.0,3386755.0,17,300,3,3,2585.0,9.2,504,0,5,418710,3386500,505,0,5,-91.67
307701,418390.0,3386755.0,17,300,3,3,2585.0,9.2,504,0,5,418705,3386485,505,0,5,-96.25
307701,418390.0,3386755.0,17,300,3,3,2585.0,9.2,504,0,5,418135,3386940,503,0,6,-91.0
307701,418390.0,3386755.0,17,300,3,3,2585.0,9.2,504,0,5,418420,3387225,501,0,14,-88.18
307701,418390.0,3386755.0,17,300,3,3,2585.0,9.2,504,0,5,418125,3386930,503,0,5,-96.0
307701,418390.0,3386755.0,17,300,3,3,2585.0,9.2,504,0,5,418120,3386925,503,0,5,-102.45
307701,418390.0,3386755.0,17,300,3,3,2585.0,9.2,504,0,5,418130,3386935,503,0,5,-93.6
307701,418390.0,3386755.0,17,300,3,3,2585.0,9.2,504,0,5,418115,3386920,504,0,5,-101.14
307701,418390.0,3386755.0,17,300,3,3,2585.0,9.2,504,0,5,418370,3387495,502,0,5,-109.5
307701,418390.0,3386755.0,17,300,3,3,2585.0,9.2,504,0,5,418405,3387210,502,0,14,-91.5
307701,418390.0,3386755.0,17,300,3,3,2585.0,9.2,504,0,5,418050,3386970,502,6,6,-98.0
307701,418390.0,3386755.0,17,300,3,3,2585.0,9.2,504,0,5,418615,3388805,519,15,5,-108.25
307701,418390.0,3386755.0,17,300,3,3,2585.0,9.2,504,0,5,418515,3386890,506,0,5,-85.5
307701,418390.0,3386755.0,17,300,3,3,2585.0,9.2,504,0,5,418010,3387385,498,0,14,-100.5
307701,418390.0,3386755.0,17,300,3,3,2585.0,9.2,504,0,5,418025,3387380,497,0,14,-97.0
307701,418390.0,3386755.0,17,300,3,3,2585.0,9.2,504,0,5,418535,3386950,508,0,5,-89.28
307701,418390.0,3386755.0,17,300,3,3,2585.0,9.2,504,0,5,418530,3386945,507,0,5,-90.35
307701,418390.0,3386755.0,17,300,3,3,2585.0,9.2,504,0,5,418540,3386935,507,0,5,-87.43
307701,418390.0,3386755.0,17,300,3,3,2585.0,9.2,504,0,5,418525,3386960,507,6,6,-92.29
307701,418390.0,3386755.0,17,300,3,3,2585.0,9.2,504,0,5,418350,3386765,504,9,14,-77.67
307701,418390.0,3386755.0,17,300,3,3,2585.0,9.2,504,0,5,418310,3386805,503,0,14,-80.0
307701,418390.0,3386755.0,17,300,3,3,2585.0,9.2,504,0,5,418345,3386780,504,0,5,-94.67
307701,418390.0,3386755.0,17,300,3,3,2585.0,9.2,504,0,5,418365,3386760,504,9,5,-80.33
307701,418390.0,3386755.0,17,300,3,3,2585.0,9.2,504,0,5,418435,3386690,503,0,7,-79.0
307701,418390.0,3386755.0,17,300,3,3,2585.0,9.2,504,0,5,418325,3386800,503,0,14,-80.8
307701,418390.0,3386755.0,17,300,3,3,2585.0,9.2,504,0,5,418295,3386830,502,0,5,-85.71
307701,418390.0,3386755.0,17,300,3,3,2585.0,9.2,504,0,5,418420,3386695,503,0,7,-80.0
307701,418390.0,3386755.0,17,300,3,3,2585.0,9.2,504,0,5,418290,3386825,502,0,5,-87.75
307701,418390.0,3386755.0,17,300,3,3,2585.0,9.2,504,0,5,418260,3386855,503,0,5,-87.5
307701,418390.0,3386755.0,17,300,3,3,2585.0,9.2,504,0,5,418240,3386875,503,0,5,-87.84
307701,418390.0,3386755.0,17,300,3,3,2585.0,9.2,504,0,5,418270,3386845,502,0,5,-86.16
307701,418390.0,3386755.0,17,300,3,3,2585.0,9.2,504,0,5,418330,3386785,504,0,5,-79.29
307701,418390.0,3386755.0,17,300,3,3,2585.0,9.2,504,0,5,418315,3386810,503,0,14,-81.0
307701,418390.0,3386755.0,17,300,3,3,2585.0,9.2,504,0,5,418255,3386870,503,0,5,-87.62
307701,418390.0,3386755.0,17,300,3,3,2585.0,9.2,504,0,5,418265,3386860,503,0,5,-88.41
307701,418390.0,3386755.0,17,300,3,3,2585.0,9.2,504,0,5,418425,3386700,503,0,7,-84.0
307701,418390.0,3386755.0,17,300,3,3,2585.0,9.2,504,0,5,418245,3386880,503,0,5,-88.03
307701,418390.0,3386755.0,17,300,3,3,2585.0,9.2,504,0,5,418275,3386850,502,0,5,-88.05
307701,418390.0,3386755.0,17,300,3,3,2585.0,9.2,504,0,5,418250,3386865,503,0,5,-88.32
307701,418390.0,3386755.0,17,300,3,3,2585.0,9.2,504,0,5,418415,3386710,503,0,6,-87.4
307701,418390.0,3386755.0,17,300,3,3,2585.0,9.2,504,0,5,418320,3386795,503,0,14,-83.25
307701,418390.0,3386755.0,17,300,3,3,2585.0,9.2,504,0,5,418305,3386820,502,0,5,-80.64
307701,418390.0,3386755.0,17,300,3,3,2585.0,9.2,504,0,5,418280,3386835,502,0,5,-89.45
307701,418390.0,3386755.0,17,300,3,3,2585.0,9.2,504,0,5,418285,3386840,502,0,5,-85.79
307701,418390.0,3386755.0,17,300,3,3,2585.0,9.2,504,0,5,418335,3386790,503,0,14,-80.5
307701,418390.0,3386755.0,17,300,3,3,2585.0,9.2,504,0,5,418370,3386745,504,5,5,-79.0
307701,418390.0,3386755.0,17,300,3,3,2585.0,9.2,504,0,5,418300,3386815,503,0,5,-85.55
307701,418390.0,3386755.0,17,300,3,3,2585.0,9.2,504,0,5,418410,3386705,503,0,6,-84.25
307701,418390.0,3386755.0,17,300,3,3,2585.0,9.2,504,0,5,418355,3386770,504,0,5,-79.5
307701,418390.0,3386755.0,17,300,3,3,2585.0,9.2,504,0,5,418385,3386740,504,9,5,-81.0
307701,418390.0,3386755.0,17,300,3,3,2585.0,9.2,504,0,5,417880,3386760,499,0,5,-104.0
307701,418390.0,3386755.0,17,300,3,3,2585.0,9.2,504,0,5,418495,3387150,504,0,5,-100.0
307701,418390.0,3386755.0,17,300,3,3,2585.0,9.2,504,0,5,418065,3387340,496,6,5,-108.67
307701,418390.0,3386755.0,17,300,3,3,2585.0,9.2,504,0,5,418510,3387125,504,0,5,-102.0
307701,418390.0,3386755.0,17,300,3,3,2585.0,9.2,504,0,5,418270,3386885,502,0,5,-87.67
307701,418390.0,3386755.0,17,300,3,3,2585.0,9.2,504,0,5,418520,3386755,503,0,6,-62.0
307701,418390.0,3386755.0,17,300,3,3,2585.0,9.2,504,0,5,418530,3386745,503,0,6,-64.33
307701,418390.0,3386755.0,17,300,3,3,2585.0,9.2,504,0,5,418375,3386590,501,0,6,-96.0
307701,418390.0,3386755.0,17,300,3,3,2585.0,9.2,504,0,5,418475,3386810,505,0,6,-61.3
307701,418390.0,3386755.0,17,300,3,3,2585.0,9.2,504,0,5,418360,3386595,501,0,6,-100.0
307701,418390.0,3386755.0,17,300,3,3,2585.0,9.2,504,0,5,418355,3386610,502,0,6,-101.75
307701,418390.0,3386755.0,17,300,3,3,2585.0,9.2,504,0,5,418555,3386730,503,5,6,-63.8
307701,418390.0,3386755.0,17,300,3,3,2585.0,9.2,504,0,5,418480,3386795,504,0,6,-61.74
307701,418390.0,3386755.0,17,300,3,3,2585.0,9.2,504,0,5,418485,3386800,505,0,6,-63.52
307701,418390.0,3386755.0,17,300,3,3,2585.0,9.2,504,0,5,418470,3386805,505,0,6,-62.53
307701,418390.0,3386755.0,17,300,3,3,2585.0,9.2,504,0,5,418540,3386735,503,0,6,-66.38
307701,418390.0,3386755.0,17,300,3,3,2585.0,9.2,504,0,5,418550,3386725,503,0,6,-67.8
307701,418390.0,3386755.0,17,300,3,3,2585.0,9.2,504,0,5,418500,3386775,504,0,6,-62.33
307701,418390.0,3386755.0,17,300,3,3,2585.0,9.2,504,0,5,418490,3386785,504,0,6,-63.6
307701,418390.0,3386755.0,17,300,3,3,2585.0,9.2,504,0,5,418350,3386605,502,0,6,-99.6
307701,418390.0,3386755.0,17,300,3,3,2585.0,9.2,504,0,5,418465,3386820,505,0,6,-78.0
307701,418390.0,3386755.0,17,300,3,3,2585.0,9.2,504,0,5,418545,3386740,503,0,6,-69.0
307701,418390.0,3386755.0,17,300,3,3,2585.0,9.2,504,0,5,418550,3387545,502,0,5,-106.0
307701,418390.0,3386755.0,17,300,3,3,2585.0,9.2,504,0,5,418545,3387560,502,0,14,-111.33
307701,418390.0,3386755.0,17,300,3,3,2585.0,9.2,504,0,5,418070,3386955,502,0,5,-96.2
307701,418390.0,3386755.0,17,300,3,3,2585.0,9.2,504,0,5,418060,3386945,503,0,5,-98.5
307701,418390.0,3386755.0,17,300,3,3,2585.0,9.2,504,0,5,418010,3386895,502,5,5,-94.86
307701,418390.0,3386755.0,17,300,3,3,2585.0,9.2,504,0,5,418000,3386885,501,0,5,-96.5
307701,418390.0,3386755.0,17,300,3,3,2585.0,9.2,504,0,5,418685,3388390,518,0,5,-117.5
307701,418390.0,3386755.0,17,300,3,3,2585.0,9.2,504,0,5,418025,3387690,504,6,5,-91.75
307701,418390.0,3386755.0,17,300,3,3,2585.0,9.2,504,0,5,418035,3387700,504,0,12,-99.57
307701,418390.0,3386755.0,17,300,3,3,2585.0,9.2,504,0,5,418030,3387695,504,0,12,-97.13
307701,418390.0,3386755.0,17,300,3,3,2585.0,9.2,504,0,5,418080,3387625,501,0,14,-109.5
307701,418390.0,3386755.0,17,300,3,3,2585.0,9.2,504,0,5,418195,3386920,503,0,6,-87.0
307701,418390.0,3386755.0,17,300,3,3,2585.0,9.2,504,0,5,418185,3386910,503,0,5,-91.57
307701,418390.0,3386755.0,17,300,3,3,2585.0,9.2,504,0,5,418175,3386900,504,0,5,-95.88
307701,418390.0,3386755.0,17,300,3,3,2585.0,9.2,504,0,5,418165,3386890,504,0,5,-97.65
307701,418390.0,3386755.0,17,300,3,3,2585.0,9.2,504,0,5,418180,3386905,504,0,5,-96.81
307701,418390.0,3386755.0,17,300,3,3,2585.0,9.2,504,0,5,418170,3386895,504,0,5,-97.42
307701,418390.0,3386755.0,17,300,3,3,2585.0,9.2,504,0,5,418160,3386885,504,0,5,-95.5
307701,418390.0,3386755.0,17,300,3,3,2585.0,9.2,504,0,5,418190,3386915,503,0,5,-90.25
307701,418390.0,3386755.0,17,300,3,3,2585.0,9.2,504,0,5,418495,3386795,504,0,6,-61.0
307701,418390.0,3386755.0,17,300,3,3,2585.0,9.2,504,0,5,418555,3386735,503,0,6,-74.8
307701,418390.0,3386755.0,17,300,3,3,2585.0,9.2,504,0,5,418520,3386750,503,0,6,-67.38
307701,418390.0,3386755.0,17,300,3,3,2585.0,9.2,504,0,5,418545,3386725,503,0,7,-70.97
307701,418390.0,3386755.0,17,300,3,3,2585.0,9.2,504,0,5,418345,3386605,502,0,6,-96.25
307701,418390.0,3386755.0,17,300,3,3,2585.0,9.2,504,0,5,418465,3386805,505,9,6,-64.93
307701,418390.0,3386755.0,17,300,3,3,2585.0,9.2,504,0,5,418485,3386785,504,0,6,-63.73
307701,418390.0,3386755.0,17,300,3,3,2585.0,9.2,504,0,5,418505,3386765,503,0,6,-65.7
307701,418390.0,3386755.0,17,300,3,3,2585.0,9.2,504,0,5,418355,3386615,502,0,6,-94.67
307701,418390.0,3386755.0,17,300,3,3,2585.0,9.2,504,0,5,418500,3386770,503,0,6,-63.75
307701,418390.0,3386755.0,17,300,3,3,2585.0,9.2,504,0,5,418475,3386815,505,0,6,-62.56
307701,418390.0,3386755.0,17,300,3,3,2585.0,9.2,504,0,5,418540,3386730,503,0,6,-68.63
307701,418390.0,3386755.0,17,300,3,3,2585.0,9.2,504,0,5,418375,3386595,501,0,6,-98.33
307701,418390.0,3386755.0,17,300,3,3,2585.0,9.2,504,0,5,418460,3386810,505,9,6,-60.33
307701,418390.0,3386755.0,17,300,3,3,2585.0,9.2,504,0,5,418525,3386745,503,0,6,-69.17
307701,418390.0,3386755.0,17,300,3,3,2585.0,9.2,504,0,5,418480,3386790,504,0,6,-62.47
307701,418390.0,3386755.0,17,300,3,3,2585.0,9.2,504,0,5,418490,3386800,505,0,6,-63.0
307701,418390.0,3386755.0,17,300,3,3,2585.0,9.2,504,0,5,418735,3386565,505,0,6,-95.0
307701,418390.0,3386755.0,17,300,3,3,2585.0,9.2,504,0,5,418765,3386615,506,0,6,-85.5
307701,418390.0,3386755.0,17,300,3,3,2585.0,9.2,504,0,5,418950,3386470,514,0,6,-92.5
307701,418390.0,3386755.0,17,300,3,3,2585.0,9.2,504,0,5,418740,3386600,505,0,6,-88.04
307701,418390.0,3386755.0,17,300,3,3,2585.0,9.2,504,0,5,418745,3386595,505,0,6,-89.11
307701,418390.0,3386755.0,17,300,3,3,2585.0,9.2,504,0,5,418955,3386465,514,0,6,-93.0
307701,418390.0,3386755.0,17,300,3,3,2585.0,9.2,504,0,5,418940,3386480,513,0,6,-92.29
307701,418390.0,3386755.0,17,300,3,3,2585.0,9.2,504,0,5,418750,3386590,505,0,6,-90.28
307701,418390.0,3386755.0,17,300,3,3,2585.0,9.2,504,0,5,418720,3386580,505,0,5,-89.33
307701,418390.0,3386755.0,17,300,3,3,2585.0,9.2,504,0,5,418725,3386575,505,0,5,-84.67
307701,418390.0,3386755.0,17,300,3,3,2585.0,9.2,504,0,5,418930,3386450,514,0,6,-97.0
307701,418390.0,3386755.0,17,300,3,3,2585.0,9.2,504,0,5,418755,3386585,506,0,6,-88.31
307701,418390.0,3386755.0,17,300,3,3,2585.0,9.2,504,0,5,418945,3386475,513,0,6,-95.57
307701,418390.0,3386755.0,17,300,3,3,2585.0,9.2,504,0,5,418760,3386620,506,0,6,-89.0
307701,418390.0,3386755.0,17,300,3,3,2585.0,9.2,504,0,5,418670,3386830,503,6,7,-77.5
307701,418390.0,3386755.0,17,300,3,3,2585.0,9.2,504,0,5,418385,3386755,504,0,5,-76.33
307701,418390.0,3386755.0,17,300,3,3,2585.0,9.2,504,0,5,418390,3386750,504,0,5,-82.0
307701,418390.0,3386755.0,17,300,3,3,2585.0,9.2,504,0,5,418260,3386880,503,0,5,-86.29
307701,418390.0,3386755.0,17,300,3,3,2585.0,9.2,504,0,5,418245,3386855,503,0,5,-93.38
307701,418390.0,3386755.0,17,300,3,3,2585.0,9.2,504,0,5,418265,3386875,503,0,5,-89.88
307701,418390.0,3386755.0,17,300,3,3,2585.0,9.2,504,0,5,418270,3386870,502,0,5,-88.87
307701,418390.0,3386755.0,17,300,3,3,2585.0,9.2,504,0,5,418305,3386835,502,0,5,-85.73
307701,418390.0,3386755.0,17,300,3,3,2585.0,9.2,504,0,5,418380,3386760,504,0,5,-77.67
307701,418390.0,3386755.0,17,300,3,3,2585.0,9.2,504,0,5,418310,3386830,502,0,5,-82.76
307701,418390.0,3386755.0,17,300,3,3,2585.0,9.2,504,0,5,418430,3386710,503,0,7,-82.92
307701,418390.0,3386755.0,17,300,3,3,2585.0,9.2,504,0,5,418410,3386690,503,0,5,-98.0
307701,418390.0,3386755.0,17,300,3,3,2585.0,9.2,504,0,5,418355,3386785,504,0,5,-81.36
307701,418390.0,3386755.0,17,300,3,3,2585.0,9.2,504,0,5,418425,3386715,503,0,5,-78.67
307701,418390.0,3386755.0,17,300,3,3,2585.0,9.2,504,0,5,418340,3386800,503,0,14,-79.89
307701,418390.0,3386755.0,17,300,3,3,2585.0,9.2,504,0,5,418420,3386720,503,0,6,-83.17
307701,418390.0,3386755.0,17,300,3,3,2585.0,9.2,504,0,5,418435,3386705,503,0,7,-80.75
307701,418390.0,3386755.0,17,300,3,3,2585.0,9.2,504,0,5,418350,3386790,504,0,5,-80.56
307701,418390.0,3386755.0,17,300,3,3,2585.0,9.2,504,0,5,418250,3386850,503,0,5,-91.05
307701,418390.0,3386755.0,17,300,3,3,2585.0,9.2,504,0,5,418315,3386825,502,0,5,-80.76
307701,418390.0,3386755.0,17,300,3,3,2585.0,9.2,504,0,5,418275,3386865,502,0,5,-87.85
307701,418390.0,3386755.0,17,300,3,3,2585.0,9.2,504,0,5,418345,3386795,503,0,5,-81.42
307701,418390.0,3386755.0,17,300,3,3,2585.0,9.2,504,0,5,418300,3386840,502,0,5,-84.97
307701,418390.0,3386755.0,17,300,3,3,2585.0,9.2,504,0,5,418415,3386685,503,0,7,-85.0
307701,418390.0,3386755.0,17,300,3,3,2585.0,9.2,504,0,5,418255,3386845,503,0,5,-87.44
307701,418390.0,3386755.0,17,300,3,3,2585.0,9.2,504,0,5,418240,3386860,503,0,5,-93.96
307701,418390.0,3386755.0,17,300,3,3,2585.0,9.2,504,0,5,418840,3386490,510,0,5,-94.33
307701,418390.0,3386755.0,17,300,3,3,2585.0,9.2,504,0,5,418870,3386520,510,0,5,-93.57
307701,418390.0,3386755.0,17,300,3,3,2585.0,9.2,504,0,5,418845,3386485,510,0,5,-94.67
307701,418390.0,3386755.0,17,300,3,3,2585.0,9.2,504,0,5,418860,3386510,510,0,5,-96.45
307701,418390.0,3386755.0,17,300,3,3,2585.0,9.2,504,0,5,418865,3386505,510,0,5,-95.57
307701,418390.0,3386755.0,17,300,3,3,2585.0,9.2,504,0,5,418815,3386535,508,0,5,-94.89
307701,418390.0,3386755.0,17,300,3,3,2585.0,9.2,504,0,5,418805,3386525,508,0,5,-95.14
307701,418390.0,3386755.0,17,300,3,3,2585.0,9.2,504,0,5,418830,3386560,508,0,6,-88.75
307701,418390.0,3386755.0,17,300,3,3,2585.0,9.2,504,0,5,418820,3386550,508,0,5,-92.56
307701,418390.0,3386755.0,17,300,3,3,2585.0,9.2,504,0,5,418850,3386500,510,0,5,-93.75
307701,418390.0,3386755.0,17,300,3,3,2585.0,9.2,504,0,5,418875,3386515,511,0,5,-92.37
307701,418390.0,3386755.0,17,300,3,3,2585.0,9.2,504,0,5,418825,3386545,508,0,5,-93.7
307701,418390.0,3386755.0,17,300,3,3,2585.0,9.2,504,0,5,418835,3386555,508,0,6,-91.58
307701,418390.0,3386755.0,17,300,3,3,2585.0,9.2,504,0,5,418855,3386495,510,0,5,-100.25
307701,418390.0,3386755.0,17,300,3,3,2585.0,9.2,504,0,5,418810,3386540,508,0,5,-94.72
307701,418390.0,3386755.0,17,300,3,3,2585.0,9.2,504,0,5,418800,3386530,507,0,5,-89.75
307701,418390.0,3386755.0,17,300,3,3,2585.0,9.2,504,0,5,418490,3387175,504,0,14,-101.33
307701,418390.0,3386755.0,17,300,3,3,2585.0,9.2,504,0,5,418120,3386945,502,0,6,-90.5
307701,418390.0,3386755.0,17,300,3,3,2585.0,9.2,504,0,5,418150,3386935,503,0,5,-91.0
307701,418390.0,3386755.0,17,300,3,3,2585.0,9.2,504,0,5,418090,3386915,504,0,5,-94.0
307701,418390.0,3386755.0,17,300,3,3,2585.0,9.2,504,0,5,418140,3386925,503,0,5,-95.75
307701,418390.0,3386755.0,17,300,3,3,2585.0,9.2,504,0,5,418415,3387240,501,0,14,-90.74
307701,418390.0,3386755.0,17,300,3,3,2585.0,9.2,504,0,5,417995,3387385,497,0,14,-104.0
307701,418390.0,3386755.0,17,300,3,3,2585.0,9.2,504,0,5,417960,3387380,497,0,5,-108.0
307701,418390.0,3386755.0,17,300,3,3,2585.0,9.2,504,0,5,417990,3387390,498,0,5,-99.67
307701,418390.0,3386755.0,17,300,3,3,2585.0,9.2,504,0,5,418545,3386995,509,0,6,-94.33
307701,418390.0,3386755.0,17,300,3,3,2585.0,9.2,504,0,5,418540,3387000,509,0,6,-95.78
307701,418390.0,3386755.0,17,300,3,3,2585.0,9.2,504,0,5,418530,3386970,508,0,6,-92.25
307701,418390.0,3386755.0,17,300,3,3,2585.0,9.2,504,0,5,418535,3386965,508,0,5,-93.59
307701,418390.0,3386755.0,17,300,3,3,2585.0,9.2,504,0,5,418525,3386975,508,0,5,-97.0
307701,418390.0,3386755.0,17,300,3,3,2585.0,9.2,504,0,5,418810,3388305,516,0,14,-98.5
307701,418390.0,3386755.0,17,300,3,3,2585.0,9.2,504,0,5,418750,3388205,519,0,5,-111.33
307701,418390.0,3386755.0,17,300,3,3,2585.0,9.2,504,0,5,418520,3387100,505,0,5,-102.67
307701,418390.0,3386755.0,17,300,3,3,2585.0,9.2,504,0,5,418520,3386880,506,0,5,-82.33
307701,418390.0,3386755.0,17,300,3,3,2585.0,9.2,504,0,5,418430,3386730,503,0,6,-78.89
307701,418390.0,3386755.0,17,300,3,3,2585.0,9.2,504,0,5,418435,3386725,503,0,5,-81.63
307701,418390.0,3386755.0,17,300,3,3,2585.0,9.2,504,0,5,418495,3386825,506,0,5,-62.72
307701,418390.0,3386755.0,17,300,3,3,2585.0,9.2,504,0,5,418445,3386795,504,0,6,-64.37
307701,418390.0,3386755.0,17,300,3,3,2585.0,9.2,504,0,5,418525,3386875,506,0,5,-80.5
307701,418390.0,3386755.0,17,300,3,3,2585.0,9.2,504,0,5,418500,3386820,506,0,5,-59.0
307701,418390.0,3386755.0,17,300,3,3,2585.0,9.2,504,0,5,418405,3386755,504,0,6,-68.9
307701,418390.0,3386755.0,17,300,3,3,2585.0,9.2,504,0,5,418425,3386735,503,0,6,-82.0
307701,418390.0,3386755.0,17,300,3,3,2585.0,9.2,504,0,5,418420,3386740,504,0,6,-77.96
307701,418390.0,3386755.0,17,300,3,3,2585.0,9.2,504,0,5,418415,3386745,504,0,7,-75.94
307701,418390.0,3386755.0,17,300,3,3,2585.0,9.2,504,0,5,418455,3386785,504,0,6,-64.31
307701,418390.0,3386755.0,17,300,3,3,2585.0,9.2,504,0,5,418470,3386770,503,0,6,-64.15
307701,418390.0,3386755.0,17,300,3,3,2585.0,9.2,504,0,5,418395,3386685,503,0,6,-88.0
307701,418390.0,3386755.0,17,300,3,3,2585.0,9.2,504,0,5,418460,3386780,504,0,6,-67.0
307701,418390.0,3386755.0,17,300,3,3,2585.0,9.2,504,0,5,418450,3386790,504,9,6,-64.14
307701,418390.0,3386755.0,17,300,3,3,2585.0,9.2,504,0,5,418410,3386750,504,0,6,-68.83
307701,418390.0,3386755.0,17,300,3,3,2585.0,9.2,504,0,5,418465,3386775,504,0,6,-65.5
307701,418390.0,3386755.0,17,300,3,3,2585.0,9.2,504,0,5,418490,3386830,506,0,5,-65.59
307701,418390.0,3386755.0,17,300,3,3,2585.0,9.2,504,0,5,418480,3386840,506,0,5,-76.33
307701,418390.0,3386755.0,17,300,3,3,2585.0,9.2,504,0,5,418440,3386800,504,0,6,-64.0
307701,418390.0,3386755.0,17,300,3,3,2585.0,9.2,504,0,5,418475,3386765,503,0,6,-68.55
307701,418390.0,3386755.0,17,300,3,3,2585.0,9.2,504,0,5,418400,3386760,504,0,5,-70.04
307701,418390.0,3386755.0,17,300,3,3,2585.0,9.2,504,0,5,418485,3386835,506,6,5,-67.78
307701,418390.0,3386755.0,17,300,3,3,2585.0,9.2,504,0,5,418720,3387460,503,24,12,-111.0
307701,418390.0,3386755.0,17,300,3,3,2585.0,9.2,504,0,5,418225,3386845,503,0,5,-93.0
307701,418390.0,3386755.0,17,300,3,3,2585.0,9.2,504,0,5,418200,3386870,503,0,5,-95.5
307701,418390.0,3386755.0,17,300,3,3,2585.0,9.2,504,0,5,418220,3386850,503,0,5,-89.86
307701,418390.0,3386755.0,17,300,3,3,2585.0,9.2,504,0,5,418210,3386880,503,0,5,-92.95
307701,418390.0,3386755.0,17,300,3,3,2585.0,9.2,504,0,5,418230,3386860,503,0,5,-92.5
307701,418390.0,3386755.0,17,300,3,3,2585.0,9.2,504,0,5,418205,3386865,503,0,5,-94.1
307701,418390.0,3386755.0,17,300,3,3,2585.0,9.2,504,0,5,418215,3386875,503,0,5,-94.43
307701,418390.0,3386755.0,17,300,3,3,2585.0,9.2,504,0,5,418235,3386855,503,0,5,-94.0
307701,418390.0,3386755.0,17,300,3,3,2585.0,9.2,504,0,5,418180,3386880,504,0,5,-96.89
307701,418390.0,3386755.0,17,300,3,3,2585.0,9.2,504,0,5,418435,3386465,503,0,5,-104.5
307701,418390.0,3386755.0,17,300,3,3,2585.0,9.2,504,0,5,418185,3386875,503,0,5,-98.63
307701,418390.0,3386755.0,17,300,3,3,2585.0,9.2,504,0,5,418190,3386870,503,0,5,-94.5
307701,418390.0,3386755.0,17,300,3,3,2585.0,9.2,504,0,5,418445,3386415,504,0,5,-106.5
307701,418390.0,3386755.0,17,300,3,3,2585.0,9.2,504,0,5,418195,3386865,503,0,5,-92.43
307701,418390.0,3386755.0,17,300,3,3,2585.0,9.2,504,0,5,418230,3386865,503,0,5,-94.08
307701,418390.0,3386755.0,17,300,3,3,2585.0,9.2,504,0,5,418225,3386880,503,0,5,-89.64
307701,418390.0,3386755.0,17,300,3,3,2585.0,9.2,504,0,5,418235,3386870,503,0,5,-90.86
307701,418390.0,3386755.0,17,300,3,3,2585.0,9.2,504,0,5,418220,3386875,503,0,5,-91.09
307701,418390.0,3386755.0,17,300,3,3,2585.0,9.2,504,0,5,418205,3386860,503,0,5,-90.67
307701,418390.0,3386755.0,17,300,3,3,2585.0,9.2,504,0,5,418015,3386965,501,0,5,-99.5
307701,418390.0,3386755.0,17,300,3,3,2585.0,9.2,504,0,5,418555,3387490,500,0,5,-109.0
307701,418390.0,3386755.0,17,300,3,3,2585.0,9.2,504,0,5,417905,3386850,499,0,5,-108.5
307701,418390.0,3386755.0,17,300,3,3,2585.0,9.2,504,0,5,418725,3386670,506,6,5,-94.0
307701,418390.0,3386755.0,17,300,3,3,2585.0,9.2,504,0,5,418895,3386520,511,18,6,-89.4
307701,418390.0,3386755.0,17,300,3,3,2585.0,9.2,504,0,5,418975,3386440,516,0,6,-95.5
307701,418390.0,3386755.0,17,300,3,3,2585.0,9.2,504,0,5,418880,3386505,511,0,5,-94.67
307701,418390.0,3386755.0,17,300,3,3,2585.0,9.2,504,0,5,418910,3386495,512,0,6,-94.29
307701,418390.0,3386755.0,17,300,3,3,2585.0,9.2,504,0,5,418900,3386485,512,0,5,-98.17
307701,418390.0,3386755.0,17,300,3,3,2585.0,9.2,504,0,5,418995,3386420,517,0,6,-96.5
307701,418390.0,3386755.0,17,300,3,3,2585.0,9.2,504,0,5,418885,3386510,511,0,5,-94.0
307701,418390.0,3386755.0,17,300,3,3,2585.0,9.2,504,0,5,418960,3386425,516,0,5,-97.0
307701,418390.0,3386755.0,17,300,3,3,2585.0,9.2,504,0,5,418905,3386490,512,0,5,-93.72
307701,418390.0,3386755.0,17,300,3,3,2585.0,9.2,504,0,5,418915,3386500,512,18,6,-95.5
307701,418390.0,3386755.0,17,300,3,3,2585.0,9.2,504,0,5,418655,3386760,504,6,7,-93.0
307701,418390.0,3386755.0,17,300,3,3,2585.0,9.2,504,0,5,418820,3386565,508,0,6,-89.79
307701,418390.0,3386755.0,17,300,3,3,2585.0,9.2,504,0,5,418890,3386515,511,0,6,-94.17
307701,418390.0,3386755.0,17,300,3,3,2585.0,9.2,504,0,5,418800,3386585,507,0,6,-84.0
307701,418390.0,3386755.0,17,300,3,3,2585.0,9.2,504,0,5,418825,3386570,508,6,6,-86.0
307701,418390.0,3386755.0,17,300,3,3,2585.0,9.2,504,0,5,418800,3386475,508,0,5,-98.5
307701,418390.0,3386755.0,17,300,3,3,2585.0,9.2,504,0,5,418620,3386335,506,0,5,-90.67
307701,418390.0,3386755.0,17,300,3,3,2585.0,9.2,504,0,5,418625,3386280,506,0,5,-109.5
307701,418390.0,3386755.0,17,300,3,3,2585.0,9.2,504,0,5,418860,3386515,510,0,5,-93.61
307701,418390.0,3386755.0,17,300,3,3,2585.0,9.2,504,0,5,418835,3386550,508,0,6,-92.36
307701,418390.0,3386755.0,17,300,3,3,2585.0,9.2,504,0,5,418815,3386530,508,0,5,-96.86
307701,418390.0,3386755.0,17,300,3,3,2585.0,9.2,504,0,5,418870,3386505,511,0,5,-91.38
307701,418390.0,3386755.0,17,300,3,3,2585.0,9.2,504,0,5,418595,3386310,505,0,10,-114.33
307701,418390.0,3386755.0,17,300,3,3,2585.0,9.2,504,0,5,418825,3386560,508,0,6,-87.45
307701,418390.0,3386755.0,17,300,3,3,2585.0,9.2,504,0,5,418830,3386545,508,0,5,-91.84
307701,418390.0,3386755.0,17,300,3,3,2585.0,9.2,504,0,5,418820,3386555,508,0,5,-91.54
307701,418390.0,3386755.0,17,300,3,3,2585.0,9.2,504,0,5,418805,3386540,507,0,5,-95.97
307701,418390.0,3386755.0,17,300,3,3,2585.0,9.2,504,0,5,418800,3386535,507,0,5,-94.4
307701,418390.0,3386755.0,17,300,3,3,2585.0,9.2,504,0,5,418875,3386510,511,0,5,-95.63
307701,418390.0,3386755.0,17,300,3,3,2585.0,9.2,504,0,5,418865,3386520,510,0,5,-92.32
307701,418390.0,3386755.0,17,300,3,3,2585.0,9.2,504,0,5,418845,3386500,510,0,5,-93.25
307701,418390.0,3386755.0,17,300,3,3,2585.0,9.2,504,0,5,418810,3386525,508,0,5,-99.4
307701,418390.0,3386755.0,17,300,3,3,2585.0,9.2,504,0,5,418715,3386735,506,0,5,-95.33
307701,418390.0,3386755.0,17,300,3,3,2585.0,9.2,504,0,5,418955,3386495,513,0,6,-97.5
307701,418390.0,3386755.0,17,300,3,3,2585.0,9.2,504,0,5,418720,3386710,506,15,14,-97.75
307701,418390.0,3386755.0,17,300,3,3,2585.0,9.2,504,0,5,418675,3386775,504,0,7,-88.5
307701,418390.0,3386755.0,17,300,3,3,2585.0,9.2,504,0,5,418665,3386765,505,0,7,-86.0
307701,418390.0,3386755.0,17,300,3,3,2585.0,9.2,504,0,5,418860,3386570,509,6,6,-93.5
307701,418390.0,3386755.0,17,300,3,3,2585.0,9.2,504,0,5,418710,3386740,506,21,5,-93.5
307701,418390.0,3386755.0,17,300,3,3,2585.0,9.2,504,0,5,418925,3386505,512,18,6,-89.0
307701,418390.0,3386755.0,17,300,3,3,2585.0,9.2,504,0,5,418965,3386465,514,6,6,-87.5
307701,418390.0,3386755.0,17,300,3,3,2585.0,9.2,504,0,5,418985,3386445,516,0,6,-94.17
307701,418390.0,3386755.0,17,300,3,3,2585.0,9.2,504,0,5,419120,3386310,520,0,6,-100.0
307701,418390.0,3386755.0,17,300,3,3,2585.0,9.2,504,0,5,418980,3386450,515,0,6,-93.0
307701,418390.0,3386755.0,17,300,3,3,2585.0,9.2,504,0,5,418945,3386485,513,0,6,-89.44
307701,418390.0,3386755.0,17,300,3,3,2585.0,9.2,504,0,5,419000,3386430,517,0,6,-93.0
307701,418390.0,3386755.0,17,300,3,3,2585.0,9.2,504,0,5,418920,3386510,512,18,6,-88.0
307701,418390.0,3386755.0,17,300,3,3,2585.0,9.2,504,0,5,418705,3386725,505,0,5,-92.86
307701,418390.0,3386755.0,17,300,3,3,2585.0,9.2,504,0,5,418940,3386490,513,0,6,-93.75
307701,418390.0,3386755.0,17,300,3,3,2585.0,9.2,504,0,5,418960,3386470,514,6,6,-90.25
307701,418390.0,3386755.0,17,300,3,3,2585.0,9.2,504,0,5,418425,3386720,503,0,6,-78.0
307701,418390.0,3386755.0,17,300,3,3,2585.0,9.2,504,0,5,418390,3386745,504,9,5,-84.33
307701,418390.0,3386755.0,17,300,3,3,2585.0,9.2,504,0,5,418295,3386810,503,0,5,-80.5
307701,418390.0,3386755.0,17,300,3,3,2585.0,9.2,504,0,5,418420,3386715,503,0,6,-84.67
307701,418390.0,3386755.0,17,300,3,3,2585.0,9.2,504,0,5,418345,3386800,503,0,5,-81.09
307701,418390.0,3386755.0,17,300,3,3,2585.0,9.2,504,0,5,418265,3386880,503,0,5,-87.22
307701,418390.0,3386755.0,17,300,3,3,2585.0,9.2,504,0,5,418405,3386700,503,0,6,-95.5
307701,418390.0,3386755.0,17,300,3,3,2585.0,9.2,504,0,5,418350,3386785,504,0,5,-79.22
307701,418390.0,3386755.0,17,300,3,3,2585.0,9.2,504,0,5,418300,3386835,502,0,5,-86.07
307701,418390.0,3386755.0,17,300,3,3,2585.0,9.2,504,0,5,418255,3386850,503,0,5,-89.16
307701,418390.0,3386755.0,17,300,3,3,2585.0,9.2,504,0,5,418435,3386710,503,0,7,-80.39
307701,418390.0,3386755.0,17,300,3,3,2585.0,9.2,504,0,5,418260,3386875,503,0,5,-87.25
307701,418390.0,3386755.0,17,300,3,3,2585.0,9.2,504,0,5,418415,3386690,503,0,5,-86.5
307701,418390.0,3386755.0,17,300,3,3,2585.0,9.2,504,0,5,418270,3386865,502,0,5,-88.12
307701,418390.0,3386755.0,17,300,3,3,2585.0,9.2,504,0,5,418310,3386825,502,0,5,-85.71
307701,418390.0,3386755.0,17,300,3,3,2585.0,9.2,504,0,5,418340,3386795,503,0,5,-80.03
307701,418390.0,3386755.0,17,300,3,3,2585.0,9.2,504,0,5,418275,3386870,502,0,5,-87.76
307701,418390.0,3386755.0,17,300,3,3,2585.0,9.2,504,0,5,418355,3386790,504,0,5,-82.38
307701,418390.0,3386755.0,17,300,3,3,2585.0,9.2,504,0,5,418430,3386705,503,0,7,-81.0
307701,418390.0,3386755.0,17,300,3,3,2585.0,9.2,504,0,5,418315,3386830,502,0,5,-82.09
307701,418390.0,3386755.0,17,300,3,3,2585.0,9.2,504,0,5,418240,3386855,503,0,5,-93.14
307701,418390.0,3386755.0,17,300,3,3,2585.0,9.2,504,0,5,418400,3386695,503,0,6,-89.0
307701,418390.0,3386755.0,17,300,3,3,2585.0,9.2,504,0,5,418555,3386590,502,5,5,-73.0
307701,418390.0,3386755.0,17,300,3,3,2585.0,9.2,504,0,5,418305,3386840,502,0,5,-85.08
307701,418390.0,3386755.0,17,300,3,3,2585.0,9.2,504,0,5,418245,3386860,503,0,5,-91.7
307701,418390.0,3386755.0,17,300,3,3,2585.0,9.2,504,0,5,418250,3386845,503,0,5,-89.8
307701,418390.0,3386755.0,17,300,3,3,2585.0,9.2,504,0,5,418385,3386760,504,0,5,-83.33
307701,418390.0,3386755.0,17,300,3,3,2585.0,9.2,504,0,5,418395,3386750,504,0,5,-76.14
307701,418390.0,3386755.0,17,300,3,3,2585.0,9.2,504,0,5,418380,3386710,504,0,6,-81.0
307701,418390.0,3386755.0,17,300,3,3,2585.0,9.2,504,0,5,418410,3386740,504,0,6,-83.67
307701,418390.0,3386755.0,17,300,3,3,2585.0,9.2,504,0,5,418490,3386820,506,0,5,-63.61
307701,418390.0,3386755.0,17,300,3,3,2585.0,9.2,504,0,5,418420,3386750,504,0,7,-71.95
307701,418390.0,3386755.0,17,300,3,3,2585.0,9.2,504,0,5,418460,3386790,504,0,6,-65.0
307701,418390.0,3386755.0,17,300,3,3,2585.0,9.2,504,0,5,418425,3386745,503,0,6,-75.77
307701,418390.0,3386755.0,17,300,3,3,2585.0,9.2,504,0,5,418450,3386780,504,0,6,-65.54
307701,418390.0,3386755.0,17,300,3,3,2585.0,9.2,504,0,5,418455,3386775,504,0,6,-65.69
307701,418390.0,3386755.0,17,300,3,3,2585.0,9.2,504,0,5,418435,3386755,503,0,6,-70.15
307701,418390.0,3386755.0,17,300,3,3,2585.0,9.2,504,0,5,418445,3386765,504,0,6,-70.07
307701,418390.0,3386755.0,17,300,3,3,2585.0,9.2,504,0,5,418480,3386810,505,0,6,-63.71
307701,418390.0,3386755.0,17,300,3,3,2585.0,9.2,504,0,5,418475,3386795,504,0,6,-65.63
307701,418390.0,3386755.0,17,300,3,3,2585.0,9.2,504,0,5,418485,3386805,505,0,6,-61.59
307701,418390.0,3386755.0,17,300,3,3,2585.0,9.2,504,0,5,418500,3386830,506,0,5,-65.75
307701,418390.0,3386755.0,17,300,3,3,2585.0,9.2,504,0,5,418430,3386760,504,0,6,-67.05
307701,418390.0,3386755.0,17,300,3,3,2585.0,9.2,504,0,5,418470,3386800,505,0,6,-64.28
307701,418390.0,3386755.0,17,300,3,3,2585.0,9.2,504,0,5,418415,3386735,504,0,6,-76.33
307701,418390.0,3386755.0,17,300,3,3,2585.0,9.2,504,0,5,418440,3386770,504,0,6,-68.5
307701,418390.0,3386755.0,17,300,3,3,2585.0,9.2,504,0,5,418465,3386785,504,0,6,-67.47
307701,418390.0,3386755.0,17,300,3,3,2585.0,9.2,504,0,5,418510,3386840,506,0,5,-68.0
307701,418390.0,3386755.0,17,300,3,3,2585.0,9.2,504,0,5,418495,3386815,505,0,5,-63.21
307701,418390.0,3386755.0,17,300,3,3,2585.0,9.2,504,0,5,418535,3386900,506,0,5,-90.0
307701,418390.0,3386755.0,17,300,3,3,2585.0,9.2,504,0,5,418550,3386915,507,0,5,-99.5
307701,418390.0,3386755.0,17,300,3,3,2585.0,9.2,504,0,5,418520,3386885,506,0,5,-82.57
307701,418390.0,3386755.0,17,300,3,3,2585.0,9.2,504,0,5,418530,3386895,506,0,5,-82.43
307701,418390.0,3386755.0,17,300,3,3,2585.0,9.2,504,0,5,418525,3386890,506,0,5,-77.25
307701,418390.0,3386755.0,17,300,3,3,2585.0,9.2,504,0,5,418175,3386935,503,0,6,-97.33
307701,418390.0,3386755.0,17,300,3,3,2585.0,9.2,504,0,5,418210,3386900,503,0,5,-90.5
307701,418390.0,3386755.0,17,300,3,3,2585.0,9.2,504,0,5,418215,3386895,503,0,5,-89.88
307701,418390.0,3386755.0,17,300,3,3,2585.0,9.2,504,0,5,418200,3386890,503,0,5,-92.13
307701,418390.0,3386755.0,17,300,3,3,2585.0,9.2,504,0,5,418205,3386885,503,0,5,-93.82
307701,418390.0,3386755.0,17,300,3,3,2585.0,9.2,504,0,5,418165,3386925,503,0,5,-91.25
307701,418390.0,3386755.0,17,300,3,3,2585.0,9.2,504,0,5,418220,3386910,503,0,7,-86.0
307701,418390.0,3386755.0,17,300,3,3,2585.0,9.2,504,0,5,418710,3386770,505,0,5,-92.0
307701,418390.0,3386755.0,17,300,3,3,2585.0,9.2,504,0,5,418835,3386565,508,6,6,-85.67
307701,418390.0,3386755.0,17,300,3,3,2585.0,9.2,504,0,5,418895,3386505,511,0,5,-94.35
307701,418390.0,3386755.0,17,300,3,3,2585.0,9.2,504,0,5,418910,3386490,512,0,5,-95.12
307701,418390.0,3386755.0,17,300,3,3,2585.0,9.2,504,0,5,418915,3386485,512,0,5,-95.5
307701,418390.0,3386755.0,17,300,3,3,2585.0,9.2,504,0,5,418905,3386495,512,0,5,-95.0
307701,418390.0,3386755.0,17,300,3,3,2585.0,9.2,504,0,5,418995,3386405,518,0,5,-92.0
307701,418390.0,3386755.0,17,300,3,3,2585.0,9.2,504,0,5,418885,3386515,511,0,6,-93.68
307701,418390.0,3386755.0,17,300,3,3,2585.0,9.2,504,0,5,418990,3386410,518,0,5,-94.33
307701,418390.0,3386755.0,17,300,3,3,2585.0,9.2,504,0,5,418880,3386520,511,0,7,-92.63
307701,418390.0,3386755.0,17,300,3,3,2585.0,9.2,504,0,5,418970,3386430,516,0,5,-92.5
307701,418390.0,3386755.0,17,300,3,3,2585.0,9.2,504,0,5,418900,3386500,511,0,5,-95.77
307701,418390.0,3386755.0,17,300,3,3,2585.0,9.2,504,0,5,418890,3386510,511,0,6,-93.81
307701,418390.0,3386755.0,17,300,3,3,2585.0,9.2,504,0,5,418800,3386600,507,0,6,-100.0
307701,418390.0,3386755.0,17,300,3,3,2585.0,9.2,504,0,5,418370,3386475,501,0,5,-103.0
307701,418390.0,3386755.0,17,300,3,3,2585.0,9.2,504,0,5,418365,3386470,501,0,5,-102.8
307701,418390.0,3386755.0,17,300,3,3,2585.0,9.2,504,0,5,418720,3387495,503,21,5,-102.25
307701,418390.0,3386755.0,17,300,3,3,2585.0,9.2,504,0,5,418350,3386630,503,0,6,-105.0
307701,418390.0,3386755.0,17,300,3,3,2585.0,9.2,504,0,5,418485,3386775,504,0,6,-63.56
307701,418390.0,3386755.0,17,300,3,3,2585.0,9.2,504,0,5,418490,3386770,503,0,6,-65.67
307701,418390.0,3386755.0,17,300,3,3,2585.0,9.2,504,0,5,418480,3386780,504,0,6,-65.57
307701,418390.0,3386755.0,17,300,3,3,2585.0,9.2,504,0,5,418455,3386805,505,0,6,-63.43
307701,418390.0,3386755.0,17,300,3,3,2585.0,9.2,504,0,5,418530,3386730,503,0,6,-68.57
307701,418390.0,3386755.0,17,300,3,3,2585.0,9.2,504,0,5,418525,3386735,503,0,6,-68.83
307701,418390.0,3386755.0,17,300,3,3,2585.0,9.2,504,0,5,418535,3386725,503,0,6,-69.82
307701,418390.0,3386755.0,17,300,3,3,2585.0,9.2,504,0,5,418520,3386740,502,0,7,-68.79
307701,418390.0,3386755.0,17,300,3,3,2585.0,9.2,504,0,5,418495,3386765,503,0,6,-65.57
307701,418390.0,3386755.0,17,300,3,3,2585.0,9.2,504,0,5,418355,3386625,503,0,6,-95.5
307701,418390.0,3386755.0,17,300,3,3,2585.0,9.2,504,0,5,418475,3386825,506,6,5,-59.67
307701,418390.0,3386755.0,17,300,3,3,2585.0,9.2,504,0,5,418000,3386945,501,0,5,-96.5
307701,418390.0,3386755.0,17,300,3,3,2585.0,9.2,504,0,5,418015,3386960,501,0,5,-100.67
307701,418390.0,3386755.0,17,300,3,3,2585.0,9.2,504,0,5,418055,3386920,504,0,5,-93.0
307701,418390.0,3386755.0,17,300,3,3,2585.0,9.2,504,0,5,418765,3386625,506,6,6,-92.0
307701,418390.0,3386755.0,17,300,3,3,2585.0,9.2,504,0,5,418750,3386580,505,0,6,-90.56
307701,418390.0,3386755.0,17,300,3,3,2585.0,9.2,504,0,5,418720,3386590,505,0,5,-93.5
307701,418390.0,3386755.0,17,300,3,3,2585.0,9.2,504,0,5,418925,3386465,513,0,5,-95.0
307701,418390.0,3386755.0,17,300,3,3,2585.0,9.2,504,0,5,418755,3386575,505,0,6,-92.1
307701,418390.0,3386755.0,17,300,3,3,2585.0,9.2,504,0,5,418730,3386600,505,0,5,-90.02
307701,418390.0,3386755.0,17,300,3,3,2585.0,9.2,504,0,5,418950,3386460,514,0,6,-92.74
307701,418390.0,3386755.0,17,300,3,3,2585.0,9.2,504,0,5,418935,3386475,513,0,6,-92.72
307701,418390.0,3386755.0,17,300,3,3,2585.0,9.2,504,0,5,418940,3386450,514,0,6,-92.5
307701,418390.0,3386755.0,17,300,3,3,2585.0,9.2,504,0,5,418735,3386595,505,0,5,-88.71
307701,418390.0,3386755.0,17,300,3,3,2585.0,9.2,504,0,5,418920,3386470,512,0,5,-94.63
307701,418390.0,3386755.0,17,300,3,3,2585.0,9.2,504,0,5,418930,3386480,512,0,6,-95.47
307701,418390.0,3386755.0,17,300,3,3,2585.0,9.2,504,0,5,418955,3386455,514,0,6,-95.73
307701,418390.0,3386755.0,17,300,3,3,2585.0,9.2,504,0,5,418725,3386585,505,0,5,-95.0
307701,418390.0,3386755.0,17,300,3,3,2585.0,9.2,504,0,5,418775,3386635,507,6,6,-93.5
307701,418390.0,3386755.0,17,300,3,3,2585.0,9.2,504,0,5,418740,3386570,505,0,6,-99.0
307701,418390.0,3386755.0,17,300,3,3,2585.0,9.2,504,0,5,418620,3386750,504,0,7,-78.0
307701,418390.0,3386755.0,17,300,3,3,2585.0,9.2,504,0,5,418915,3386475,512,0,5,-92.38
307701,418390.0,3386755.0,17,300,3,3,2585.0,9.2,504,0,5,418935,3386415,516,0,14,-95.0
307701,418390.0,3386755.0,17,300,3,3,2585.0,9.2,504,0,5,418765,3386565,506,0,5,-92.2
307701,418390.0,3386755.0,17,300,3,3,2585.0,9.2,504,0,5,418940,3386430,515,0,5,-95.0
307701,418390.0,3386755.0,17,300,3,3,2585.0,9.2,504,0,5,418945,3386425,515,0,5,-94.67
307701,418390.0,3386755.0,17,300,3,3,2585.0,9.2,504,0,5,418900,3386470,512,0,5,-98.0
307701,418390.0,3386755.0,17,300,3,3,2585.0,9.2,504,0,5,418725,3386605,505,0,5,-88.54
307701,418390.0,3386755.0,17,300,3,3,2585.0,9.2,504,0,5,418775,3386575,506,0,5,-90.28
307701,418390.0,3386755.0,17,300,3,3,2585.0,9.2,504,0,5,418760,3386570,506,0,5,-91.83
307701,418390.0,3386755.0,17,300,3,3,2585.0,9.2,504,0,5,418720,3386610,505,0,5,-89.12
307701,418390.0,3386755.0,17,300,3,3,2585.0,9.2,504,0,5,418770,3386580,506,0,6,-90.27
307701,418390.0,3386755.0,17,300,3,3,2585.0,9.2,504,0,5,418780,3386590,506,6,6,-89.07
307701,418390.0,3386755.0,17,300,3,3,2585.0,9.2,504,0,5,418910,3386480,512,0,5,-92.91
307701,418390.0,3386755.0,17,300,3,3,2585.0,9.2,504,0,5,418795,3386595,507,0,6,-86.2
307701,418390.0,3386755.0,17,300,3,3,2585.0,9.2,504,0,5,418735,3386615,505,0,6,-87.67
307701,418390.0,3386755.0,17,300,3,3,2585.0,9.2,504,0,5,418730,3386620,505,0,6,-86.67
307701,418390.0,3386755.0,17,300,3,3,2585.0,9.2,504,0,5,418600,3386730,504,6,6,-76.5
307701,418390.0,3386755.0,17,300,3,3,2585.0,9.2,504,0,5,418785,3386585,507,6,6,-85.75
307701,418390.0,3386755.0,17,300,3,3,2585.0,9.2,504,0,5,418745,3386625,506,0,6,-82.5
307701,418390.0,3386755.0,17,300,3,3,2585.0,9.2,504,0,5,418565,3386730,503,0,6,-67.0
307701,418390.0,3386755.0,17,300,3,3,2585.0,9.2,504,0,5,418760,3386605,506,0,6,-83.4
307701,418390.0,3386755.0,17,300,3,3,2585.0,9.2,504,0,5,418635,3386800,504,6,5,-89.5
307701,418390.0,3386755.0,17,300,3,3,2585.0,9.2,504,0,5,418740,3386585,505,0,6,-93.53
307701,418390.0,3386755.0,17,300,3,3,2585.0,9.2,504,0,5,418560,3386725,503,0,6,-68.22
307701,418390.0,3386755.0,17,300,3,3,2585.0,9.2,504,0,5,418930,3386455,514,0,6,-95.5
307701,418390.0,3386755.0,17,300,3,3,2585.0,9.2,504,0,5,418945,3386470,513,0,6,-92.13
307701,418390.0,3386755.0,17,300,3,3,2585.0,9.2,504,0,5,418745,3386590,505,0,6,-89.07
307701,418390.0,3386755.0,17,300,3,3,2585.0,9.2,504,0,5,418735,3386580,505,0,5,-90.9
307701,418390.0,3386755.0,17,300,3,3,2585.0,9.2,504,0,5,418940,3386465,513,0,6,-94.09
307701,418390.0,3386755.0,17,300,3,3,2585.0,9.2,504,0,5,418750,3386595,505,0,6,-87.89
307701,418390.0,3386755.0,17,300,3,3,2585.0,9.2,504,0,5,418935,3386460,513,0,6,-98.33
307701,418390.0,3386755.0,17,300,3,3,2585.0,9.2,504,0,5,418950,3386475,513,0,6,-89.8
307701,418390.0,3386755.0,17,300,3,3,2585.0,9.2,504,0,5,418955,3386480,513,0,6,-91.5
307701,418390.0,3386755.0,17,300,3,3,2585.0,9.2,504,0,5,418755,3386600,506,0,6,-87.09
307701,418390.0,3386755.0,17,300,3,3,2585.0,9.2,504,0,5,418730,3386575,505,0,5,-95.75
307701,418390.0,3386755.0,17,300,3,3,2585.0,9.2,504,0,5,417990,3386880,501,0,14,-108.5
307701,418390.0,3386755.0,17,300,3,3,2585.0,9.2,504,0,5,418625,3386365,506,0,5,-99.0
307701,418390.0,3386755.0,17,300,3,3,2585.0,9.2,504,0,5,418785,3386525,507,0,5,-86.8
307701,418390.0,3386755.0,17,300,3,3,2585.0,9.2,504,0,5,418790,3386540,507,0,5,-96.33
307701,418390.0,3386755.0,17,300,3,3,2585.0,9.2,504,0,5,418620,3386370,506,0,5,-90.5
307701,418390.0,3386755.0,17,300,3,3,2585.0,9.2,504,0,5,418750,3386500,505,0,5,-101.0
307701,418390.0,3386755.0,17,300,3,3,2585.0,9.2,504,0,5,418735,3386515,505,0,5,-97.0
307701,418390.0,3386755.0,17,300,3,3,2585.0,9.2,504,0,5,418775,3386555,506,0,5,-95.29
307701,418390.0,3386755.0,17,300,3,3,2585.0,9.2,504,0,5,418770,3386560,506,0,5,-92.28
307701,418390.0,3386755.0,17,300,3,3,2585.0,9.2,504,0,5,418725,3386505,505,0,5,-97.0
307701,418390.0,3386755.0,17,300,3,3,2585.0,9.2,504,0,5,418795,3386535,507,0,5,-96.67
307701,418390.0,3386755.0,17,300,3,3,2585.0,9.2,504,0,5,418605,3386385,505,0,6,-96.5
307701,418390.0,3386755.0,17,300,3,3,2585.0,9.2,504,0,5,418760,3386550,506,0,5,-91.5
307701,418390.0,3386755.0,17,300,3,3,2585.0,9.2,504,0,5,418720,3386510,505,0,5,-94.43
307701,418390.0,3386755.0,17,300,3,3,2585.0,9.2,504,0,5,418545,3387565,502,0,14,-108.33
307701,418390.0,3386755.0,17,300,3,3,2585.0,9.2,504,0,5,418335,3386810,503,0,14,-82.16
307701,418390.0,3386755.0,17,300,3,3,2585.0,9.2,504,0,5,418520,3386695,503,0,14,-70.0
307701,418390.0,3386755.0,17,300,3,3,2585.0,9.2,504,0,5,418525,3386700,503,0,14,-71.19
307701,418390.0,3386755.0,17,300,3,3,2585.0,9.2,504,0,5,418350,3386825,503,0,14,-79.0
307701,418390.0,3386755.0,17,300,3,3,2585.0,9.2,504,0,5,418355,3386830,503,0,5,-78.19
307701,418390.0,3386755.0,17,300,3,3,2585.0,9.2,504,0,5,418330,3386805,503,0,14,-80.34
307701,418390.0,3386755.0,17,300,3,3,2585.0,9.2,504,0,5,418325,3386820,503,0,14,-83.44
307701,418390.0,3386755.0,17,300,3,3,2585.0,9.2,504,0,5,418545,3386720,503,0,6,-72.0
307701,418390.0,3386755.0,17,300,3,3,2585.0,9.2,504,0,5,418530,3386685,503,0,14,-75.38
307701,418390.0,3386755.0,17,300,3,3,2585.0,9.2,504,0,5,418340,3386835,503,0,5,-81.64
307701,418390.0,3386755.0,17,300,3,3,2585.0,9.2,504,0,5,418540,3386715,503,0,5,-71.13
307701,418390.0,3386755.0,17,300,3,3,2585.0,9.2,504,0,5,418555,3386710,503,0,6,-69.62
307701,418390.0,3386755.0,17,300,3,3,2585.0,9.2,504,0,5,418550,3386705,503,0,5,-69.98
307701,418390.0,3386755.0,17,300,3,3,2585.0,9.2,504,0,5,418345,3386840,503,0,5,-82.1
307701,418390.0,3386755.0,17,300,3,3,2585.0,9.2,504,0,5,418320,3386815,503,0,14,-82.12
307701,418390.0,3386755.0,17,300,3,3,2585.0,9.2,504,0,5,418370,3386845,503,0,6,-76.0
307701,418390.0,3386755.0,17,300,3,3,2585.0,9.2,504,0,5,418735,3386255,511,0,5,-103.5
307701,418390.0,3386755.0,17,300,3,3,2585.0,9.2,504,0,5,418795,3386585,507,0,6,-83.88
307701,418390.0,3386755.0,17,300,3,3,2585.0,9.2,504,0,5,418725,3386615,505,0,6,-77.5
307701,418390.0,3386755.0,17,300,3,3,2585.0,9.2,504,0,5,418950,3386430,515,0,5,-91.0
307701,418390.0,3386755.0,17,300,3,3,2585.0,9.2,504,0,5,418735,3386605,505,0,5,-83.47
307701,418390.0,3386755.0,17,300,3,3,2585.0,9.2,504,0,5,418790,3386590,507,0,6,-85.33
307701,418390.0,3386755.0,17,300,3,3,2585.0,9.2,504,0,5,418900,3386480,512,0,5,-95.67
307701,418390.0,3386755.0,17,300,3,3,2585.0,9.2,504,0,5,418910,3386470,512,0,5,-93.25
307701,418390.0,3386755.0,17,300,3,3,2585.0,9.2,504,0,5,418915,3386465,513,0,5,-95.0
307701,418390.0,3386755.0,17,300,3,3,2585.0,9.2,504,0,5,418775,3386565,506,0,5,-91.2
307701,418390.0,3386755.0,17,300,3,3,2585.0,9.2,504,0,5,418905,3386475,512,0,5,-95.67
307701,418390.0,3386755.0,17,300,3,3,2585.0,9.2,504,0,5,418760,3386580,506,0,6,-90.25
307701,418390.0,3386755.0,17,300,3,3,2585.0,9.2,504,0,5,418765,3386575,506,0,5,-90.0
307701,418390.0,3386755.0,17,300,3,3,2585.0,9.2,504,0,5,418720,3386620,505,0,6,-84.6
307701,418390.0,3386755.0,17,300,3,3,2585.0,9.2,504,0,5,418730,3386610,505,0,6,-87.31
307701,418390.0,3386755.0,17,300,3,3,2585.0,9.2,504,0,5,418770,3386570,506,0,5,-91.77
307701,418390.0,3386755.0,17,300,3,3,2585.0,9.2,504,0,5,418780,3386600,507,0,6,-84.0
307701,418390.0,3386755.0,17,300,3,3,2585.0,9.2,504,0,5,418785,3386595,507,0,6,-89.0
307701,418390.0,3386755.0,17,300,3,3,2585.0,9.2,504,0,5,418490,3386845,506,6,5,-74.0
307701,418390.0,3386755.0,17,300,3,3,2585.0,9.2,504,0,5,418450,3386725,503,0,7,-80.0
307701,418390.0,3386755.0,17,300,3,3,2585.0,9.2,504,0,5,418440,3386735,503,0,5,-77.75
307701,418390.0,3386755.0,17,300,3,3,2585.0,9.2,504,0,5,418465,3386760,503,0,6,-69.96
307701,418390.0,3386755.0,17,300,3,3,2585.0,9.2,504,0,5,418425,3386800,504,0,6,-66.25
307701,418390.0,3386755.0,17,300,3,3,2585.0,9.2,504,0,5,418475,3386750,503,0,6,-71.27
307701,418390.0,3386755.0,17,300,3,3,2585.0,9.2,504,0,5,418460,3386755,503,0,6,-67.62
307701,418390.0,3386755.0,17,300,3,3,2585.0,9.2,504,0,5,418420,3386795,504,0,6,-66.58
307701,418390.0,3386755.0,17,300,3,3,2585.0,9.2,504,0,5,418410,3386765,504,0,6,-69.16
307701,418390.0,3386755.0,17,300,3,3,2585.0,9.2,504,0,5,418430,3386785,504,0,6,-67.33
307701,418390.0,3386755.0,17,300,3,3,2585.0,9.2,504,0,5,418405,3386780,504,0,5,-69.17
307701,418390.0,3386755.0,17,300,3,3,2585.0,9.2,504,0,5,418510,3386865,506,0,5,-79.75
307701,418390.0,3386755.0,17,300,3,3,2585.0,9.2,504,0,5,418470,3386745,503,0,7,-70.21
307701,418390.0,3386755.0,17,300,3,3,2585.0,9.2,504,0,5,418415,3386770,504,0,6,-67.81
307701,418390.0,3386755.0,17,300,3,3,2585.0,9.2,504,0,5,418435,3386790,504,0,6,-63.35
307701,418390.0,3386755.0,17,300,3,3,2585.0,9.2,504,0,5,418400,3386775,504,0,5,-72.33
307701,418390.0,3386755.0,17,300,3,3,2585.0,9.2,504,0,5,418390,3386665,503,0,6,-89.25
307701,418390.0,3386755.0,17,300,3,3,2585.0,9.2,504,0,5,418445,3386740,503,0,7,-72.14
307701,418390.0,3386755.0,17,300,3,3,2585.0,9.2,504,0,5,418370,3386645,503,0,6,-96.25
307701,418390.0,3386755.0,17,300,3,3,2585.0,9.2,504,0,5,418375,3386650,503,0,6,-95.75
307701,418390.0,3386755.0,17,300,3,3,2585.0,9.2,504,0,5,418395,3386670,503,0,6,-82.0
307701,418390.0,3386755.0,17,300,3,3,2585.0,9.2,504,0,5,418480,3386855,506,0,5,-83.5
307701,418390.0,3386755.0,17,300,3,3,2585.0,9.2,504,0,5,418455,3386730,503,0,7,-71.0
307701,418390.0,3386755.0,17,300,3,3,2585.0,9.2,504,0,5,418515,3386870,506,0,5,-80.31
307701,418390.0,3386755.0,17,300,3,3,2585.0,9.2,504,0,5,418065,3386965,502,6,6,-100.33
307701,418390.0,3386755.0,17,300,3,3,2585.0,9.2,504,0,5,418625,3388805,519,15,5,-104.8
307701,418390.0,3386755.0,17,300,3,3,2585.0,9.2,504,0,5,418575,3386420,505,0,5,-100.5
307701,418390.0,3386755.0,17,300,3,3,2585.0,9.2,504,0,5,418475,3388460,521,0,5,-117.5
307701,418390.0,3386755.0,17,300,3,3,2585.0,9.2,504,0,5,418455,3386770,504,0,6,-67.87
307701,418390.0,3386755.0,17,300,3,3,2585.0,9.2,504,0,5,418485,3386820,506,0,5,-61.55
307701,418390.0,3386755.0,17,300,3,3,2585.0,9.2,504,0,5,418420,3386755,504,0,6,-71.31
307701,418390.0,3386755.0,17,300,3,3,2585.0,9.2,504,0,5,418480,3386815,505,0,6,-61.2
307701,418390.0,3386755.0,17,300,3,3,2585.0,9.2,504,0,5,418495,3386810,505,0,6,-57.33
307701,418390.0,3386755.0,17,300,3,3,2585.0,9.2,504,0,5,418425,3386760,504,0,6,-67.07
307701,418390.0,3386755.0,17,300,3,3,2585.0,9.2,504,0,5,418505,3386840,506,0,5,-70.48
307701,418390.0,3386755.0,17,300,3,3,2585.0,9.2,504,0,5,418410,3386725,504,0,6,-92.0
307701,418390.0,3386755.0,17,300,3,3,2585.0,9.2,504,0,5,418500,3386835,506,0,5,-68.21
307701,418390.0,3386755.0,17,300,3,3,2585.0,9.2,504,0,5,418475,3386790,504,0,6,-63.46
307701,418390.0,3386755.0,17,300,3,3,2585.0,9.2,504,0,5,418460,3386795,504,0,6,-66.61
307701,418390.0,3386755.0,17,300,3,3,2585.0,9.2,504,0,5,418440,3386775,504,0,6,-68.72
307701,418390.0,3386755.0,17,300,3,3,2585.0,9.2,504,0,5,418465,3386800,505,0,6,-63.33
307701,418390.0,3386755.0,17,300,3,3,2585.0,9.2,504,0,5,418430,3386745,503,0,6,-75.4
307701,418390.0,3386755.0,17,300,3,3,2585.0,9.2,504,0,5,418470,3386785,504,0,6,-66.4
307701,418390.0,3386755.0,17,300,3,3,2585.0,9.2,504,0,5,418450,3386765,503,0,6,-66.28
307701,418390.0,3386755.0,17,300,3,3,2585.0,9.2,504,0,5,418490,3386805,505,0,6,-60.14
307701,418390.0,3386755.0,17,300,3,3,2585.0,9.2,504,0,5,418435,3386750,503,0,6,-74.73
307701,418390.0,3386755.0,17,300,3,3,2585.0,9.2,504,0,5,418445,3386780,504,0,6,-67.28
307701,418390.0,3386755.0,17,300,3,3,2585.0,9.2,504,0,5,418520,3386855,506,0,5,-78.5
307701,418390.0,3386755.0,17,300,3,3,2585.0,9.2,504,0,5,418415,3386730,504,0,6,-83.33
307701,418390.0,3386755.0,17,300,3,3,2585.0,9.2,504,0,5,418405,3386740,504,0,6,-81.0
307701,418390.0,3386755.0,17,300,3,3,2585.0,9.2,504,0,5,418790,3386585,507,6,6,-84.75
307701,418390.0,3386755.0,17,300,3,3,2585.0,9.2,504,0,5,418795,3386590,507,6,6,-87.67
307701,418390.0,3386755.0,17,300,3,3,2585.0,9.2,504,0,5,418905,3386480,512,0,5,-93.71
307701,418390.0,3386755.0,17,300,3,3,2585.0,9.2,504,0,5,418760,3386575,506,0,6,-91.87
307701,418390.0,3386755.0,17,300,3,3,2585.0,9.2,504,0,5,418915,3386470,512,0,5,-97.33
307701,418390.0,3386755.0,17,300,3,3,2585.0,9.2,504,0,5,418765,3386580,506,0,6,-90.82
307701,418390.0,3386755.0,17,300,3,3,2585.0,9.2,504,0,5,418935,3386410,516,0,14,-94.0
307701,418390.0,3386755.0,17,300,3,3,2585.0,9.2,504,0,5,418730,3386605,505,0,5,-87.29
307701,418390.0,3386755.0,17,300,3,3,2585.0,9.2,504,0,5,418775,3386570,506,0,5,-95.07
307701,418390.0,3386755.0,17,300,3,3,2585.0,9.2,504,0,5,418910,3386465,512,0,5,-96.67
307701,418390.0,3386755.0,17,300,3,3,2585.0,9.2,504,0,5,418770,3386565,506,0,5,-94.9
307701,418390.0,3386755.0,17,300,3,3,2585.0,9.2,504,0,5,418785,3386600,507,6,6,-85.0
307701,418390.0,3386755.0,17,300,3,3,2585.0,9.2,504,0,5,418720,3386615,505,0,6,-89.33
307701,418390.0,3386755.0,17,300,3,3,2585.0,9.2,504,0,5,418900,3386475,512,0,5,-98.0
307701,418390.0,3386755.0,17,300,3,3,2585.0,9.2,504,0,5,418725,3386620,505,0,6,-83.63
307701,418390.0,3386755.0,17,300,3,3,2585.0,9.2,504,0,5,418735,3386610,505,0,6,-83.85
307701,418390.0,3386755.0,17,300,3,3,2585.0,9.2,504,0,5,418780,3386595,506,6,6,-88.5
307701,418390.0,3386755.0,17,300,3,3,2585.0,9.2,504,0,5,418030,3386900,503,0,5,-92.0
307701,418390.0,3386755.0,17,300,3,3,2585.0,9.2,504,0,5,418075,3386935,503,0,5,-98.0
307701,418390.0,3386755.0,17,300,3,3,2585.0,9.2,504,0,5,418070,3386940,503,0,5,-102.8
307701,418390.0,3386755.0,17,300,3,3,2585.0,9.2,504,0,5,418005,3386905,502,0,5,-95.33
307701,418390.0,3386755.0,17,300,3,3,2585.0,9.2,504,0,5,418050,3386960,502,0,6,-104.5
307701,418390.0,3386755.0,17,300,3,3,2585.0,9.2,504,0,5,418570,3386970,509,0,5,-102.5
307701,418390.0,3386755.0,17,300,3,3,2585.0,9.2,504,0,5,418535,3387570,502,0,14,-106.5
307701,418390.0,3386755.0,17,300,3,3,2585.0,9.2,504,0,5,418790,3386200,515,0,14,-99.5
307701,418390.0,3386755.0,17,300,3,3,2585.0,9.2,504,0,5,418530,3386410,506,0,5,-95.5
307701,418390.0,3386755.0,17,300,3,3,2585.0,9.2,504,0,5,418475,3386505,506,0,5,-100.33
307701,418390.0,3386755.0,17,300,3,3,2585.0,9.2,504,0,5,418490,3386450,507,0,10,-104.5
307701,418390.0,3386755.0,17,300,3,3,2585.0,9.2,504,0,5,418480,3386460,507,0,5,-95.5
307701,418390.0,3386755.0,17,300,3,3,2585.0,9.2,504,0,5,417955,3386705,501,0,14,-107.0
307701,418390.0,3386755.0,17,300,3,3,2585.0,9.2,504,0,5,418715,3386275,510,0,5,-99.0
307701,418390.0,3386755.0,17,300,3,3,2585.0,9.2,504,0,5,418790,3386520,507,0,5,-101.67
307701,418390.0,3386755.0,17,300,3,3,2585.0,9.2,504,0,5,418615,3386335,506,0,5,-105.5
307701,418390.0,3386755.0,17,300,3,3,2585.0,9.2,504,0,5,418755,3386555,505,0,5,-87.0
307701,418390.0,3386755.0,17,300,3,3,2585.0,9.2,504,0,5,418625,3386345,506,0,5,-95.75
307701,418390.0,3386755.0,17,300,3,3,2585.0,9.2,504,0,5,418600,3386330,505,0,5,-108.67
307701,418390.0,3386755.0,17,300,3,3,2585.0,9.2,504,0,5,418605,3386325,505,0,5,-108.75
307701,418390.0,3386755.0,17,300,3,3,2585.0,9.2,504,0,5,418750,3386560,505,0,5,-90.5
307701,418390.0,3386755.0,17,300,3,3,2585.0,9.2,504,0,5,418635,3387845,507,0,14,-117.5
307701,418390.0,3386755.0,17,300,3,3,2585.0,9.2,504,0,5,418230,3386895,503,0,5,-88.82
307701,418390.0,3386755.0,17,300,3,3,2585.0,9.2,504,0,5,418235,3386900,503,0,5,-93.0
307701,418390.0,3386755.0,17,300,3,3,2585.0,9.2,504,0,5,418200,3386905,503,0,5,-88.36
307701,418390.0,3386755.0,17,300,3,3,2585.0,9.2,504,0,5,418225,3386890,503,0,5,-87.6
307701,418390.0,3386755.0,17,300,3,3,2585.0,9.2,504,0,5,418220,3386885,503,0,5,-89.54
307701,418390.0,3386755.0,17,300,3,3,2585.0,9.2,504,0,5,418180,3386925,503,0,6,-91.33
307701,418390.0,3386755.0,17,300,3,3,2585.0,9.2,504,0,5,418205,3386910,503,0,5,-88.0
307701,418390.0,3386755.0,17,300,3,3,2585.0,9.2,504,0,5,418030,3387550,499,0,5,-109.5
307701,418390.0,3386755.0,17,300,3,3,2585.0,9.2,504,0,5,418635,3386325,507,0,10,-108.0
307701,418390.0,3386755.0,17,300,3,3,2585.0,9.2,504,0,5,418610,3386350,506,0,5,-92.5
307701,418390.0,3386755.0,17,300,3,3,2585.0,9.2,504,0,5,418620,3386340,506,0,5,-93.25
307701,418390.0,3386755.0,17,300,3,3,2585.0,9.2,504,0,5,418530,3387035,507,0,6,-102.07
307701,418390.0,3386755.0,17,300,3,3,2585.0,9.2,504,0,5,418525,3387030,507,0,5,-98.1
307701,418390.0,3386755.0,17,300,3,3,2585.0,9.2,504,0,5,418540,3387005,509,0,6,-97.32
307701,418390.0,3386755.0,17,300,3,3,2585.0,9.2,504,0,5,418535,3387040,507,0,6,-100.38
307701,418390.0,3386755.0,17,300,3,3,2585.0,9.2,504,0,5,418625,3387465,501,15,14,-94.0
307701,418390.0,3386755.0,17,300,3,3,2585.0,9.2,504,0,5,418635,3387475,501,15,14,-104.67
307701,418390.0,3386755.0,17,300,3,3,2585.0,9.2,504,0,5,418620,3387470,501,15,5,-93.0
307701,418390.0,3386755.0,17,300,3,3,2585.0,9.2,504,0,5,418195,3386880,503,0,5,-94.2
307701,418390.0,3386755.0,17,300,3,3,2585.0,9.2,504,0,5,418185,3386870,503,0,5,-92.0
307701,418390.0,3386755.0,17,300,3,3,2585.0,9.2,504,0,5,418190,3386875,503,0,5,-93.67
307701,418390.0,3386755.0,17,300,3,3,2585.0,9.2,504,0,5,418350,3386460,501,0,5,-99.5
307701,418390.0,3386755.0,17,300,3,3,2585.0,9.2,504,0,5,418555,3386255,503,0,5,-102.0
307701,418390.0,3386755.0,17,300,3,3,2585.0,9.2,504,0,5,418545,3386245,503,0,10,-106.0
307701,418390.0,3386755.0,17,300,3,3,2585.0,9.2,504,0,5,417995,3386815,501,6,5,-114.0
307701,418390.0,3386755.0,17,300,3,3,2585.0,9.2,504,0,5,418840,3386480,510,0,5,-92.0
307701,418390.0,3386755.0,17,300,3,3,2585.0,9.2,504,0,5,418790,3386530,507,0,5,-91.67
307701,418390.0,3386755.0,17,300,3,3,2585.0,9.2,504,0,5,418785,3386535,507,0,5,-96.33
307701,418390.0,3386755.0,17,300,3,3,2585.0,9.2,504,0,5,418770,3386550,506,0,5,-89.5
307701,418390.0,3386755.0,17,300,3,3,2585.0,9.2,504,0,5,418710,3386290,510,0,5,-97.0
307701,418390.0,3386755.0,17,300,3,3,2585.0,9.2,504,0,5,418775,3386545,506,0,5,-96.33
307701,418390.0,3386755.0,17,300,3,3,2585.0,9.2,504,0,5,418730,3386510,505,0,5,-93.33
307701,418390.0,3386755.0,17,300,3,3,2585.0,9.2,504,0,5,418725,3386515,505,0,5,-94.0
307701,418390.0,3386755.0,17,300,3,3,2585.0,9.2,504,0,5,418625,3386375,506,0,5,-91.0
307701,418390.0,3386755.0,17,300,3,3,2585.0,9.2,504,0,5,418765,3386555,506,0,5,-93.8
307701,418390.0,3386755.0,17,300,3,3,2585.0,9.2,504,0,5,418735,3386505,505,0,5,-94.2
307701,418390.0,3386755.0,17,300,3,3,2585.0,9.2,504,0,5,418615,3386385,506,0,6,-99.33
307701,418390.0,3386755.0,17,300,3,3,2585.0,9.2,504,0,5,418780,3386540,506,0,5,-91.38
307701,418390.0,3386755.0,17,300,3,3,2585.0,9.2,504,0,5,418795,3386525,507,0,5,-93.33
307701,418390.0,3386755.0,17,300,3,3,2585.0,9.2,504,0,5,418760,3386560,506,0,5,-91.17
307701,418390.0,3386755.0,17,300,3,3,2585.0,9.2,504,0,5,418075,3386895,504,0,5,-101.33
307701,418390.0,3386755.0,17,300,3,3,2585.0,9.2,504,0,5,418050,3386920,504,0,5,-94.0
307701,418390.0,3386755.0,17,300,3,3,2585.0,9.2,504,0,5,418040,3386910,503,0,5,-94.5
307701,418390.0,3386755.0,17,300,3,3,2585.0,9.2,504,0,5,418465,3386425,505,99,5,-93.5
307701,418390.0,3386755.0,17,300,3,3,2585.0,9.2,504,0,5,418195,3386875,503,0,5,-98.5
307701,418390.0,3386755.0,17,300,3,3,2585.0,9.2,504,0,5,418430,3386480,503,0,5,-103.0
307701,418390.0,3386755.0,17,300,3,3,2585.0,9.2,504,0,5,418190,3386880,503,0,5,-96.67
307701,418390.0,3386755.0,17,300,3,3,2585.0,9.2,504,0,5,418180,3386870,504,0,5,-95.67
307701,418390.0,3386755.0,17,300,3,3,2585.0,9.2,504,0,5,418185,3386865,503,0,5,-96.33
307701,418390.0,3386755.0,17,300,3,3,2585.0,9.2,504,0,5,418620,3386330,506,0,5,-94.5
307701,418390.0,3386755.0,17,300,3,3,2585.0,9.2,504,0,5,418615,3386355,506,0,5,-88.33
307701,418390.0,3386755.0,17,300,3,3,2585.0,9.2,504,0,5,418770,3386520,506,0,5,-96.5
307701,418390.0,3386755.0,17,300,3,3,2585.0,9.2,504,0,5,418790,3386500,507,0,5,-92.5
307701,418390.0,3386755.0,17,300,3,3,2585.0,9.2,504,0,5,418740,3386530,505,0,5,-101.5
307701,418390.0,3386755.0,17,300,3,3,2585.0,9.2,504,0,5,418680,3386765,505,0,7,-91.5
307701,418390.0,3386755.0,17,300,3,3,2585.0,9.2,504,0,5,418810,3386575,507,0,6,-85.73
307701,418390.0,3386755.0,17,300,3,3,2585.0,9.2,504,0,5,418890,3386495,511,0,5,-94.22
307701,418390.0,3386755.0,17,300,3,3,2585.0,9.2,504,0,5,418990,3386435,517,0,6,-92.0
307701,418390.0,3386755.0,17,300,3,3,2585.0,9.2,504,0,5,418895,3386500,511,0,5,-93.55
307701,418390.0,3386755.0,17,300,3,3,2585.0,9.2,504,0,5,418980,3386425,517,0,5,-96.0
307701,418390.0,3386755.0,17,300,3,3,2585.0,9.2,504,0,5,418995,3386440,516,0,6,-89.13
307701,418390.0,3386755.0,17,300,3,3,2585.0,9.2,504,0,5,418985,3386430,517,0,6,-94.5
307701,418390.0,3386755.0,17,300,3,3,2585.0,9.2,504,0,5,418900,3386505,511,0,7,-94.42
307701,418390.0,3386755.0,17,300,3,3,2585.0,9.2,504,0,5,418885,3386490,511,0,5,-96.0
307701,418390.0,3386755.0,17,300,3,3,2585.0,9.2,504,0,5,418905,3386510,512,18,6,-89.9
307701,418390.0,3386755.0,17,300,3,3,2585.0,9.2,504,0,5,418800,3386565,507,0,5,-90.12
307701,418390.0,3386755.0,17,300,3,3,2585.0,9.2,504,0,5,418960,3386405,517,0,14,-90.5
307701,418390.0,3386755.0,17,300,3,3,2585.0,9.2,504,0,5,418805,3386570,507,0,7,-88.11
307701,418390.0,3386755.0,17,300,3,3,2585.0,9.2,504,0,5,418880,3386485,511,0,5,-95.75
307701,418390.0,3386755.0,17,300,3,3,2585.0,9.2,504,0,5,418910,3386515,512,0,6,-85.75
307701,418390.0,3386755.0,17,300,3,3,2585.0,9.2,504,0,5,418815,3387515,506,0,5,-102.0
307701,418390.0,3386755.0,17,300,3,3,2585.0,9.2,504,0,5,418520,3387105,505,0,5,-100.0
307701,418390.0,3386755.0,17,300,3,3,2585.0,9.2,504,0,5,418525,3387110,505,0,6,-102.0
307701,418390.0,3386755.0,17,300,3,3,2585.0,9.2,504,0,5,418015,3386980,501,0,5,-96.0
307701,418390.0,3386755.0,17,300,3,3,2585.0,9.2,504,0,5,417880,3386835,499,0,5,-110.0
307701,418390.0,3386755.0,17,300,3,3,2585.0,9.2,504,0,5,418560,3386965,509,0,5,-97.0
307701,418390.0,3386755.0,17,300,3,3,2585.0,9.2,504,0,5,418345,3386770,504,9,5,-82.5
307701,418390.0,3386755.0,17,300,3,3,2585.0,9.2,504,0,5,418325,3386790,503,0,14,-75.5
307701,418390.0,3386755.0,17,300,3,3,2585.0,9.2,504,0,5,418365,3386750,504,9,5,-79.5
307701,418390.0,3386755.0,17,300,3,3,2585.0,9.2,504,0,5,418360,3386745,504,5,5,-82.5
307701,418390.0,3386755.0,17,300,3,3,2585.0,9.2,504,0,5,418375,3386760,504,0,5,-78.0
307701,418390.0,3386755.0,17,300,3,3,2585.0,9.2,504,0,5,418270,3386855,502,0,5,-89.14
307701,418390.0,3386755.0,17,300,3,3,2585.0,9.2,504,0,5,418310,3386815,502,0,14,-79.1
307701,418390.0,3386755.0,17,300,3,3,2585.0,9.2,504,0,5,418315,3386820,502,0,14,-82.55
307701,418390.0,3386755.0,17,300,3,3,2585.0,9.2,504,0,5,418290,3386835,502,0,5,-86.63
307701,418390.0,3386755.0,17,300,3,3,2585.0,9.2,504,0,5,418255,3386880,503,0,5,-90.0
307701,418390.0,3386755.0,17,300,3,3,2585.0,9.2,504,0,5,418335,3386800,503,0,14,-78.35
307701,418390.0,3386755.0,17,300,3,3,2585.0,9.2,504,0,5,418410,3386715,504,0,6,-103.0
307701,418390.0,3386755.0,17,300,3,3,2585.0,9.2,504,0,5,418240,3386865,503,0,5,-90.6
307701,418390.0,3386755.0,17,300,3,3,2585.0,9.2,504,0,5,418415,3386720,503,0,6,-86.0
307701,418390.0,3386755.0,17,300,3,3,2585.0,9.2,504,0,5,418245,3386870,503,0,5,-89.49
307701,418390.0,3386755.0,17,300,3,3,2585.0,9.2,504,0,5,418275,3386860,502,0,5,-87.93
307701,418390.0,3386755.0,17,300,3,3,2585.0,9.2,504,0,5,418250,3386875,503,0,5,-88.32
307701,418390.0,3386755.0,17,300,3,3,2585.0,9.2,504,0,5,418265,3386850,503,0,5,-88.56
307701,418390.0,3386755.0,17,300,3,3,2585.0,9.2,504,0,5,418295,3386840,502,0,5,-86.84
307701,418390.0,3386755.0,17,300,3,3,2585.0,9.2,504,0,5,418330,3386795,503,0,14,-79.0
307701,418390.0,3386755.0,17,300,3,3,2585.0,9.2,504,0,5,418305,3386810,503,0,14,-84.4
307701,418390.0,3386755.0,17,300,3,3,2585.0,9.2,504,0,5,418285,3386830,502,0,5,-83.54
307701,418390.0,3386755.0,17,300,3,3,2585.0,9.2,504,0,5,418355,3386780,504,0,5,-82.64
307701,418390.0,3386755.0,17,300,3,3,2585.0,9.2,504,0,5,418435,3386700,503,0,7,-82.43
307701,418390.0,3386755.0,17,300,3,3,2585.0,9.2,504,0,5,418260,3386845,503,0,5,-90.07
307701,418390.0,3386755.0,17,300,3,3,2585.0,9.2,504,0,5,418130,3386930,503,0,5,-96.0
307701,418390.0,3386755.0,17,300,3,3,2585.0,9.2,504,0,5,418115,3386905,504,0,14,-93.25
307701,418390.0,3386755.0,17,300,3,3,2585.0,9.2,504,0,5,418135,3386925,503,0,5,-99.5
307701,418390.0,3386755.0,17,300,3,3,2585.0,9.2,504,0,5,418125,3386935,503,0,5,-95.5
307701,418390.0,3386755.0,17,300,3,3,2585.0,9.2,504,0,5,418565,3386960,509,0,5,-94.5
307701,418390.0,3386755.0,17,300,3,3,2585.0,9.2,504,0,5,418745,3388365,517,0,5,-108.2
307701,418390.0,3386755.0,17,300,3,3,2585.0,9.2,504,0,5,418760,3388340,517,0,5,-108.0
307701,418390.0,3386755.0,17,300,3,3,2585.0,9.2,504,0,5,418620,3388805,519,15,5,-107.78
307701,418390.0,3386755.0,17,300,3,3,2585.0,9.2,504,0,5,417995,3386900,501,102,5,-97.5
307701,418390.0,3386755.0,17,300,3,3,2585.0,9.2,504,0,5,418515,3386410,506,0,6,-99.0
307701,418390.0,3386755.0,17,300,3,3,2585.0,9.2,504,0,5,418130,3386865,504,0,5,-90.5
307701,418390.0,3386755.0,17,300,3,3,2585.0,9.2,504,0,5,418500,3386415,506,0,5,-101.0
307701,418390.0,3386755.0,17,300,3,3,2585.0,9.2,504,0,5,418820,3386500,509,0,5,-97.0
307701,418390.0,3386755.0,17,300,3,3,2585.0,9.2,504,0,5,418655,3386345,507,0,5,-93.0
307701,418390.0,3386755.0,17,300,3,3,2585.0,9.2,504,0,5,418800,3386520,508,0,5,-93.0
307701,418390.0,3386755.0,17,300,3,3,2585.0,9.2,504,0,5,418805,3386515,508,0,5,-95.5
307701,418390.0,3386755.0,17,300,3,3,2585.0,9.2,504,0,5,418810,3386510,508,0,5,-93.0
307701,418390.0,3386755.0,17,300,3,3,2585.0,9.2,504,0,5,418855,3386545,509,0,6,-89.83
307701,418390.0,3386755.0,17,300,3,3,2585.0,9.2,504,0,5,418875,3386525,510,0,7,-91.08
307701,418390.0,3386755.0,17,300,3,3,2585.0,9.2,504,0,5,418865,3386535,510,0,6,-90.79
307701,418390.0,3386755.0,17,300,3,3,2585.0,9.2,504,0,5,418870,3386530,510,18,6,-94.92
307701,418390.0,3386755.0,17,300,3,3,2585.0,9.2,504,0,5,418825,3386495,509,0,5,-95.5
307701,418390.0,3386755.0,17,300,3,3,2585.0,9.2,504,0,5,418840,3386560,508,0,6,-87.2
307701,418390.0,3386755.0,17,300,3,3,2585.0,9.2,504,0,5,418860,3386540,510,0,6,-91.38
307701,418390.0,3386755.0,17,300,3,3,2585.0,9.2,504,0,5,418845,3386555,509,6,6,-90.83
307701,418390.0,3386755.0,17,300,3,3,2585.0,9.2,504,0,5,418850,3386550,509,6,6,-87.0
307701,418390.0,3386755.0,17,300,3,3,2585.0,9.2,504,0,5,418315,3386775,504,0,5,-89.0
307701,418390.0,3386755.0,17,300,3,3,2585.0,9.2,504,0,5,418540,3386690,503,0,14,-74.5
307701,418390.0,3386755.0,17,300,3,3,2585.0,9.2,504,0,5,418320,3386830,502,0,5,-82.31
307701,418390.0,3386755.0,17,300,3,3,2585.0,9.2,504,0,5,418530,3386720,503,0,5,-69.35
307701,418390.0,3386755.0,17,300,3,3,2585.0,9.2,504,0,5,418525,3386705,503,0,14,-73.94
307701,418390.0,3386755.0,17,300,3,3,2585.0,9.2,504,0,5,418535,3386715,503,0,5,-69.75
307701,418390.0,3386755.0,17,300,3,3,2585.0,9.2,504,0,5,418335,3386835,503,0,5,-81.78
307701,418390.0,3386755.0,17,300,3,3,2585.0,9.2,504,0,5,418555,3386695,503,0,14,-72.13
307701,418390.0,3386755.0,17,300,3,3,2585.0,9.2,504,0,5,418325,3386825,502,0,14,-81.41
307701,418390.0,3386755.0,17,300,3,3,2585.0,9.2,504,0,5,418340,3386810,503,0,14,-82.37
307701,418390.0,3386755.0,17,300,3,3,2585.0,9.2,504,0,5,418550,3386700,503,0,5,-71.44
307701,418390.0,3386755.0,17,300,3,3,2585.0,9.2,504,0,5,418345,3386805,503,0,14,-82.1
307701,418390.0,3386755.0,17,300,3,3,2585.0,9.2,504,0,5,418330,3386840,502,0,5,-81.38
307701,418390.0,3386755.0,17,300,3,3,2585.0,9.2,504,0,5,418355,3386815,503,0,14,-79.4
307701,418390.0,3386755.0,17,300,3,3,2585.0,9.2,504,0,5,418350,3386820,503,0,14,-80.23
307701,418390.0,3386755.0,17,300,3,3,2585.0,9.2,504,0,5,418520,3386710,503,0,14,-71.9
307701,418390.0,3386755.0,17,300,3,3,2585.0,9.2,504,0,5,418545,3386685,503,0,5,-73.0
307701,418390.0,3386755.0,17,300,3,3,2585.0,9.2,504,0,5,418865,3386335,514,0,6,-88.5
307701,418390.0,3386755.0,17,300,3,3,2585.0,9.2,504,0,5,418705,3386495,505,0,5,-88.5
307701,418390.0,3386755.0,17,300,3,3,2585.0,9.2,504,0,5,418710,3386490,505,0,5,-93.71
307701,418390.0,3386755.0,17,300,3,3,2585.0,9.2,504,0,5,418715,3386485,505,0,5,-92.25
307701,418390.0,3386755.0,17,300,3,3,2585.0,9.2,504,0,5,418545,3386900,506,0,5,-86.5
307701,418390.0,3386755.0,17,300,3,3,2585.0,9.2,504,0,5,418530,3386905,506,0,5,-87.9
307701,418390.0,3386755.0,17,300,3,3,2585.0,9.2,504,0,5,418105,3387340,496,0,5,-124.0
307701,418390.0,3386755.0,17,300,3,3,2585.0,9.2,504,0,5,418535,3386910,507,0,5,-87.67
307701,418390.0,3386755.0,17,300,3,3,2585.0,9.2,504,0,5,418525,3386920,507,0,5,-87.51
307701,418390.0,3386755.0,17,300,3,3,2585.0,9.2,504,0,5,418520,3386915,506,0,5,-90.14
307701,418390.0,3386755.0,17,300,3,3,2585.0,9.2,504,0,5,418470,3386730,502,0,7,-71.79
307701,418390.0,3386755.0,17,300,3,3,2585.0,9.2,504,0,5,418380,3386660,503,0,6,-94.91
307701,418390.0,3386755.0,17,300,3,3,2585.0,9.2,504,0,5,418465,3386735,503,0,7,-71.65
307701,418390.0,3386755.0,17,300,3,3,2585.0,9.2,504,0,5,418400,3386800,504,0,5,-70.35
307701,418390.0,3386755.0,17,300,3,3,2585.0,9.2,504,0,5,418450,3386750,503,0,6,-73.09
307701,418390.0,3386755.0,17,300,3,3,2585.0,9.2,504,0,5,418440,3386760,503,0,6,-71.29
307701,418390.0,3386755.0,17,300,3,3,2585.0,9.2,504,0,5,418405,3386795,504,0,14,-68.64
307701,418390.0,3386755.0,17,300,3,3,2585.0,9.2,504,0,5,418410,3386790,504,0,5,-66.67
307701,418390.0,3386755.0,17,300,3,3,2585.0,9.2,504,0,5,418445,3386755,503,0,6,-71.43
307701,418390.0,3386755.0,17,300,3,3,2585.0,9.2,504,0,5,418435,3386765,504,0,6,-68.65
307701,418390.0,3386755.0,17,300,3,3,2585.0,9.2,504,0,5,418415,3386785,504,0,6,-67.25
307701,418390.0,3386755.0,17,300,3,3,2585.0,9.2,504,0,5,418420,3386780,504,0,6,-67.27
307701,418390.0,3386755.0,17,300,3,3,2585.0,9.2,504,0,5,418425,3386775,504,0,6,-64.76
307701,418390.0,3386755.0,17,300,3,3,2585.0,9.2,504,0,5,418430,3386770,504,0,6,-65.6
307701,418390.0,3386755.0,17,300,3,3,2585.0,9.2,504,0,5,418460,3386740,503,0,7,-72.25
307701,418390.0,3386755.0,17,300,3,3,2585.0,9.2,504,0,5,418385,3386655,503,0,6,-92.5
307701,418390.0,3386755.0,17,300,3,3,2585.0,9.2,504,0,5,418455,3386745,503,0,6,-73.62
307701,418390.0,3386755.0,17,300,3,3,2585.0,9.2,504,0,5,418395,3386645,503,0,7,-95.25
307701,418390.0,3386755.0,17,300,3,3,2585.0,9.2,504,0,5,418515,3386845,506,0,5,-68.67
307701,418390.0,3386755.0,17,300,3,3,2585.0,9.2,504,0,5,418510,3386850,506,0,5,-75.5
307701,418390.0,3386755.0,17,300,3,3,2585.0,9.2,504,0,5,418505,3386855,506,0,5,-76.83
307701,418390.0,3386755.0,17,300,3,3,2585.0,9.2,504,0,5,418475,3386725,502,0,5,-73.0
307701,418390.0,3386755.0,17,300,3,3,2585.0,9.2,504,0,5,418390,3386650,503,0,5,-94.0
307701,418390.0,3386755.0,17,300,3,3,2585.0,9.2,504,0,5,418735,3386645,506,0,6,-85.5
307701,418390.0,3386755.0,17,300,3,3,2585.0,9.2,504,0,5,418800,3386580,507,0,6,-90.0
307701,418390.0,3386755.0,17,300,3,3,2585.0,9.2,504,0,5,418905,3386515,512,18,6,-89.43
307701,418390.0,3386755.0,17,300,3,3,2585.0,9.2,504,0,5,418885,3386495,511,0,5,-95.0
307701,418390.0,3386755.0,17,300,3,3,2585.0,9.2,504,0,5,418980,3386440,516,0,6,-93.57
307701,418390.0,3386755.0,17,300,3,3,2585.0,9.2,504,0,5,418975,3386405,517,0,14,-94.0
307701,418390.0,3386755.0,17,300,3,3,2585.0,9.2,504,0,5,418890,3386490,511,0,5,-93.11
307701,418390.0,3386755.0,17,300,3,3,2585.0,9.2,504,0,5,418995,3386425,517,0,6,-98.0
307701,418390.0,3386755.0,17,300,3,3,2585.0,9.2,504,0,5,418990,3386430,517,0,6,-91.75
307701,418390.0,3386755.0,17,300,3,3,2585.0,9.2,504,0,5,418900,3386520,511,18,6,-84.5
307701,418390.0,3386755.0,17,300,3,3,2585.0,9.2,504,0,5,418895,3386485,511,0,5,-96.4
307701,418390.0,3386755.0,17,300,3,3,2585.0,9.2,504,0,5,418815,3386565,507,0,7,-87.13
307701,418390.0,3386755.0,17,300,3,3,2585.0,9.2,504,0,5,418985,3386435,516,0,6,-96.5
307701,418390.0,3386755.0,17,300,3,3,2585.0,9.2,504,0,5,418970,3386410,517,0,14,-94.0
307701,418390.0,3386755.0,17,300,3,3,2585.0,9.2,504,0,5,418810,3386570,507,0,6,-87.13
307701,418390.0,3386755.0,17,300,3,3,2585.0,9.2,504,0,5,418880,3386500,511,0,5,-101.2
307701,418390.0,3386755.0,17,300,3,3,2585.0,9.2,504,0,5,418805,3386575,507,0,6,-83.58
307701,418390.0,3386755.0,17,300,3,3,2585.0,9.2,504,0,5,418910,3386510,512,18,6,-91.33
307701,418390.0,3386755.0,17,300,3,3,2585.0,9.2,504,0,5,418960,3386420,516,0,14,-94.0
307701,418390.0,3386755.0,17,300,3,3,2585.0,9.2,504,0,5,418745,3386675,506,6,5,-100.0
307701,418390.0,3386755.0,17,300,3,3,2585.0,9.2,504,0,5,418915,3386505,512,18,6,-91.17
307701,418390.0,3386755.0,17,300,3,3,2585.0,9.2,504,0,5,418695,3388375,518,0,5,-118.5
307701,418390.0,3386755.0,17,300,3,3,2585.0,9.2,504,0,5,418660,3386415,506,0,5,-97.5
307701,418390.0,3386755.0,17,300,3,3,2585.0,9.2,504,0,5,418695,3386470,505,0,5,-99.5
307701,418390.0,3386755.0,17,300,3,3,2585.0,9.2,504,0,5,418555,3387570,503,0,6,-107.67
307701,418390.0,3386755.0,17,300,3,3,2585.0,9.2,504,0,5,418585,3387425,499,6,14,-93.5
307701,418390.0,3386755.0,17,300,3,3,2585.0,9.2,504,0,5,418590,3387440,499,6,14,-93.33
307701,418390.0,3386755.0,17,300,3,3,2585.0,9.2,504,0,5,418090,3386955,502,0,6,-90.5
307701,418390.0,3386755.0,17,300,3,3,2585.0,9.2,504,0,5,418085,3386950,502,0,5,-100.0
307701,418390.0,3386755.0,17,300,3,3,2585.0,9.2,504,0,5,418080,3386945,503,0,5,-102.0
307701,418390.0,3386755.0,17,300,3,3,2585.0,9.2,504,0,5,418105,3386930,503,0,5,-101.2
307701,418390.0,3386755.0,17,300,3,3,2585.0,9.2,504,0,5,418460,3387205,502,6,5,-111.5
307701,418390.0,3386755.0,17,300,3,3,2585.0,9.2,504,0,5,418150,3386895,504,0,5,-98.0
307701,418390.0,3386755.0,17,300,3,3,2585.0,9.2,504,0,5,418100,3386925,503,0,14,-101.43
307701,418390.0,3386755.0,17,300,3,3,2585.0,9.2,504,0,5,418130,3386915,504,0,5,-100.23
307701,418390.0,3386755.0,17,300,3,3,2585.0,9.2,504,0,5,418155,3386900,504,0,5,-98.67
307701,418390.0,3386755.0,17,300,3,3,2585.0,9.2,504,0,5,418125,3386910,504,0,5,-103.67
307701,418390.0,3386755.0,17,300,3,3,2585.0,9.2,504,0,5,418135,3386920,504,0,5,-98.92
307701,418390.0,3386755.0,17,300,3,3,2585.0,9.2,504,0,5,418470,3387215,502,0,5,-104.0
307701,418390.0,3386755.0,17,300,3,3,2585.0,9.2,504,0,5,418115,3386940,503,0,5,-94.67
307701,418390.0,3386755.0,17,300,3,3,2585.0,9.2,504,0,5,418110,3386935,503,0,5,-100.67
307701,418390.0,3386755.0,17,300,3,3,2585.0,9.2,504,0,5,418525,3387085,506,0,5,-100.5
307701,418390.0,3386755.0,17,300,3,3,2585.0,9.2,504,0,5,418515,3387075,506,0,14,-106.8
307701,418390.0,3386755.0,17,300,3,3,2585.0,9.2,504,0,5,418520,3387090,505,0,5,-101.0
307701,418390.0,3386755.0,17,300,3,3,2585.0,9.2,504,0,5,418405,3388245,520,6,14,-113.5
307701,418390.0,3386755.0,17,300,3,3,2585.0,9.2,504,0,5,418790,3386510,507,0,5,-92.67
307701,418390.0,3386755.0,17,300,3,3,2585.0,9.2,504,0,5,418780,3386520,507,0,5,-89.0
307701,418390.0,3386755.0,17,300,3,3,2585.0,9.2,504,0,5,418820,3386480,509,0,5,-90.5
307701,418390.0,3386755.0,17,300,3,3,2585.0,9.2,504,0,5,418615,3386325,506,0,5,-90.5
307701,418390.0,3386755.0,17,300,3,3,2585.0,9.2,504,0,5,418755,3386545,505,0,5,-95.0
307701,418390.0,3386755.0,17,300,3,3,2585.0,9.2,504,0,5,418745,3386555,505,0,5,-85.5
307701,418390.0,3386755.0,17,300,3,3,2585.0,9.2,504,0,5,418670,3386310,508,0,10,-88.0
307701,418390.0,3386755.0,17,300,3,3,2585.0,9.2,504,0,5,418590,3386390,505,0,5,-89.5
307701,418390.0,3386755.0,17,300,3,3,2585.0,9.2,504,0,5,418740,3386560,505,0,6,-87.5
307701,418390.0,3386755.0,17,300,3,3,2585.0,9.2,504,0,5,418485,3386840,506,0,5,-74.33
307701,418390.0,3386755.0,17,300,3,3,2585.0,9.2,504,0,5,418430,3386725,503,0,6,-81.25
307701,418390.0,3386755.0,17,300,3,3,2585.0,9.2,504,0,5,418520,3386875,506,0,5,-78.29
307701,418390.0,3386755.0,17,300,3,3,2585.0,9.2,504,0,5,418415,3386750,504,0,6,-72.06
307701,418390.0,3386755.0,17,300,3,3,2585.0,9.2,504,0,5,418465,3386780,504,0,6,-67.57
307701,418390.0,3386755.0,17,300,3,3,2585.0,9.2,504,0,5,418410,3386745,504,0,6,-73.4
307701,418390.0,3386755.0,17,300,3,3,2585.0,9.2,504,0,5,418480,3386835,506,6,5,-71.92
307701,418390.0,3386755.0,17,300,3,3,2585.0,9.2,504,0,5,418420,3386735,503,0,6,-79.57
307701,418390.0,3386755.0,17,300,3,3,2585.0,9.2,504,0,5,418490,3386825,506,0,5,-62.87
307701,418390.0,3386755.0,17,300,3,3,2585.0,9.2,504,0,5,418400,3386755,504,0,5,-70.67
307701,418390.0,3386755.0,17,300,3,3,2585.0,9.2,504,0,5,418450,3386785,504,9,6,-63.81
307701,418390.0,3386755.0,17,300,3,3,2585.0,9.2,504,0,5,418455,3386790,504,9,6,-65.16
307701,418390.0,3386755.0,17,300,3,3,2585.0,9.2,504,0,5,418405,3386760,504,0,5,-69.84
307701,418390.0,3386755.0,17,300,3,3,2585.0,9.2,504,0,5,418440,3386795,504,0,6,-62.58
307701,418390.0,3386755.0,17,300,3,3,2585.0,9.2,504,0,5,418460,3386775,504,0,6,-68.21
307701,418390.0,3386755.0,17,300,3,3,2585.0,9.2,504,0,5,418495,3386830,506,0,5,-66.27
307701,418390.0,3386755.0,17,300,3,3,2585.0,9.2,504,0,5,418475,3386770,503,0,6,-66.55
307701,418390.0,3386755.0,17,300,3,3,2585.0,9.2,504,0,5,418470,3386765,503,0,6,-68.62
307701,418390.0,3386755.0,17,300,3,3,2585.0,9.2,504,0,5,418500,3386815,505,0,5,-65.33
307701,418390.0,3386755.0,17,300,3,3,2585.0,9.2,504,0,5,418445,3386800,504,0,6,-62.67
307701,418390.0,3386755.0,17,300,3,3,2585.0,9.2,504,0,5,418425,3386740,503,0,6,-76.85
307701,418390.0,3386755.0,17,300,3,3,2585.0,9.2,504,0,5,418525,3386880,506,0,5,-82.4
307701,418390.0,3386755.0,17,300,3,3,2585.0,9.2,504,0,5,418435,3386730,503,0,5,-81.82
307701,418390.0,3386755.0,17,300,3,3,2585.0,9.2,504,0,5,418750,3388210,519,0,5,-115.5
307701,418390.0,3386755.0,17,300,3,3,2585.0,9.2,504,0,5,418480,3387170,504,0,14,-107.0
307701,418390.0,3386755.0,17,300,3,3,2585.0,9.2,504,0,5,418490,3387180,504,0,5,-104.33
307701,418390.0,3386755.0,17,300,3,3,2585.0,9.2,504,0,5,418240,3386930,503,9,6,-97.5
307701,418390.0,3386755.0,17,300,3,3,2585.0,9.2,504,0,5,418360,3386765,504,0,5,-83.33
307701,418390.0,3386755.0,17,300,3,3,2585.0,9.2,504,0,5,418460,3386705,503,0,7,-72.25
307701,418390.0,3386755.0,17,300,3,3,2585.0,9.2,504,0,5,418455,3386700,503,0,7,-76.0
307701,418390.0,3386755.0,17,300,3,3,2585.0,9.2,504,0,5,418300,3386865,502,0,5,-83.73
307701,418390.0,3386755.0,17,300,3,3,2585.0,9.2,504,0,5,418400,3386645,503,0,5,-94.0
307701,418390.0,3386755.0,17,300,3,3,2585.0,9.2,504,0,5,418265,3386830,503,0,5,-91.67
307701,418390.0,3386755.0,17,300,3,3,2585.0,9.2,504,0,5,418370,3386775,504,0,5,-85.25
307701,418390.0,3386755.0,17,300,3,3,2585.0,9.2,504,0,5,418280,3386845,502,0,5,-85.98
307701,418390.0,3386755.0,17,300,3,3,2585.0,9.2,504,0,5,418275,3386840,502,0,5,-88.57
307701,418390.0,3386755.0,17,300,3,3,2585.0,9.2,504,0,5,418390,3386795,504,0,14,-73.29
307701,418390.0,3386755.0,17,300,3,3,2585.0,9.2,504,0,5,418465,3386710,503,0,5,-73.14
307701,418390.0,3386755.0,17,300,3,3,2585.0,9.2,504,0,5,418295,3386860,502,0,5,-85.7
307701,418390.0,3386755.0,17,300,3,3,2585.0,9.2,504,0,5,418290,3386855,502,0,5,-85.66
307701,418390.0,3386755.0,17,300,3,3,2585.0,9.2,504,0,5,418385,3386790,504,0,14,-77.31
307701,418390.0,3386755.0,17,300,3,3,2585.0,9.2,504,0,5,418410,3386655,503,0,5,-93.0
307701,418390.0,3386755.0,17,300,3,3,2585.0,9.2,504,0,5,418395,3386800,504,0,14,-70.8
307701,418390.0,3386755.0,17,300,3,3,2585.0,9.2,504,0,5,418285,3386850,502,0,5,-87.7
307701,418390.0,3386755.0,17,300,3,3,2585.0,9.2,504,0,5,418375,3386780,504,0,5,-80.18
307701,418390.0,3386755.0,17,300,3,3,2585.0,9.2,504,0,5,418380,3386785,504,0,14,-78.01
307701,418390.0,3386755.0,17,300,3,3,2585.0,9.2,504,0,5,418470,3386715,503,0,5,-71.0
307701,418390.0,3386755.0,17,300,3,3,2585.0,9.2,504,0,5,418475,3386720,502,0,5,-72.27
307701,418390.0,3386755.0,17,300,3,3,2585.0,9.2,504,0,5,418405,3386650,503,0,5,-95.67
307701,418390.0,3386755.0,17,300,3,3,2585.0,9.2,504,0,5,418305,3386870,502,12,6,-83.25
307701,418390.0,3386755.0,17,300,3,3,2585.0,9.2,504,0,5,418270,3386835,502,0,5,-83.75
307701,418390.0,3386755.0,17,300,3,3,2585.0,9.2,504,0,5,418365,3386770,504,0,5,-85.25
307701,418390.0,3386755.0,17,300,3,3,2585.0,9.2,504,0,5,418650,3386580,504,0,5,-87.5
307701,418390.0,3386755.0,17,300,3,3,2585.0,9.2,504,0,5,418610,3386700,504,0,6,-70.5
307701,418390.0,3386755.0,17,300,3,3,2585.0,9.2,504,0,5,418615,3386695,504,0,6,-74.33
307701,418390.0,3386755.0,17,300,3,3,2585.0,9.2,504,0,5,418950,3386400,517,0,14,-95.29
307701,418390.0,3386755.0,17,300,3,3,2585.0,9.2,504,0,5,418595,3386675,504,0,5,-74.32
307701,418390.0,3386755.0,17,300,3,3,2585.0,9.2,504,0,5,418690,3386620,505,0,14,-86.24
307701,418390.0,3386755.0,17,300,3,3,2585.0,9.2,504,0,5,418600,3386690,504,0,6,-75.18
307701,418390.0,3386755.0,17,300,3,3,2585.0,9.2,504,0,5,418695,3386615,505,0,14,-88.3
307701,418390.0,3386755.0,17,300,3,3,2585.0,9.2,504,0,5,418590,3386680,504,0,5,-73.61
307701,418390.0,3386755.0,17,300,3,3,2585.0,9.2,504,0,5,418605,3386685,504,0,6,-75.58
307701,418390.0,3386755.0,17,300,3,3,2585.0,9.2,504,0,5,418685,3386605,504,0,14,-88.75
307701,418390.0,3386755.0,17,300,3,3,2585.0,9.2,504,0,5,418680,3386610,504,0,5,-88.33
307701,418390.0,3386755.0,17,300,3,3,2585.0,9.2,504,0,5,418705,3386625,505,0,6,-82.89
307701,418390.0,3386755.0,17,300,3,3,2585.0,9.2,504,0,5,418580,3386670,504,0,5,-77.5
307701,418390.0,3386755.0,17,300,3,3,2585.0,9.2,504,0,5,418955,3386395,517,0,14,-93.0
307701,418390.0,3386755.0,17,300,3,3,2585.0,9.2,504,0,5,418715,3386635,505,0,6,-85.5
307701,418390.0,3386755.0,17,300,3,3,2585.0,9.2,504,0,5,418585,3386665,504,0,5,-78.0
307701,418390.0,3386755.0,17,300,3,3,2585.0,9.2,504,0,5,418700,3386630,505,0,6,-78.5
307701,418390.0,3386755.0,17,300,3,3,2585.0,9.2,504,0,5,418375,3386470,501,0,5,-102.0
307701,418390.0,3386755.0,17,300,3,3,2585.0,9.2,504,0,5,418330,3386425,502,0,5,-105.5
307701,418390.0,3386755.0,17,300,3,3,2585.0,9.2,504,0,5,418370,3386465,501,0,5,-110.0
307701,418390.0,3386755.0,17,300,3,3,2585.0,9.2,504,0,5,418325,3386440,502,0,5,-104.0
307701,418390.0,3386755.0,17,300,3,3,2585.0,9.2,504,0,5,418555,3386275,503,0,6,-105.0
307701,418390.0,3386755.0,17,300,3,3,2585.0,9.2,504,0,5,418545,3387015,509,6,5,-99.5
307701,418390.0,3386755.0,17,300,3,3,2585.0,9.2,504,0,5,418525,3387035,507,0,5,-99.0
307701,418390.0,3386755.0,17,300,3,3,2585.0,9.2,504,0,5,418520,3387040,507,0,5,-99.75
307701,418390.0,3386755.0,17,300,3,3,2585.0,9.2,504,0,5,418530,3387030,508,0,5,-99.82
307701,418390.0,3386755.0,17,300,3,3,2585.0,9.2,504,0,5,418540,3387020,508,0,6,-96.46
307701,418390.0,3386755.0,17,300,3,3,2585.0,9.2,504,0,5,418535,3387025,508,0,6,-98.38
307701,418390.0,3386755.0,17,300,3,3,2585.0,9.2,504,0,5,418730,3386215,512,0,5,-99.0
307701,418390.0,3386755.0,17,300,3,3,2585.0,9.2,504,0,5,418400,3387980,511,6,5,-117.5
307701,418390.0,3386755.0,17,300,3,3,2585.0,9.2,504,0,5,418780,3388280,517,0,11,-98.5
307701,418390.0,3386755.0,17,300,3,3,2585.0,9.2,504,0,5,418040,3387700,504,0,12,-93.4
307701,418390.0,3386755.0,17,300,3,3,2585.0,9.2,504,0,5,418390,3386660,503,0,6,-96.0
307701,418390.0,3386755.0,17,300,3,3,2585.0,9.2,504,0,5,418435,3386775,504,0,6,-68.12
307701,418390.0,3386755.0,17,300,3,3,2585.0,9.2,504,0,5,418410,3386800,504,0,5,-70.54
307701,418390.0,3386755.0,17,300,3,3,2585.0,9.2,504,0,5,418430,3386780,504,0,6,-67.52
307701,418390.0,3386755.0,17,300,3,3,2585.0,9.2,504,0,5,418445,3386745,503,0,6,-74.25
307701,418390.0,3386755.0,17,300,3,3,2585.0,9.2,504,0,5,418470,3386740,502,0,7,-72.64
307701,418390.0,3386755.0,17,300,3,3,2585.0,9.2,504,0,5,418440,3386750,503,0,6,-70.14
307701,418390.0,3386755.0,17,300,3,3,2585.0,9.2,504,0,5,418380,3386650,503,0,6,-94.33
307701,418390.0,3386755.0,17,300,3,3,2585.0,9.2,504,0,5,418415,3386795,504,0,6,-68.41
307701,418390.0,3386755.0,17,300,3,3,2585.0,9.2,504,0,5,418395,3386655,503,0,7,-99.0
307701,418390.0,3386755.0,17,300,3,3,2585.0,9.2,504,0,5,418420,3386770,504,0,6,-66.8
307701,418390.0,3386755.0,17,300,3,3,2585.0,9.2,504,0,5,418460,3386730,503,0,7,-70.0
307701,418390.0,3386755.0,17,300,3,3,2585.0,9.2,504,0,5,418400,3386790,504,0,14,-69.52
307701,418390.0,3386755.0,17,300,3,3,2585.0,9.2,504,0,5,418425,3386765,504,0,6,-67.5
307701,418390.0,3386755.0,17,300,3,3,2585.0,9.2,504,0,5,418450,3386760,503,0,6,-70.45
307701,418390.0,3386755.0,17,300,3,3,2585.0,9.2,504,0,5,418455,3386755,503,0,6,-71.89
307701,418390.0,3386755.0,17,300,3,3,2585.0,9.2,504,0,5,418515,3386855,506,0,5,-75.18
307701,418390.0,3386755.0,17,300,3,3,2585.0,9.2,504,0,5,418475,3386735,502,0,7,-73.63
307701,418390.0,3386755.0,17,300,3,3,2585.0,9.2,504,0,5,418405,3386785,504,0,14,-72.57
307701,418390.0,3386755.0,17,300,3,3,2585.0,9.2,504,0,5,418510,3386860,506,0,5,-80.4
307701,418390.0,3386755.0,17,300,3,3,2585.0,9.2,504,0,5,418465,3386725,503,0,7,-69.25
307701,418390.0,3386755.0,17,300,3,3,2585.0,9.2,504,0,5,418500,3386850,506,0,5,-74.15
307701,418390.0,3386755.0,17,300,3,3,2585.0,9.2,504,0,5,418505,3386845,506,0,5,-72.5
307701,418390.0,3386755.0,17,300,3,3,2585.0,9.2,504,0,5,418700,3386655,505,0,6,-75.5
307701,418390.0,3386755.0,17,300,3,3,2585.0,9.2,504,0,5,418710,3386645,505,6,6,-80.0
307701,418390.0,3386755.0,17,300,3,3,2585.0,9.2,504,0,5,418975,3386390,518,0,14,-98.0
307701,418390.0,3386755.0,17,300,3,3,2585.0,9.2,504,0,5,418960,3386395,517,0,14,-90.0
307701,418390.0,3386755.0,17,300,3,3,2585.0,9.2,504,0,5,418965,3386400,517,0,14,-94.33
307701,418390.0,3386755.0,17,300,3,3,2585.0,9.2,504,0,5,418850,3387515,506,0,5,-100.5
307701,418390.0,3386755.0,17,300,3,3,2585.0,9.2,504,0,5,418535,3387000,509,0,6,-97.13
307701,418390.0,3386755.0,17,300,3,3,2585.0,9.2,504,0,5,418540,3386965,508,0,5,-91.7
307701,418390.0,3386755.0,17,300,3,3,2585.0,9.2,504,0,5,418530,3386995,508,0,5,-95.77
307701,418390.0,3386755.0,17,300,3,3,2585.0,9.2,504,0,5,418545,3386970,508,0,5,-89.6
307701,418390.0,3386755.0,17,300,3,3,2585.0,9.2,504,0,5,418525,3386990,508,0,5,-92.0
307701,418390.0,3386755.0,17,300,3,3,2585.0,9.2,504,0,5,418610,3386745,504,0,7,-85.0
307701,418390.0,3386755.0,17,300,3,3,2585.0,9.2,504,0,5,418950,3386405,517,0,14,-93.5
307701,418390.0,3386755.0,17,300,3,3,2585.0,9.2,504,0,5,418750,3386605,506,0,6,-77.67
307701,418390.0,3386755.0,17,300,3,3,2585.0,9.2,504,0,5,418775,3386590,506,6,6,-88.57
307701,418390.0,3386755.0,17,300,3,3,2585.0,9.2,504,0,5,418795,3386570,507,0,5,-87.42
307701,418390.0,3386755.0,17,300,3,3,2585.0,9.2,504,0,5,418955,3386410,516,0,14,-91.5
307701,418390.0,3386755.0,17,300,3,3,2585.0,9.2,504,0,5,418880,3386475,511,0,5,-99.0
307701,418390.0,3386755.0,17,300,3,3,2585.0,9.2,504,0,5,418760,3386595,506,0,6,-84.91
307701,418390.0,3386755.0,17,300,3,3,2585.0,9.2,504,0,5,418720,3386635,505,6,6,-77.64
307701,418390.0,3386755.0,17,300,3,3,2585.0,9.2,504,0,5,418915,3386450,513,0,5,-92.5
307701,418390.0,3386755.0,17,300,3,3,2585.0,9.2,504,0,5,418780,3386575,506,0,5,-92.73
307701,418390.0,3386755.0,17,300,3,3,2585.0,9.2,504,0,5,418790,3386565,507,0,5,-92.11
307701,418390.0,3386755.0,17,300,3,3,2585.0,9.2,504,0,5,418770,3386585,506,0,6,-91.5
307701,418390.0,3386755.0,17,300,3,3,2585.0,9.2,504,0,5,418765,3386600,506,0,6,-81.33
307701,418390.0,3386755.0,17,300,3,3,2585.0,9.2,504,0,5,418755,3386610,506,0,6,-84.25
307701,418390.0,3386755.0,17,300,3,3,2585.0,9.2,504,0,5,418885,3386480,511,0,5,-95.67
307701,418390.0,3386755.0,17,300,3,3,2585.0,9.2,504,0,5,418730,3386625,505,6,6,-79.57
307701,418390.0,3386755.0,17,300,3,3,2585.0,9.2,504,0,5,418785,3386580,506,6,6,-88.83
307701,418390.0,3386755.0,17,300,3,3,2585.0,9.2,504,0,5,418740,3386615,505,0,6,-80.56
307701,418390.0,3386755.0,17,300,3,3,2585.0,9.2,504,0,5,418880,3386535,511,0,6,-99.5
307701,418390.0,3386755.0,17,300,3,3,2585.0,9.2,504,0,5,418895,3386530,511,0,6,-96.25
307701,418390.0,3386755.0,17,300,3,3,2585.0,9.2,504,0,5,418930,3386485,512,0,6,-94.69
307701,418390.0,3386755.0,17,300,3,3,2585.0,9.2,504,0,5,418960,3386455,515,0,6,-92.93
307701,418390.0,3386755.0,17,300,3,3,2585.0,9.2,504,0,5,418965,3386460,514,6,6,-95.89
307701,418390.0,3386755.0,17,300,3,3,2585.0,9.2,504,0,5,419045,3386380,519,6,6,-92.0
307701,418390.0,3386755.0,17,300,3,3,2585.0,9.2,504,0,5,418890,3386525,511,18,6,-91.43
307701,418390.0,3386755.0,17,300,3,3,2585.0,9.2,504,0,5,418970,3386445,515,0,6,-95.0
307701,418390.0,3386755.0,17,300,3,3,2585.0,9.2,504,0,5,418690,3386725,505,0,7,-95.6
307701,418390.0,3386755.0,17,300,3,3,2585.0,9.2,504,0,5,418695,3386730,505,0,7,-95.0
307701,418390.0,3386755.0,17,300,3,3,2585.0,9.2,504,0,5,419095,3386330,520,0,6,-90.33
307701,418390.0,3386755.0,17,300,3,3,2585.0,9.2,504,0,5,418920,3386495,512,18,6,-95.22
307701,418390.0,3386755.0,17,300,3,3,2585.0,9.2,504,0,5,418925,3386500,512,0,6,-89.33
307701,418390.0,3386755.0,17,300,3,3,2585.0,9.2,504,0,5,418710,3386745,506,21,14,-100.83
307701,418390.0,3386755.0,17,300,3,3,2585.0,9.2,504,0,5,418975,3386450,515,0,6,-95.0
307701,418390.0,3386755.0,17,300,3,3,2585.0,9.2,504,0,5,418935,3386490,512,0,6,-90.25
307701,418390.0,3386755.0,17,300,3,3,2585.0,9.2,504,0,5,418730,3387455,503,24,12,-103.0
307701,418390.0,3386755.0,17,300,3,3,2585.0,9.2,504,0,5,418810,3387455,506,0,5,-95.5
307701,418390.0,3386755.0,17,300,3,3,2585.0,9.2,504,0,5,418805,3387450,506,0,6,-98.5
307701,418390.0,3386755.0,17,300,3,3,2585.0,9.2,504,0,5,418870,3386540,510,0,6,-87.83
307701,418390.0,3386755.0,17,300,3,3,2585.0,9.2,504,0,5,418625,3386285,506,0,5,-116.0
307701,418390.0,3386755.0,17,300,3,3,2585.0,9.2,504,0,5,418865,3386525,510,0,5,-93.79
307701,418390.0,3386755.0,17,300,3,3,2585.0,9.2,504,0,5,418640,3386350,506,0,5,-93.0
307701,418390.0,3386755.0,17,300,3,3,2585.0,9.2,504,0,5,418560,3386270,503,0,6,-101.0
307701,418390.0,3386755.0,17,300,3,3,2585.0,9.2,504,0,5,418610,3386320,506,0,5,-103.0
307701,418390.0,3386755.0,17,300,3,3,2585.0,9.2,504,0,5,418810,3386520,508,0,5,-92.67
307701,418390.0,3386755.0,17,300,3,3,2585.0,9.2,504,0,5,418840,3386550,509,0,6,-89.43
307701,418390.0,3386755.0,17,300,3,3,2585.0,9.2,504,0,5,418860,3386530,510,0,5,-94.06
307701,418390.0,3386755.0,17,300,3,3,2585.0,9.2,504,0,5,418845,3386545,509,6,7,-91.71
307701,418390.0,3386755.0,17,300,3,3,2585.0,9.2,504,0,5,418815,3386515,508,0,5,-92.71
307701,418390.0,3386755.0,17,300,3,3,2585.0,9.2,504,0,5,418855,3386555,509,6,6,-93.88
307701,418390.0,3386755.0,17,300,3,3,2585.0,9.2,504,0,5,418875,3386535,510,18,6,-91.25
307701,418390.0,3386755.0,17,300,3,3,2585.0,9.2,504,0,5,418800,3386510,508,0,5,-95.5
307701,418390.0,3386755.0,17,300,3,3,2585.0,9.2,504,0,5,418545,3387570,502,0,14,-105.5
307701,418390.0,3386755.0,17,300,3,3,2585.0,9.2,504,0,5,417840,3386905,500,0,5,-109.5
307701,418390.0,3386755.0,17,300,3,3,2585.0,9.2,504,0,5,418000,3387365,497,6,14,-104.0
307701,418390.0,3386755.0,17,300,3,3,2585.0,9.2,504,0,5,418545,3386950,508,0,5,-85.8
307701,418390.0,3386755.0,17,300,3,3,2585.0,9.2,504,0,5,418530,3386935,507,0,5,-88.3
307701,418390.0,3386755.0,17,300,3,3,2585.0,9.2,504,0,5,418525,3386930,507,0,5,-90.04
307701,418390.0,3386755.0,17,300,3,3,2585.0,9.2,504,0,5,418535,3386940,507,0,5,-87.97
307701,418390.0,3386755.0,17,300,3,3,2585.0,9.2,504,0,5,418540,3386945,508,0,5,-90.56
307701,418390.0,3386755.0,17,300,3,3,2585.0,9.2,504,0,5,418555,3386960,508,0,5,-86.0
307701,418390.0,3386755.0,17,300,3,3,2585.0,9.2,504,0,5,418520,3386925,507,0,5,-90.6
307701,418390.0,3386755.0,17,300,3,3,2585.0,9.2,504,0,5,418550,3386955,508,0,14,-89.5
307701,418390.0,3386755.0,17,300,3,3,2585.0,9.2,504,0,5,418540,3386430,506,0,5,-94.0
307701,418390.0,3386755.0,17,300,3,3,2585.0,9.2,504,0,5,418535,3386415,506,0,5,-101.5
307701,418390.0,3386755.0,17,300,3,3,2585.0,9.2,504,0,5,418515,3386945,507,0,5,-92.5
307701,418390.0,3386755.0,17,300,3,3,2585.0,9.2,504,0,5,418555,3386905,507,0,5,-91.0
307701,418390.0,3386755.0,17,300,3,3,2585.0,9.2,504,0,5,418525,3386895,506,0,5,-85.0
307701,418390.0,3386755.0,17,300,3,3,2585.0,9.2,504,0,5,418520,3386900,506,0,5,-83.56
307701,418390.0,3386755.0,17,300,3,3,2585.0,9.2,504,0,5,418530,3386890,506,0,5,-81.33
307701,418390.0,3386755.0,17,300,3,3,2585.0,9.2,504,0,5,418520,3386935,507,6,6,-87.33
307701,418390.0,3386755.0,17,300,3,3,2585.0,9.2,504,0,5,418525,3386940,507,0,5,-90.43
307701,418390.0,3386755.0,17,300,3,3,2585.0,9.2,504,0,5,418515,3386910,506,0,5,-87.0
307701,418390.0,3386755.0,17,300,3,3,2585.0,9.2,504,0,5,418530,3386925,507,0,5,-88.8
307701,418390.0,3386755.0,17,300,3,3,2585.0,9.2,504,0,5,418535,3386930,507,0,5,-87.33
307701,418390.0,3386755.0,17,300,3,3,2585.0,9.2,504,0,5,418540,3386955,508,0,5,-91.81
307701,418390.0,3386755.0,17,300,3,3,2585.0,9.2,504,0,5,418545,3386960,508,0,5,-93.4
307701,418390.0,3386755.0,17,300,3,3,2585.0,9.2,504,0,5,418155,3387045,500,0,5,-107.0
307701,418390.0,3386755.0,17,300,3,3,2585.0,9.2,504,0,5,418170,3386880,504,0,5,-93.75
307701,418390.0,3386755.0,17,300,3,3,2585.0,9.2,504,0,5,418415,3386475,501,0,5,-97.8
307701,418390.0,3386755.0,17,300,3,3,2585.0,9.2,504,0,5,418190,3386860,503,0,5,-95.33
307701,418390.0,3386755.0,17,300,3,3,2585.0,9.2,504,0,5,418175,3386875,504,0,5,-99.5
307701,418390.0,3386755.0,17,300,3,3,2585.0,9.2,504,0,5,418435,3386455,503,99,5,-100.0
307701,418390.0,3386755.0,17,300,3,3,2585.0,9.2,504,0,5,417945,3386605,504,0,5,-107.5
307701,418390.0,3386755.0,17,300,3,3,2585.0,9.2,504,0,5,418430,3386460,503,0,5,-99.5
307701,418390.0,3386755.0,17,300,3,3,2585.0,9.2,504,0,5,418240,3386905,503,0,6,-99.5
307701,418390.0,3386755.0,17,300,3,3,2585.0,9.2,504,0,5,418265,3386890,503,0,6,-81.0
307701,418390.0,3386755.0,17,300,3,3,2585.0,9.2,504,0,5,418505,3387130,504,0,5,-99.0
307701,418390.0,3386755.0,17,300,3,3,2585.0,9.2,504,0,5,418260,3386885,503,0,5,-87.0
307701,418390.0,3386755.0,17,300,3,3,2585.0,9.2,504,0,5,418075,3387340,496,6,5,-105.5
307701,418390.0,3386755.0,17,300,3,3,2585.0,9.2,504,0,5,418070,3387335,496,0,5,-107.0
307701,418390.0,3386755.0,17,300,3,3,2585.0,9.2,504,0,5,418890,3386530,511,0,6,-90.33
307701,418390.0,3386755.0,17,300,3,3,2585.0,9.2,504,0,5,418880,3386540,510,0,6,-88.5
307701,418390.0,3386755.0,17,300,3,3,2585.0,9.2,504,0,5,418715,3386745,506,21,14,-95.0
307701,418390.0,3386755.0,17,300,3,3,2585.0,9.2,504,0,5,418970,3386450,515,0,6,-91.5
307701,418390.0,3386755.0,17,300,3,3,2585.0,9.2,504,0,5,418930,3386490,512,0,6,-88.25
307701,418390.0,3386755.0,17,300,3,3,2585.0,9.2,504,0,5,419015,3386405,518,0,6,-88.5
307701,418390.0,3386755.0,17,300,3,3,2585.0,9.2,504,0,5,419005,3386415,518,0,6,-99.0
307701,418390.0,3386755.0,17,300,3,3,2585.0,9.2,504,0,5,418975,3386445,516,0,6,-93.13
307701,418390.0,3386755.0,17,300,3,3,2585.0,9.2,504,0,5,418885,3386535,511,0,6,-85.67
307701,418390.0,3386755.0,17,300,3,3,2585.0,9.2,504,0,5,419000,3386420,518,0,6,-92.75
307701,418390.0,3386755.0,17,300,3,3,2585.0,9.2,504,0,5,418935,3386485,513,0,6,-94.31
307701,418390.0,3386755.0,17,300,3,3,2585.0,9.2,504,0,5,418960,3386460,514,0,6,-97.17
307701,418390.0,3386755.0,17,300,3,3,2585.0,9.2,504,0,5,418920,3386500,512,18,6,-92.67
307701,418390.0,3386755.0,17,300,3,3,2585.0,9.2,504,0,5,418965,3386455,515,0,6,-94.86
307701,418390.0,3386755.0,17,300,3,3,2585.0,9.2,504,0,5,418695,3386725,505,0,7,-101.67
307701,418390.0,3386755.0,17,300,3,3,2585.0,9.2,504,0,5,418895,3386525,511,0,6,-82.0
307701,418390.0,3386755.0,17,300,3,3,2585.0,9.2,504,0,5,418925,3386495,512,0,6,-92.0
307701,418390.0,3386755.0,17,300,3,3,2585.0,9.2,504,0,5,418110,3386950,502,0,6,-93.83
307701,418390.0,3386755.0,17,300,3,3,2585.0,9.2,504,0,5,418080,3386940,503,0,5,-101.25
307701,418390.0,3386755.0,17,300,3,3,2585.0,9.2,504,0,5,418095,3386925,503,0,5,-98.0
307701,418390.0,3386755.0,17,300,3,3,2585.0,9.2,504,0,5,418090,3386930,503,0,5,-102.5
307701,418390.0,3386755.0,17,300,3,3,2585.0,9.2,504,0,5,418150,3386910,504,0,5,-97.28
307701,418390.0,3386755.0,17,300,3,3,2585.0,9.2,504,0,5,418155,3386905,504,0,5,-98.28
307701,418390.0,3386755.0,17,300,3,3,2585.0,9.2,504,0,5,418085,3386935,503,0,5,-103.4
307701,418390.0,3386755.0,17,300,3,3,2585.0,9.2,504,0,5,418120,3386900,504,0,5,-95.33
307701,418390.0,3386755.0,17,300,3,3,2585.0,9.2,504,0,5,418145,3386915,504,0,5,-98.06
307701,418390.0,3386755.0,17,300,3,3,2585.0,9.2,504,0,5,418410,3387250,500,0,14,-92.11
307701,418390.0,3386755.0,17,300,3,3,2585.0,9.2,504,0,5,418140,3386920,504,0,5,-99.0
307701,418390.0,3386755.0,17,300,3,3,2585.0,9.2,504,0,5,418415,3387245,500,0,14,-89.29
307701,418390.0,3386755.0,17,300,3,3,2585.0,9.2,504,0,5,418710,3386760,505,0,14,-104.0
307701,418390.0,3386755.0,17,300,3,3,2585.0,9.2,504,0,5,418685,3386725,505,0,7,-100.0
307701,418390.0,3386755.0,17,300,3,3,2585.0,9.2,504,0,5,418840,3386570,508,6,6,-86.0
307701,418390.0,3386755.0,17,300,3,3,2585.0,9.2,504,0,5,418935,3386495,512,0,6,-86.6
307701,418390.0,3386755.0,17,300,3,3,2585.0,9.2,504,0,5,418925,3386485,512,0,6,-94.31
307701,418390.0,3386755.0,17,300,3,3,2585.0,9.2,504,0,5,419005,3386405,518,0,5,-96.5
307701,418390.0,3386755.0,17,300,3,3,2585.0,9.2,504,0,5,418970,3386460,515,6,6,-96.0
307701,418390.0,3386755.0,17,300,3,3,2585.0,9.2,504,0,5,418965,3386445,515,0,5,-94.13
307701,418390.0,3386755.0,17,300,3,3,2585.0,9.2,504,0,5,418960,3386450,515,0,6,-94.5
307701,418390.0,3386755.0,17,300,3,3,2585.0,9.2,504,0,5,418930,3386500,512,6,6,-91.8
307701,418390.0,3386755.0,17,300,3,3,2585.0,9.2,504,0,5,418885,3386525,511,18,6,-89.38
307701,418390.0,3386755.0,17,300,3,3,2585.0,9.2,504,0,5,418920,3386490,512,0,6,-95.69
307701,418390.0,3386755.0,17,300,3,3,2585.0,9.2,504,0,5,418975,3386455,515,0,6,-91.14
307701,418390.0,3386755.0,17,300,3,3,2585.0,9.2,504,0,5,418880,3386530,511,18,6,-89.56
307701,418390.0,3386755.0,17,300,3,3,2585.0,9.2,504,0,5,418045,3387700,504,0,12,-96.33
307701,418390.0,3386755.0,17,300,3,3,2585.0,9.2,504,0,5,418040,3387695,504,0,12,-91.5
307701,418390.0,3386755.0,17,300,3,3,2585.0,9.2,504,0,5,418670,3388385,518,0,5,-119.67
307701,418390.0,3386755.0,17,300,3,3,2585.0,9.2,504,0,5,418710,3386680,505,0,5,-100.5
307701,418390.0,3386755.0,17,300,3,3,2585.0,9.2,504,0,5,418655,3386695,504,0,6,-86.5
307701,418390.0,3386755.0,17,300,3,3,2585.0,9.2,504,0,5,418990,3386400,518,0,5,-92.67
307701,418390.0,3386755.0,17,300,3,3,2585.0,9.2,504,0,5,418995,3386395,519,0,5,-93.0
307701,418390.0,3386755.0,17,300,3,3,2585.0,9.2,504,0,5,418675,3386715,505,0,7,-100.33
307701,418390.0,3386755.0,17,300,3,3,2585.0,9.2,504,0,5,418680,3386650,504,0,6,-80.5
307701,418390.0,3386755.0,17,300,3,3,2585.0,9.2,504,0,5,418685,3386645,505,0,7,-81.6
307701,418390.0,3386755.0,17,300,3,3,2585.0,9.2,504,0,5,418660,3388025,516,0,5,-121.0
307701,418390.0,3386755.0,17,300,3,3,2585.0,9.2,504,0,5,418400,3388245,520,6,14,-106.5
307701,418390.0,3386755.0,17,300,3,3,2585.0,9.2,504,0,5,418545,3386250,503,0,10,-105.33
307701,418390.0,3386755.0,17,300,3,3,2585.0,9.2,504,0,5,418540,3386245,503,0,5,-101.67
307701,418390.0,3386755.0,17,300,3,3,2585.0,9.2,504,0,5,418145,3386095,514,0,5,-106.5
307701,418390.0,3386755.0,17,300,3,3,2585.0,9.2,504,0,5,418070,3386960,502,0,5,-101.33
307701,418390.0,3386755.0,17,300,3,3,2585.0,9.2,504,0,5,418075,3386955,502,0,5,-96.0
307701,418390.0,3386755.0,17,300,3,3,2585.0,9.2,504,0,5,418010,3386900,502,0,5,-99.0
307701,418390.0,3386755.0,17,300,3,3,2585.0,9.2,504,0,5,418065,3386945,503,0,5,-100.67
307701,418390.0,3386755.0,17,300,3,3,2585.0,9.2,504,0,5,418045,3386925,503,0,5,-91.5
307701,418390.0,3386755.0,17,300,3,3,2585.0,9.2,504,0,5,418055,3386935,503,0,5,-93.0
307701,418390.0,3386755.0,17,300,3,3,2585.0,9.2,504,0,5,418635,3388005,514,0,5,-108.5
307701,418390.0,3386755.0,17,300,3,3,2585.0,9.2,504,0,5,418405,3388235,520,0,5,-118.5
307701,418390.0,3386755.0,17,300,3,3,2585.0,9.2,504,0,5,418215,3386860,503,0,5,-94.25
307701,418390.0,3386755.0,17,300,3,3,2585.0,9.2,504,0,5,418230,3386875,503,0,5,-90.4
307701,418390.0,3386755.0,17,300,3,3,2585.0,9.2,504,0,5,418220,3386865,503,0,5,-93.9
307701,418390.0,3386755.0,17,300,3,3,2585.0,9.2,504,0,5,418225,3386870,503,0,5,-93.71
307701,418390.0,3386755.0,17,300,3,3,2585.0,9.2,504,0,5,418235,3386880,503,0,5,-88.86
307701,418390.0,3386755.0,17,300,3,3,2585.0,9.2,504,0,5,418210,3386855,503,0,5,-99.33
307701,418390.0,3386755.0,17,300,3,3,2585.0,9.2,504,0,5,418735,3386620,505,0,6,-83.0
307701,418390.0,3386755.0,17,300,3,3,2585.0,9.2,504,0,5,418790,3386595,507,6,6,-98.33
307701,418390.0,3386755.0,17,300,3,3,2585.0,9.2,504,0,5,418760,3386565,505,0,5,-90.91
307701,418390.0,3386755.0,17,300,3,3,2585.0,9.2,504,0,5,418780,3386585,506,0,6,-86.5
307701,418390.0,3386755.0,17,300,3,3,2585.0,9.2,504,0,5,418765,3386570,506,0,5,-93.1
307701,418390.0,3386755.0,17,300,3,3,2585.0,9.2,504,0,5,418730,3386615,505,0,7,-85.25
307701,418390.0,3386755.0,17,300,3,3,2585.0,9.2,504,0,5,418915,3386480,512,0,5,-94.43
307701,418390.0,3386755.0,17,300,3,3,2585.0,9.2,504,0,5,418725,3386610,505,0,5,-86.17
307701,418390.0,3386755.0,17,300,3,3,2585.0,9.2,504,0,5,418775,3386580,506,0,5,-88.48
307701,418390.0,3386755.0,17,300,3,3,2585.0,9.2,504,0,5,418905,3386470,512,0,5,-92.2
307701,418390.0,3386755.0,17,300,3,3,2585.0,9.2,504,0,5,418720,3386605,505,0,5,-88.32
307701,418390.0,3386755.0,17,300,3,3,2585.0,9.2,504,0,5,418955,3386440,515,0,5,-101.0
307701,418390.0,3386755.0,17,300,3,3,2585.0,9.2,504,0,5,418770,3386575,506,0,5,-91.17
307701,418390.0,3386755.0,17,300,3,3,2585.0,9.2,504,0,5,418785,3386590,507,0,6,-84.75
307701,418390.0,3386755.0,17,300,3,3,2585.0,9.2,504,0,5,418900,3386465,512,0,5,-101.33
307701,418390.0,3386755.0,17,300,3,3,2585.0,9.2,504,0,5,418945,3386430,515,0,5,-94.25
307701,418390.0,3386755.0,17,300,3,3,2585.0,9.2,504,0,5,418740,3386625,506,0,6,-80.5
307701,418390.0,3386755.0,17,300,3,3,2585.0,9.2,504,0,5,418075,3386945,503,0,5,-99.33
307701,418390.0,3386755.0,17,300,3,3,2585.0,9.2,504,0,5,418005,3386895,502,0,5,-93.67
307701,418390.0,3386755.0,17,300,3,3,2585.0,9.2,504,0,5,418065,3386955,502,0,5,-103.0
307701,418390.0,3386755.0,17,300,3,3,2585.0,9.2,504,0,5,418000,3386900,501,0,5,-98.0
307701,418390.0,3386755.0,17,300,3,3,2585.0,9.2,504,0,5,417930,3386735,500,6,6,-101.67
307701,418390.0,3386755.0,17,300,3,3,2585.0,9.2,504,0,5,418760,3388335,517,0,5,-101.5
307701,418390.0,3386755.0,17,300,3,3,2585.0,9.2,504,0,5,418000,3386985,501,0,5,-94.67
307701,418390.0,3386755.0,17,300,3,3,2585.0,9.2,504,0,5,418030,3386975,501,0,5,-102.0
307701,418390.0,3386755.0,17,300,3,3,2585.0,9.2,504,0,5,417945,3386890,500,0,5,-91.0
307701,418390.0,3386755.0,17,300,3,3,2585.0,9.2,504,0,5,418525,3387040,507,0,5,-99.5
307701,418390.0,3386755.0,17,300,3,3,2585.0,9.2,504,0,5,418535,3387030,508,0,6,-99.0
307701,418390.0,3386755.0,17,300,3,3,2585.0,9.2,504,0,5,418540,3387015,509,0,6,-95.14
307701,418390.0,3386755.0,17,300,3,3,2585.0,9.2,504,0,5,418530,3387025,508,0,5,-98.81
307701,418390.0,3386755.0,17,300,3,3,2585.0,9.2,504,0,5,418715,3386505,505,0,5,-93.0
307701,418390.0,3386755.0,17,300,3,3,2585.0,9.2,504,0,5,418515,3387095,505,0,5,-103.0
307701,418390.0,3386755.0,17,300,3,3,2585.0,9.2,504,0,5,418520,3387070,506,0,5,-100.17
307701,418390.0,3386755.0,17,300,3,3,2585.0,9.2,504,0,5,418510,3387100,505,0,5,-103.0
307701,418390.0,3386755.0,17,300,3,3,2585.0,9.2,504,0,5,418525,3387065,506,0,5,-103.0
307701,418390.0,3386755.0,17,300,3,3,2585.0,9.2,504,0,5,418525,3386885,506,0,5,-78.0
307701,418390.0,3386755.0,17,300,3,3,2585.0,9.2,504,0,5,418535,3386895,506,0,5,-79.67
307701,418390.0,3386755.0,17,300,3,3,2585.0,9.2,504,0,5,418530,3386900,506,0,5,-85.67
307701,418390.0,3386755.0,17,300,3,3,2585.0,9.2,504,0,5,418540,3386910,507,0,5,-84.0
307701,418390.0,3386755.0,17,300,3,3,2585.0,9.2,504,0,5,418520,3386890,506,0,5,-86.67
307701,418390.0,3386755.0,17,300,3,3,2585.0,9.2,504,0,5,418400,3386740,504,9,6,-84.5
307701,418390.0,3386755.0,17,300,3,3,2585.0,9.2,504,0,5,418405,3386735,504,9,6,-85.5
307701,418390.0,3386755.0,17,300,3,3,2585.0,9.2,504,0,5,418435,3386745,503,0,6,-71.42
307701,418390.0,3386755.0,17,300,3,3,2585.0,9.2,504,0,5,418430,3386750,503,0,6,-69.43
307701,418390.0,3386755.0,17,300,3,3,2585.0,9.2,504,0,5,418425,3386755,504,0,7,-68.68
307701,418390.0,3386755.0,17,300,3,3,2585.0,9.2,504,0,5,418455,3386765,503,0,6,-67.26
307701,418390.0,3386755.0,17,300,3,3,2585.0,9.2,504,0,5,418415,3386725,504,0,6,-78.33
307701,418390.0,3386755.0,17,300,3,3,2585.0,9.2,504,0,5,418520,3386860,506,0,5,-74.0
307701,418390.0,3386755.0,17,300,3,3,2585.0,9.2,504,0,5,418505,3386835,506,0,5,-63.83
307701,418390.0,3386755.0,17,300,3,3,2585.0,9.2,504,0,5,418465,3386795,504,0,6,-64.72
307701,418390.0,3386755.0,17,300,3,3,2585.0,9.2,504,0,5,418440,3386780,504,0,6,-68.12
307701,418390.0,3386755.0,17,300,3,3,2585.0,9.2,504,0,5,418490,3386810,505,0,6,-59.64
307701,418390.0,3386755.0,17,300,3,3,2585.0,9.2,504,0,5,418445,3386775,504,0,6,-67.12
307701,418390.0,3386755.0,17,300,3,3,2585.0,9.2,504,0,5,418470,3386790,504,0,6,-65.45
307701,418390.0,3386755.0,17,300,3,3,2585.0,9.2,504,0,5,418485,3386815,505,0,6,-63.57
307701,418390.0,3386755.0,17,300,3,3,2585.0,9.2,504,0,5,418420,3386760,504,0,6,-71.21
307701,418390.0,3386755.0,17,300,3,3,2585.0,9.2,504,0,5,418450,3386770,504,0,6,-66.94
307701,418390.0,3386755.0,17,300,3,3,2585.0,9.2,504,0,5,418460,3386800,505,9,6,-64.56
307701,418390.0,3386755.0,17,300,3,3,2585.0,9.2,504,0,5,418500,3386840,506,0,5,-72.62
307701,418390.0,3386755.0,17,300,3,3,2585.0,9.2,504,0,5,418475,3386785,504,0,6,-65.56
307701,418390.0,3386755.0,17,300,3,3,2585.0,9.2,504,0,5,418480,3386820,506,0,6,-62.88
307701,418390.0,3386755.0,17,300,3,3,2585.0,9.2,504,0,5,418410,3386730,504,0,6,-77.5
307701,418390.0,3386755.0,17,300,3,3,2585.0,9.2,504,0,5,418495,3386805,505,0,6,-68.67
307701,418390.0,3386755.0,17,300,3,3,2585.0,9.2,504,0,5,418970,3386475,514,0,6,-92.5
307701,418390.0,3386755.0,17,300,3,3,2585.0,9.2,504,0,5,418680,3386745,505,0,7,-94.0
307701,418390.0,3386755.0,17,300,3,3,2585.0,9.2,504,0,5,419005,3386430,517,0,6,-91.0
307701,418390.0,3386755.0,17,300,3,3,2585.0,9.2,504,0,5,418985,3386450,516,0,6,-91.75
307701,418390.0,3386755.0,17,300,3,3,2585.0,9.2,504,0,5,418700,3386725,505,0,7,-94.0
307701,418390.0,3386755.0,17,300,3,3,2585.0,9.2,504,0,5,418980,3386445,516,0,6,-95.8
307701,418390.0,3386755.0,17,300,3,3,2585.0,9.2,504,0,5,418920,3386505,512,18,6,-92.25
307701,418390.0,3386755.0,17,300,3,3,2585.0,9.2,504,0,5,418710,3386735,506,0,5,-92.17
307701,418390.0,3386755.0,17,300,3,3,2585.0,9.2,504,0,5,418945,3386490,513,0,6,-90.75
307701,418390.0,3386755.0,17,300,3,3,2585.0,9.2,504,0,5,418940,3386485,513,0,6,-92.71
307701,418390.0,3386755.0,17,300,3,3,2585.0,9.2,504,0,5,418715,3386740,506,21,5,-93.57
307701,418390.0,3386755.0,17,300,3,3,2585.0,9.2,504,0,5,418595,3386710,504,0,6,-67.5
307701,418390.0,3386755.0,17,300,3,3,2585.0,9.2,504,0,5,418580,3386715,503,0,6,-74.33
307701,418390.0,3386755.0,17,300,3,3,2585.0,9.2,504,0,5,418570,3386685,504,0,14,-73.6
307701,418390.0,3386755.0,17,300,3,3,2585.0,9.2,504,0,5,418715,3386590,505,0,5,-94.09
307701,418390.0,3386755.0,17,300,3,3,2585.0,9.2,504,0,5,418565,3386700,503,0,5,-70.64
307701,418390.0,3386755.0,17,300,3,3,2585.0,9.2,504,0,5,418660,3386635,504,0,14,-84.38
307701,418390.0,3386755.0,17,300,3,3,2585.0,9.2,504,0,5,418560,3386695,503,0,14,-72.86
307701,418390.0,3386755.0,17,300,3,3,2585.0,9.2,504,0,5,418665,3386640,504,0,5,-82.31
307701,418390.0,3386755.0,17,300,3,3,2585.0,9.2,504,0,5,418575,3386690,504,0,14,-72.0
307701,418390.0,3386755.0,17,300,3,3,2585.0,9.2,504,0,5,418670,3386625,504,0,5,-86.32
307701,418390.0,3386755.0,17,300,3,3,2585.0,9.2,504,0,5,418675,3386630,504,0,5,-82.67
307701,418390.0,3386755.0,17,300,3,3,2585.0,9.2,504,0,5,418610,3386645,504,0,5,-75.5
307701,418390.0,3386755.0,17,300,3,3,2585.0,9.2,504,0,5,418605,3386660,504,0,5,-84.92
307701,418390.0,3386755.0,17,300,3,3,2585.0,9.2,504,0,5,418705,3386600,505,0,5,-90.81
307701,418390.0,3386755.0,17,300,3,3,2585.0,9.2,504,0,5,418615,3386650,504,0,5,-82.64
307701,418390.0,3386755.0,17,300,3,3,2585.0,9.2,504,0,5,418620,3386675,504,0,6,-77.39
307701,418390.0,3386755.0,17,300,3,3,2585.0,9.2,504,0,5,418630,3386665,504,0,5,-78.92
307701,418390.0,3386755.0,17,300,3,3,2585.0,9.2,504,0,5,418635,3386670,504,0,6,-79.67
307701,418390.0,3386755.0,17,300,3,3,2585.0,9.2,504,0,5,418625,3386680,504,0,7,-76.6
307701,418390.0,3386755.0,17,300,3,3,2585.0,9.2,504,0,5,418710,3386585,505,0,5,-95.0
307701,418390.0,3386755.0,17,300,3,3,2585.0,9.2,504,0,5,418600,3386655,504,0,5,-77.0
307701,418390.0,3386755.0,17,300,3,3,2585.0,9.2,504,0,5,418645,3386620,504,0,5,-84.5
307701,418390.0,3386755.0,17,300,3,3,2585.0,9.2,504,0,5,418700,3386595,505,0,5,-91.33
307701,418390.0,3386755.0,17,300,3,3,2585.0,9.2,504,0,5,418655,3386610,504,0,5,-89.0
307701,418390.0,3386755.0,17,300,3,3,2585.0,9.2,504,0,5,418590,3386705,504,0,6,-70.8
307701,418390.0,3386755.0,17,300,3,3,2585.0,9.2,504,0,5,418570,3386965,509,0,5,-92.0
307701,418390.0,3386755.0,17,300,3,3,2585.0,9.2,504,0,5,418045,3386970,502,0,5,-101.0
307701,418390.0,3386755.0,17,300,3,3,2585.0,9.2,504,0,5,418040,3386965,502,0,5,-101.5
307701,418390.0,3386755.0,17,300,3,3,2585.0,9.2,504,0,5,418750,3388360,517,0,5,-116.5
307701,418390.0,3386755.0,17,300,3,3,2585.0,9.2,504,0,5,418745,3388345,518,0,5,-107.25
307701,418390.0,3386755.0,17,300,3,3,2585.0,9.2,504,0,5,418740,3388350,518,0,14,-108.38
307701,418390.0,3386755.0,17,300,3,3,2585.0,9.2,504,0,5,418175,3386930,503,0,6,-94.0
307701,418390.0,3386755.0,17,300,3,3,2585.0,9.2,504,0,5,418170,3386925,503,0,5,-89.57
307701,418390.0,3386755.0,17,300,3,3,2585.0,9.2,504,0,5,418200,3386895,503,0,5,-93.49
307701,418390.0,3386755.0,17,300,3,3,2585.0,9.2,504,0,5,418215,3386890,503,0,5,-91.14
307701,418390.0,3386755.0,17,300,3,3,2585.0,9.2,504,0,5,418210,3386885,503,0,5,-91.93
307701,418390.0,3386755.0,17,300,3,3,2585.0,9.2,504,0,5,418230,3386905,503,0,6,-95.0
307701,418390.0,3386755.0,17,300,3,3,2585.0,9.2,504,0,5,418205,3386900,503,0,5,-90.44
307701,418390.0,3386755.0,17,300,3,3,2585.0,9.2,504,0,5,418385,3387485,501,0,5,-112.0
307701,418390.0,3386755.0,17,300,3,3,2585.0,9.2,504,0,5,418140,3386930,503,0,5,-89.0
307701,418390.0,3386755.0,17,300,3,3,2585.0,9.2,504,0,5,418095,3386915,504,0,14,-95.0
307701,418390.0,3386755.0,17,300,3,3,2585.0,9.2,504,0,5,418410,3387240,501,0,14,-88.4
307701,418390.0,3386755.0,17,300,3,3,2585.0,9.2,504,0,5,418110,3386900,504,0,5,-90.33
307701,418390.0,3386755.0,17,300,3,3,2585.0,9.2,504,0,5,418145,3386925,503,0,5,-95.33
307701,418390.0,3386755.0,17,300,3,3,2585.0,9.2,504,0,5,418415,3387235,501,6,14,-89.29
307701,418390.0,3386755.0,17,300,3,3,2585.0,9.2,504,0,5,418515,3387110,505,0,5,-104.75
307701,418390.0,3386755.0,17,300,3,3,2585.0,9.2,504,0,5,418530,3387045,507,0,6,-99.36
307701,418390.0,3386755.0,17,300,3,3,2585.0,9.2,504,0,5,418535,3387050,507,0,6,-103.4
307701,418390.0,3386755.0,17,300,3,3,2585.0,9.2,504,0,5,418505,3387120,505,0,5,-105.0
307701,418390.0,3386755.0,17,300,3,3,2585.0,9.2,504,0,5,418525,3387060,506,0,5,-103.85
307701,418390.0,3386755.0,17,300,3,3,2585.0,9.2,504,0,5,418520,3387055,506,0,5,-101.67
307701,418390.0,3386755.0,17,300,3,3,2585.0,9.2,504,0,5,418510,3387105,505,0,5,-104.33
307701,418390.0,3386755.0,17,300,3,3,2585.0,9.2,504,0,5,418350,3386475,501,0,5,-105.0
307701,418390.0,3386755.0,17,300,3,3,2585.0,9.2,504,0,5,418555,3386280,503,0,6,-103.0
307701,418390.0,3386755.0,17,300,3,3,2585.0,9.2,504,0,5,418500,3386855,506,0,5,-77.5
307701,418390.0,3386755.0,17,300,3,3,2585.0,9.2,504,0,5,418435,3386770,504,0,6,-68.2
307701,418390.0,3386755.0,17,300,3,3,2585.0,9.2,504,0,5,418475,3386730,502,0,5,-75.16
307701,418390.0,3386755.0,17,300,3,3,2585.0,9.2,504,0,5,418440,3386755,503,0,6,-69.16
307701,418390.0,3386755.0,17,300,3,3,2585.0,9.2,504,0,5,418385,3386660,503,0,6,-94.92
307701,418390.0,3386755.0,17,300,3,3,2585.0,9.2,504,0,5,418405,3386800,504,0,5,-70.36
307701,418390.0,3386755.0,17,300,3,3,2585.0,9.2,504,0,5,418390,3386645,503,0,7,-100.0
307701,418390.0,3386755.0,17,300,3,3,2585.0,9.2,504,0,5,418505,3386860,506,0,5,-79.0
307701,418390.0,3386755.0,17,300,3,3,2585.0,9.2,504,0,5,418455,3386750,503,0,6,-70.74
307701,418390.0,3386755.0,17,300,3,3,2585.0,9.2,504,0,5,418375,3386670,503,0,7,-97.0
307701,418390.0,3386755.0,17,300,3,3,2585.0,9.2,504,0,5,418515,3386850,506,0,5,-74.0
307701,418390.0,3386755.0,17,300,3,3,2585.0,9.2,504,0,5,418415,3386790,504,0,6,-65.63
307701,418390.0,3386755.0,17,300,3,3,2585.0,9.2,504,0,5,418430,3386765,504,0,6,-69.04
307701,418390.0,3386755.0,17,300,3,3,2585.0,9.2,504,0,5,418465,3386740,502,0,7,-72.25
307701,418390.0,3386755.0,17,300,3,3,2585.0,9.2,504,0,5,418400,3386795,504,0,14,-68.69
307701,418390.0,3386755.0,17,300,3,3,2585.0,9.2,504,0,5,418380,3386655,503,0,6,-93.77
307701,418390.0,3386755.0,17,300,3,3,2585.0,9.2,504,0,5,418420,3386775,504,0,6,-67.0
307701,418390.0,3386755.0,17,300,3,3,2585.0,9.2,504,0,5,418425,3386780,504,0,6,-67.12
307701,418390.0,3386755.0,17,300,3,3,2585.0,9.2,504,0,5,418410,3386785,504,0,5,-67.2
307701,418390.0,3386755.0,17,300,3,3,2585.0,9.2,504,0,5,418450,3386745,503,0,6,-73.49
307701,418390.0,3386755.0,17,300,3,3,2585.0,9.2,504,0,5,418445,3386760,503,0,6,-71.31
307701,418390.0,3386755.0,17,300,3,3,2585.0,9.2,504,0,5,418510,3386845,506,0,5,-73.19
307701,418390.0,3386755.0,17,300,3,3,2585.0,9.2,504,0,5,418460,3386735,503,0,7,-72.36
307701,418390.0,3386755.0,17,300,3,3,2585.0,9.2,504,0,5,418470,3386725,502,0,7,-76.25
307701,418390.0,3386755.0,17,300,3,3,2585.0,9.2,504,0,5,418395,3386650,503,0,7,-103.0
307701,418390.0,3386755.0,17,300,3,3,2585.0,9.2,504,0,5,418040,3386915,503,0,5,-100.0
307701,418390.0,3386755.0,17,300,3,3,2585.0,9.2,504,0,5,418375,3388245,519,6,5,-112.0
307701,418390.0,3386755.0,17,300,3,3,2585.0,9.2,504,0,5,418150,3386930,503,0,5,-90.5
307701,418390.0,3386755.0,17,300,3,3,2585.0,9.2,504,0,5,418420,3387220,501,0,14,-91.11
307701,418390.0,3386755.0,17,300,3,3,2585.0,9.2,504,0,5,418155,3386925,503,0,5,-95.75
307701,418390.0,3386755.0,17,300,3,3,2585.0,9.2,504,0,5,418140,3386940,503,0,6,-94.0
307701,418390.0,3386755.0,17,300,3,3,2585.0,9.2,504,0,5,418145,3386935,503,0,5,-90.8
307701,418390.0,3386755.0,17,300,3,3,2585.0,9.2,504,0,5,418080,3386920,504,0,5,-94.25
307701,418390.0,3386755.0,17,300,3,3,2585.0,9.2,504,0,5,418100,3386900,504,0,5,-89.5
307701,418390.0,3386755.0,17,300,3,3,2585.0,9.2,504,0,5,418375,3386885,503,0,14,-92.5
307701,418390.0,3386755.0,17,300,3,3,2585.0,9.2,504,0,5,418515,3387105,505,0,5,-102.0
307701,418390.0,3386755.0,17,300,3,3,2585.0,9.2,504,0,5,418510,3387110,505,0,5,-100.33
307701,418390.0,3386755.0,17,300,3,3,2585.0,9.2,504,0,5,418535,3387045,507,0,6,-101.29
307701,418390.0,3386755.0,17,300,3,3,2585.0,9.2,504,0,5,418530,3387050,507,0,6,-102.83
307701,418390.0,3386755.0,17,300,3,3,2585.0,9.2,504,0,5,418520,3387060,506,0,14,-100.09
307701,418390.0,3386755.0,17,300,3,3,2585.0,9.2,504,0,5,418525,3387055,507,0,5,-99.92
307701,418390.0,3386755.0,17,300,3,3,2585.0,9.2,504,0,5,418720,3386280,510,0,5,-104.0
307701,418390.0,3386755.0,17,300,3,3,2585.0,9.2,504,0,5,418710,3386530,505,0,6,-89.0
307701,418390.0,3386755.0,17,300,3,3,2585.0,9.2,504,0,5,418385,3386500,500,0,5,-104.5
307701,418390.0,3386755.0,17,300,3,3,2585.0,9.2,504,0,5,418000,3386875,501,0,5,-107.33
307701,418390.0,3386755.0,17,300,3,3,2585.0,9.2,504,0,5,418005,3386880,501,0,5,-108.0
307701,418390.0,3386755.0,17,300,3,3,2585.0,9.2,504,0,5,418385,3388260,520,0,5,-115.0
307701,418390.0,3386755.0,17,300,3,3,2585.0,9.2,504,0,5,418800,3386485,508,0,5,-91.33
307701,418390.0,3386755.0,17,300,3,3,2585.0,9.2,504,0,5,418595,3386280,504,0,5,-114.5
307701,418390.0,3386755.0,17,300,3,3,2585.0,9.2,504,0,5,418835,3386520,509,0,5,-96.92
307701,418390.0,3386755.0,17,300,3,3,2585.0,9.2,504,0,5,418820,3386505,509,0,5,-92.67
307701,418390.0,3386755.0,17,300,3,3,2585.0,9.2,504,0,5,418825,3386510,509,0,5,-85.0
307701,418390.0,3386755.0,17,300,3,3,2585.0,9.2,504,0,5,418850,3386535,509,0,5,-92.95
307701,418390.0,3386755.0,17,300,3,3,2585.0,9.2,504,0,5,418830,3386515,509,0,5,-98.0
307701,418390.0,3386755.0,17,300,3,3,2585.0,9.2,504,0,5,418845,3386530,509,0,5,-92.5
307701,418390.0,3386755.0,17,300,3,3,2585.0,9.2,504,0,5,418840,3386525,509,0,5,-94.88
307701,418390.0,3386755.0,17,300,3,3,2585.0,9.2,504,0,5,418855,3386540,509,0,6,-89.47
307701,418390.0,3386755.0,17,300,3,3,2585.0,9.2,504,0,5,418860,3386545,510,0,6,-91.0
307701,418390.0,3386755.0,17,300,3,3,2585.0,9.2,504,0,5,418935,3386620,511,0,14,-89.5
307701,418390.0,3386755.0,17,300,3,3,2585.0,9.2,504,0,5,418560,3386720,503,0,6,-66.5
307701,418390.0,3386755.0,17,300,3,3,2585.0,9.2,504,0,5,418690,3386590,504,0,14,-87.33
307701,418390.0,3386755.0,17,300,3,3,2585.0,9.2,504,0,5,418650,3386630,504,0,5,-85.72
307701,418390.0,3386755.0,17,300,3,3,2585.0,9.2,504,0,5,418665,3386615,504,0,5,-84.33
307701,418390.0,3386755.0,17,300,3,3,2585.0,9.2,504,0,5,418615,3386665,504,0,5,-76.9
307701,418390.0,3386755.0,17,300,3,3,2585.0,9.2,504,0,5,418590,3386690,504,0,6,-72.52
307701,418390.0,3386755.0,17,300,3,3,2585.0,9.2,504,0,5,418570,3386710,503,0,6,-71.11
307701,418390.0,3386755.0,17,300,3,3,2585.0,9.2,504,0,5,418675,3386605,504,0,5,-93.17
307701,418390.0,3386755.0,17,300,3,3,2585.0,9.2,504,0,5,418620,3386660,504,0,5,-78.42
307701,418390.0,3386755.0,17,300,3,3,2585.0,9.2,504,0,5,418640,3386640,504,0,5,-84.64
307701,418390.0,3386755.0,17,300,3,3,2585.0,9.2,504,0,5,418655,3386625,504,0,14,-88.25
307701,418390.0,3386755.0,17,300,3,3,2585.0,9.2,504,0,5,418635,3386645,504,0,5,-82.02
307701,418390.0,3386755.0,17,300,3,3,2585.0,9.2,504,0,5,418580,3386700,504,0,6,-75.07
307701,418390.0,3386755.0,17,300,3,3,2585.0,9.2,504,0,5,418625,3386655,504,0,5,-79.73
307701,418390.0,3386755.0,17,300,3,3,2585.0,9.2,504,0,5,418630,3386650,504,0,5,-81.47
307701,418390.0,3386755.0,17,300,3,3,2585.0,9.2,504,0,5,418645,3386635,504,0,5,-85.35
307701,418390.0,3386755.0,17,300,3,3,2585.0,9.2,504,0,5,418585,3386695,504,0,6,-71.87
307701,418390.0,3386755.0,17,300,3,3,2585.0,9.2,504,0,5,418595,3386685,504,0,5,-72.79
307701,418390.0,3386755.0,17,300,3,3,2585.0,9.2,504,0,5,418605,3386675,504,0,5,-75.08
307701,418390.0,3386755.0,17,300,3,3,2585.0,9.2,504,0,5,418565,3386715,503,0,7,-69.93
307701,418390.0,3386755.0,17,300,3,3,2585.0,9.2,504,0,5,418610,3386670,504,0,5,-75.92
307701,418390.0,3386755.0,17,300,3,3,2585.0,9.2,504,0,5,418575,3386705,503,0,6,-71.65
307701,418390.0,3386755.0,17,300,3,3,2585.0,9.2,504,0,5,418600,3386680,504,0,5,-74.25
307701,418390.0,3386755.0,17,300,3,3,2585.0,9.2,504,0,5,418660,3386620,504,0,14,-100.2
307701,418390.0,3386755.0,17,300,3,3,2585.0,9.2,504,0,5,418670,3386610,504,0,14,-81.67
307701,418390.0,3386755.0,17,300,3,3,2585.0,9.2,504,0,5,418765,3386620,506,6,6,-93.0
307701,418390.0,3386755.0,17,300,3,3,2585.0,9.2,504,0,5,418720,3386575,505,0,5,-97.0
307701,418390.0,3386755.0,17,300,3,3,2585.0,9.2,504,0,5,418755,3386590,506,0,6,-88.44
307701,418390.0,3386755.0,17,300,3,3,2585.0,9.2,504,0,5,418945,3386480,513,0,6,-88.0
307701,418390.0,3386755.0,17,300,3,3,2585.0,9.2,504,0,5,418930,3386445,514,0,6,-95.67
307701,418390.0,3386755.0,17,300,3,3,2585.0,9.2,504,0,5,418950,3386465,514,0,6,-94.73
307701,418390.0,3386755.0,17,300,3,3,2585.0,9.2,504,0,5,418745,3386600,505,0,6,-88.68
307701,418390.0,3386755.0,17,300,3,3,2585.0,9.2,504,0,5,418735,3386570,505,0,6,-98.0
307701,418390.0,3386755.0,17,300,3,3,2585.0,9.2,504,0,5,418750,3386585,505,0,6,-90.44
307701,418390.0,3386755.0,17,300,3,3,2585.0,9.2,504,0,5,418725,3386580,505,0,5,-92.4
307701,418390.0,3386755.0,17,300,3,3,2585.0,9.2,504,0,5,418740,3386595,505,0,6,-88.72
307701,418390.0,3386755.0,17,300,3,3,2585.0,9.2,504,0,5,418925,3386460,513,0,5,-93.0
307701,418390.0,3386755.0,17,300,3,3,2585.0,9.2,504,0,5,418940,3386475,513,0,6,-93.39
307701,418390.0,3386755.0,17,300,3,3,2585.0,9.2,504,0,5,418570,3386725,503,0,6,-68.8
307701,418390.0,3386755.0,17,300,3,3,2585.0,9.2,504,0,5,418955,3386470,514,0,6,-92.13
307701,418390.0,3386755.0,17,300,3,3,2585.0,9.2,504,0,5,418020,3386980,501,0,5,-109.0
307701,418390.0,3386755.0,17,300,3,3,2585.0,9.2,504,0,5,418715,3386515,505,0,6,-105.5
307701,418390.0,3386755.0,17,300,3,3,2585.0,9.2,504,0,5,418710,3386520,505,0,6,-94.0
307701,418390.0,3386755.0,17,300,3,3,2585.0,9.2,504,0,5,418550,3386230,502,0,10,-106.5
307701,418390.0,3386755.0,17,300,3,3,2585.0,9.2,504,0,5,418325,3386865,502,0,6,-75.5
307701,418390.0,3386755.0,17,300,3,3,2585.0,9.2,504,0,5,418395,3386815,504,12,5,-75.91
307701,418390.0,3386755.0,17,300,3,3,2585.0,9.2,504,0,5,418500,3386690,503,0,5,-73.67
307701,418390.0,3386755.0,17,300,3,3,2585.0,9.2,504,0,5,418345,3386845,503,0,5,-82.42
307701,418390.0,3386755.0,17,300,3,3,2585.0,9.2,504,0,5,418370,3386840,503,12,6,-74.6
307701,418390.0,3386755.0,17,300,3,3,2585.0,9.2,504,0,5,418380,3386810,504,0,5,-76.32
307701,418390.0,3386755.0,17,300,3,3,2585.0,9.2,504,0,5,418490,3386720,502,0,5,-73.4
307701,418390.0,3386755.0,17,300,3,3,2585.0,9.2,504,0,5,418495,3386715,502,0,5,-72.82
307701,418390.0,3386755.0,17,300,3,3,2585.0,9.2,504,0,5,418360,3386830,503,0,5,-78.73
307701,418390.0,3386755.0,17,300,3,3,2585.0,9.2,504,0,5,418385,3386805,504,0,14,-73.81
307701,418390.0,3386755.0,17,300,3,3,2585.0,9.2,504,0,5,418480,3386710,502,0,5,-71.86
307701,418390.0,3386755.0,17,300,3,3,2585.0,9.2,504,0,5,418485,3386705,502,0,5,-71.85
307701,418390.0,3386755.0,17,300,3,3,2585.0,9.2,504,0,5,418365,3386825,503,0,5,-77.51
307701,418390.0,3386755.0,17,300,3,3,2585.0,9.2,504,0,5,418530,3386680,503,0,14,-74.33
307701,418390.0,3386755.0,17,300,3,3,2585.0,9.2,504,0,5,418375,3386835,503,12,6,-74.65
307701,418390.0,3386755.0,17,300,3,3,2585.0,9.2,504,0,5,418340,3386850,503,6,5,-81.88
307701,418390.0,3386755.0,17,300,3,3,2585.0,9.2,504,0,5,418515,3386695,503,0,14,-66.8
307701,418390.0,3386755.0,17,300,3,3,2585.0,9.2,504,0,5,418510,3386700,503,0,14,-69.6
307701,418390.0,3386755.0,17,300,3,3,2585.0,9.2,504,0,5,418390,3386820,504,12,5,-73.09
307701,418390.0,3386755.0,17,300,3,3,2585.0,9.2,504,0,5,418670,3386430,506,0,5,-96.0
307701,418390.0,3386755.0,17,300,3,3,2585.0,9.2,504,0,5,418705,3386475,505,0,5,-98.0
307701,418390.0,3386755.0,17,300,3,3,2585.0,9.2,504,0,5,418650,3386410,506,0,5,-104.5
307701,418390.0,3386755.0,17,300,3,3,2585.0,9.2,504,0,5,418675,3386425,506,0,5,-96.0
307701,418390.0,3386755.0,17,300,3,3,2585.0,9.2,504,0,5,418690,3386655,505,0,6,-76.5
307701,418390.0,3386755.0,17,300,3,3,2585.0,9.2,504,0,5,418685,3386650,505,0,6,-79.4
307701,418390.0,3386755.0,17,300,3,3,2585.0,9.2,504,0,5,418680,3386645,504,0,6,-79.88
307701,418390.0,3386755.0,17,300,3,3,2585.0,9.2,504,0,5,418995,3386400,518,0,5,-96.0
307701,418390.0,3386755.0,17,300,3,3,2585.0,9.2,504,0,5,418675,3386720,505,0,7,-101.5
307701,418390.0,3386755.0,17,300,3,3,2585.0,9.2,504,0,5,418805,3386550,507,0,5,-95.54
307701,418390.0,3386755.0,17,300,3,3,2585.0,9.2,504,0,5,418845,3386510,510,0,5,-93.0
307701,418390.0,3386755.0,17,300,3,3,2585.0,9.2,504,0,5,418875,3386500,511,0,5,-94.78
307701,418390.0,3386755.0,17,300,3,3,2585.0,9.2,504,0,5,418830,3386535,509,0,5,-93.33
307701,418390.0,3386755.0,17,300,3,3,2585.0,9.2,504,0,5,418820,3386525,508,0,5,-96.36
307701,418390.0,3386755.0,17,300,3,3,2585.0,9.2,504,0,5,418810,3386555,507,0,5,-92.24
307701,418390.0,3386755.0,17,300,3,3,2585.0,9.2,504,0,5,418835,3386540,509,0,5,-92.52
307701,418390.0,3386755.0,17,300,3,3,2585.0,9.2,504,0,5,418850,3386515,510,0,5,-93.67
307701,418390.0,3386755.0,17,300,3,3,2585.0,9.2,504,0,5,418815,3386560,508,0,5,-91.57
307701,418390.0,3386755.0,17,300,3,3,2585.0,9.2,504,0,5,418800,3386545,507,0,5,-96.0
307701,418390.0,3386755.0,17,300,3,3,2585.0,9.2,504,0,5,418860,3386485,511,0,5,-94.33
307701,418390.0,3386755.0,17,300,3,3,2585.0,9.2,504,0,5,418855,3386520,510,0,5,-93.38
307701,418390.0,3386755.0,17,300,3,3,2585.0,9.2,504,0,5,418870,3386495,511,0,5,-95.5
307701,418390.0,3386755.0,17,300,3,3,2585.0,9.2,504,0,5,418825,3386530,509,0,5,-94.56
307701,418390.0,3386755.0,17,300,3,3,2585.0,9.2,504,0,5,418650,3386395,506,0,5,-94.0
307701,418390.0,3386755.0,17,300,3,3,2585.0,9.2,504,0,5,418590,3386295,505,0,10,-112.0
307701,418390.0,3386755.0,17,300,3,3,2585.0,9.2,504,0,5,418865,3386490,511,0,5,-90.33
307701,418390.0,3386755.0,17,300,3,3,2585.0,9.2,504,0,5,418840,3386505,510,0,5,-97.0
307701,418390.0,3386755.0,17,300,3,3,2585.0,9.2,504,0,5,418675,3388380,518,0,5,-121.5
307701,418390.0,3386755.0,17,300,3,3,2585.0,9.2,504,0,5,418040,3387705,503,0,5,-97.22
307701,418390.0,3386755.0,17,300,3,3,2585.0,9.2,504,0,5,418170,3386915,504,0,5,-93.43
307701,418390.0,3386755.0,17,300,3,3,2585.0,9.2,504,0,5,418225,3386930,503,9,6,-101.0
307701,418390.0,3386755.0,17,300,3,3,2585.0,9.2,504,0,5,418160,3386905,504,0,5,-97.13
307701,418390.0,3386755.0,17,300,3,3,2585.0,9.2,504,0,5,418190,3386895,503,0,5,-93.94
307701,418390.0,3386755.0,17,300,3,3,2585.0,9.2,504,0,5,418180,3386885,504,0,5,-95.6
307701,418390.0,3386755.0,17,300,3,3,2585.0,9.2,504,0,5,418195,3386900,503,0,5,-92.79
307701,418390.0,3386755.0,17,300,3,3,2585.0,9.2,504,0,5,418185,3386890,503,0,5,-97.63
307701,418390.0,3386755.0,17,300,3,3,2585.0,9.2,504,0,5,418165,3386910,504,0,5,-95.72
307701,418390.0,3386755.0,17,300,3,3,2585.0,9.2,504,0,5,418175,3386920,503,0,5,-93.13
307701,418390.0,3386755.0,17,300,3,3,2585.0,9.2,504,0,5,418615,3387450,500,6,14,-93.5
307701,418390.0,3386755.0,17,300,3,3,2585.0,9.2,504,0,5,418620,3387475,501,15,14,-95.8
307701,418390.0,3386755.0,17,300,3,3,2585.0,9.2,504,0,5,418625,3387480,501,0,14,-91.5
307701,418390.0,3386755.0,17,300,3,3,2585.0,9.2,504,0,5,418635,3387470,501,15,14,-101.0
307701,418390.0,3386755.0,17,300,3,3,2585.0,9.2,504,0,5,418630,3387465,501,15,14,-94.85
307701,418390.0,3386755.0,17,300,3,3,2585.0,9.2,504,0,5,418540,3387040,508,0,5,-98.0
307701,418390.0,3386755.0,17,300,3,3,2585.0,9.2,504,0,5,418545,3387035,508,0,5,-92.0
307701,418390.0,3386755.0,17,300,3,3,2585.0,9.2,504,0,5,418530,3387010,508,0,5,-97.14
307701,418390.0,3386755.0,17,300,3,3,2585.0,9.2,504,0,5,418535,3387005,509,0,6,-96.13
307701,418390.0,3386755.0,17,300,3,3,2585.0,9.2,504,0,5,418525,3387015,508,0,14,-99.0
307701,418390.0,3386755.0,17,300,3,3,2585.0,9.2,504,0,5,417985,3386905,501,102,5,-90.5
307701,418390.0,3386755.0,17,300,3,3,2585.0,9.2,504,0,5,418045,3386965,502,0,5,-101.0
307701,418390.0,3386755.0,17,300,3,3,2585.0,9.2,504,0,5,418780,3386565,506,0,5,-92.9
307701,418390.0,3386755.0,17,300,3,3,2585.0,9.2,504,0,5,418790,3386575,507,0,5,-87.09
307701,418390.0,3386755.0,17,300,3,3,2585.0,9.2,504,0,5,418895,3386480,511,0,5,-99.5
307701,418390.0,3386755.0,17,300,3,3,2585.0,9.2,504,0,5,418740,3386605,505,0,6,-87.4
307701,418390.0,3386755.0,17,300,3,3,2585.0,9.2,504,0,5,418760,3386585,506,0,6,-89.59
307701,418390.0,3386755.0,17,300,3,3,2585.0,9.2,504,0,5,418890,3386475,511,0,5,-98.5
307701,418390.0,3386755.0,17,300,3,3,2585.0,9.2,504,0,5,418935,3386440,514,0,6,-98.0
307701,418390.0,3386755.0,17,300,3,3,2585.0,9.2,504,0,5,418725,3386630,505,6,6,-81.71
307701,418390.0,3386755.0,17,300,3,3,2585.0,9.2,504,0,5,418885,3386470,511,0,5,-97.5
307701,418390.0,3386755.0,17,300,3,3,2585.0,9.2,504,0,5,418720,3386625,505,0,6,-81.29
307701,418390.0,3386755.0,17,300,3,3,2585.0,9.2,504,0,5,418955,3386420,516,0,14,-92.0
307701,418390.0,3386755.0,17,300,3,3,2585.0,9.2,504,0,5,418775,3386600,506,0,6,-80.25
307701,418390.0,3386755.0,17,300,3,3,2585.0,9.2,504,0,5,418785,3386570,506,0,5,-91.31
307701,418390.0,3386755.0,17,300,3,3,2585.0,9.2,504,0,5,418945,3386410,516,0,14,-93.5
307701,418390.0,3386755.0,17,300,3,3,2585.0,9.2,504,0,5,418745,3386610,505,0,6,-80.0
307701,418390.0,3386755.0,17,300,3,3,2585.0,9.2,504,0,5,418765,3386590,506,0,6,-86.69
307701,418390.0,3386755.0,17,300,3,3,2585.0,9.2,504,0,5,418795,3386580,507,0,6,-84.75
307701,418390.0,3386755.0,17,300,3,3,2585.0,9.2,504,0,5,418770,3386595,506,0,6,-82.5
307701,418390.0,3386755.0,17,300,3,3,2585.0,9.2,504,0,5,418750,3386615,506,0,6,-91.4
307701,418390.0,3386755.0,17,300,3,3,2585.0,9.2,504,0,5,418460,3386725,503,0,7,-71.67
307701,418390.0,3386755.0,17,300,3,3,2585.0,9.2,504,0,5,418380,3386645,503,0,6,-97.17
307701,418390.0,3386755.0,17,300,3,3,2585.0,9.2,504,0,5,418470,3386735,502,0,7,-74.0
307701,418390.0,3386755.0,17,300,3,3,2585.0,9.2,504,0,5,418430,3386775,504,0,6,-67.1
307701,418390.0,3386755.0,17,300,3,3,2585.0,9.2,504,0,5,418445,3386750,503,0,6,-72.55
307701,418390.0,3386755.0,17,300,3,3,2585.0,9.2,504,0,5,418475,3386740,502,0,7,-73.07
307701,418390.0,3386755.0,17,300,3,3,2585.0,9.2,504,0,5,418435,3386780,504,0,6,-68.09
307701,418390.0,3386755.0,17,300,3,3,2585.0,9.2,504,0,5,418405,3386790,504,0,14,-67.82
307701,418390.0,3386755.0,17,300,3,3,2585.0,9.2,504,0,5,418450,3386755,503,0,6,-71.88
307701,418390.0,3386755.0,17,300,3,3,2585.0,9.2,504,0,5,418400,3386785,504,0,14,-72.98
307701,418390.0,3386755.0,17,300,3,3,2585.0,9.2,504,0,5,418415,3386800,504,0,6,-69.95
307701,418390.0,3386755.0,17,300,3,3,2585.0,9.2,504,0,5,418410,3386795,504,0,5,-67.54
307701,418390.0,3386755.0,17,300,3,3,2585.0,9.2,504,0,5,418440,3386745,503,0,6,-73.88
307701,418390.0,3386755.0,17,300,3,3,2585.0,9.2,504,0,5,418420,3386765,504,0,6,-68.22
307701,418390.0,3386755.0,17,300,3,3,2585.0,9.2,504,0,5,418455,3386760,503,0,6,-68.25
307701,418390.0,3386755.0,17,300,3,3,2585.0,9.2,504,0,5,418425,3386770,504,0,6,-66.07
307701,418390.0,3386755.0,17,300,3,3,2585.0,9.2,504,0,5,418465,3386730,503,0,7,-76.0
307701,418390.0,3386755.0,17,300,3,3,2585.0,9.2,504,0,5,418505,3386850,506,0,5,-74.4
307701,418390.0,3386755.0,17,300,3,3,2585.0,9.2,504,0,5,418510,3386855,506,0,5,-77.5
307701,418390.0,3386755.0,17,300,3,3,2585.0,9.2,504,0,5,418500,3386845,506,0,5,-72.05
307701,418390.0,3386755.0,17,300,3,3,2585.0,9.2,504,0,5,418515,3386860,506,0,5,-75.64
307701,418390.0,3386755.0,17,300,3,3,2585.0,9.2,504,0,5,418205,3386905,503,0,5,-83.6
307701,418390.0,3386755.0,17,300,3,3,2585.0,9.2,504,0,5,418235,3386895,503,0,5,-87.83
307701,418390.0,3386755.0,17,300,3,3,2585.0,9.2,504,0,5,418225,3386885,503,0,5,-89.61
307701,418390.0,3386755.0,17,300,3,3,2585.0,9.2,504,0,5,418220,3386890,503,0,5,-88.57
307701,418390.0,3386755.0,17,300,3,3,2585.0,9.2,504,0,5,418230,3386900,503,0,5,-88.64
307701,418390.0,3386755.0,17,300,3,3,2585.0,9.2,504,0,5,418200,3386910,503,0,5,-88.33
307701,418390.0,3386755.0,17,300,3,3,2585.0,9.2,504,0,5,418020,3386880,502,0,5,-97.5
307701,418390.0,3386755.0,17,300,3,3,2585.0,9.2,504,0,5,418390,3386510,500,0,5,-109.5
307701,418390.0,3386755.0,17,300,3,3,2585.0,9.2,504,0,5,418510,3386390,506,99,5,-115.5
307701,418390.0,3386755.0,17,300,3,3,2585.0,9.2,504,0,5,418630,3386765,504,0,7,-77.67
307701,418390.0,3386755.0,17,300,3,3,2585.0,9.2,504,0,5,418735,3386590,505,0,5,-92.19
307701,418390.0,3386755.0,17,300,3,3,2585.0,9.2,504,0,5,418955,3386450,515,0,6,-95.0
307701,418390.0,3386755.0,17,300,3,3,2585.0,9.2,504,0,5,418755,3386570,505,0,6,-92.35
307701,418390.0,3386755.0,17,300,3,3,2585.0,9.2,504,0,5,418925,3386480,512,0,6,-96.14
307701,418390.0,3386755.0,17,300,3,3,2585.0,9.2,504,0,5,418725,3386600,505,0,5,-88.2
307701,418390.0,3386755.0,17,300,3,3,2585.0,9.2,504,0,5,418720,3386595,505,0,5,-92.74
307701,418390.0,3386755.0,17,300,3,3,2585.0,9.2,504,0,5,418945,3386460,514,0,6,-93.22
307701,418390.0,3386755.0,17,300,3,3,2585.0,9.2,504,0,5,418930,3386465,513,0,6,-94.5
307701,418390.0,3386755.0,17,300,3,3,2585.0,9.2,504,0,5,418935,3386470,513,0,6,-92.89
307701,418390.0,3386755.0,17,300,3,3,2585.0,9.2,504,0,5,418950,3386445,515,0,5,-98.0
307701,418390.0,3386755.0,17,300,3,3,2585.0,9.2,504,0,5,418730,3386585,505,0,5,-94.53
307701,418390.0,3386755.0,17,300,3,3,2585.0,9.2,504,0,5,418745,3386580,505,0,6,-91.5
307701,418390.0,3386755.0,17,300,3,3,2585.0,9.2,504,0,5,418740,3386575,505,0,6,-92.5
307701,418390.0,3386755.0,17,300,3,3,2585.0,9.2,504,0,5,418920,3386475,512,0,5,-95.8
307701,418390.0,3386755.0,17,300,3,3,2585.0,9.2,504,0,5,418750,3386565,505,0,5,-98.67
307701,418390.0,3386755.0,17,300,3,3,2585.0,9.2,504,0,5,418695,3386590,505,0,5,-99.0
307701,418390.0,3386755.0,17,300,3,3,2585.0,9.2,504,0,5,418660,3386615,504,0,14,-97.0
307701,418390.0,3386755.0,17,300,3,3,2585.0,9.2,504,0,5,418685,3386600,504,0,14,-97.0
307701,418390.0,3386755.0,17,300,3,3,2585.0,9.2,504,0,5,418585,3386700,504,0,6,-73.85
307701,418390.0,3386755.0,17,300,3,3,2585.0,9.2,504,0,5,418595,3386690,504,0,6,-73.84
307701,418390.0,3386755.0,17,300,3,3,2585.0,9.2,504,0,5,418640,3386635,504,0,5,-87.44
307701,418390.0,3386755.0,17,300,3,3,2585.0,9.2,504,0,5,418650,3386625,504,0,14,-89.0
307701,418390.0,3386755.0,17,300,3,3,2585.0,9.2,504,0,5,418570,3386705,503,0,6,-71.52
307701,418390.0,3386755.0,17,300,3,3,2585.0,9.2,504,0,5,418590,3386685,504,0,5,-74.52
307701,418390.0,3386755.0,17,300,3,3,2585.0,9.2,504,0,5,418560,3386715,503,0,6,-70.17
307701,418390.0,3386755.0,17,300,3,3,2585.0,9.2,504,0,5,418615,3386670,504,0,5,-77.37
307701,418390.0,3386755.0,17,300,3,3,2585.0,9.2,504,0,5,418580,3386695,504,0,5,-73.48
307701,418390.0,3386755.0,17,300,3,3,2585.0,9.2,504,0,5,418565,3386720,503,0,6,-67.93
307701,418390.0,3386755.0,17,300,3,3,2585.0,9.2,504,0,5,418620,3386655,504,0,5,-79.31
307701,418390.0,3386755.0,17,300,3,3,2585.0,9.2,504,0,5,418630,3386645,504,0,5,-83.92
307701,418390.0,3386755.0,17,300,3,3,2585.0,9.2,504,0,5,418635,3386650,504,0,5,-81.17
307701,418390.0,3386755.0,17,300,3,3,2585.0,9.2,504,0,5,418665,3386620,504,0,14,-82.91
307701,418390.0,3386755.0,17,300,3,3,2585.0,9.2,504,0,5,418625,3386660,504,0,5,-78.78
307701,418390.0,3386755.0,17,300,3,3,2585.0,9.2,504,0,5,418655,3386630,504,0,14,-86.16
307701,418390.0,3386755.0,17,300,3,3,2585.0,9.2,504,0,5,418605,3386680,504,0,5,-73.94
307701,418390.0,3386755.0,17,300,3,3,2585.0,9.2,504,0,5,418600,3386675,504,0,5,-76.18
307701,418390.0,3386755.0,17,300,3,3,2585.0,9.2,504,0,5,418575,3386710,503,0,6,-72.33
307701,418390.0,3386755.0,17,300,3,3,2585.0,9.2,504,0,5,418645,3386640,504,0,5,-86.83
307701,418390.0,3386755.0,17,300,3,3,2585.0,9.2,504,0,5,418610,3386665,504,0,5,-77.74
307701,418390.0,3386755.0,17,300,3,3,2585.0,9.2,504,0,5,418675,3386610,504,0,5,-87.2
307701,418390.0,3386755.0,17,300,3,3,2585.0,9.2,504,0,5,418840,3387510,506,0,12,-100.33
307701,418390.0,3386755.0,17,300,3,3,2585.0,9.2,504,0,5,418850,3387520,506,0,5,-105.0
307701,418390.0,3386755.0,17,300,3,3,2585.0,9.2,504,0,5,418605,3386690,504,0,6,-74.17
307701,418390.0,3386755.0,17,300,3,3,2585.0,9.2,504,0,5,418685,3386610,504,0,14,-93.73
307701,418390.0,3386755.0,17,300,3,3,2585.0,9.2,504,0,5,418590,3386675,504,0,5,-75.41
307701,418390.0,3386755.0,17,300,3,3,2585.0,9.2,504,0,5,418950,3386395,517,0,14,-96.2
307701,418390.0,3386755.0,17,300,3,3,2585.0,9.2,504,0,5,418600,3386685,504,0,6,-74.16
307701,418390.0,3386755.0,17,300,3,3,2585.0,9.2,504,0,5,418690,3386615,505,0,14,-87.46
307701,418390.0,3386755.0,17,300,3,3,2585.0,9.2,504,0,5,418585,3386670,504,0,5,-76.6
307701,418390.0,3386755.0,17,300,3,3,2585.0,9.2,504,0,5,418595,3386680,504,0,5,-76.98
307701,418390.0,3386755.0,17,300,3,3,2585.0,9.2,504,0,5,418700,3386625,505,0,5,-83.24
307701,418390.0,3386755.0,17,300,3,3,2585.0,9.2,504,0,5,418695,3386620,505,0,14,-86.33
307701,418390.0,3386755.0,17,300,3,3,2585.0,9.2,504,0,5,418680,3386605,504,0,14,-92.33
307701,418390.0,3386755.0,17,300,3,3,2585.0,9.2,504,0,5,418955,3386400,517,0,14,-91.33
307701,418390.0,3386755.0,17,300,3,3,2585.0,9.2,504,0,5,418665,3386590,504,0,5,-88.0
307701,418390.0,3386755.0,17,300,3,3,2585.0,9.2,504,0,5,418675,3386600,504,0,5,-90.25
307701,418390.0,3386755.0,17,300,3,3,2585.0,9.2,504,0,5,418705,3386630,505,0,6,-85.38
307701,418390.0,3386755.0,17,300,3,3,2585.0,9.2,504,0,5,418710,3386635,505,0,6,-84.6
307701,418390.0,3386755.0,17,300,3,3,2585.0,9.2,504,0,5,418610,3386695,504,0,6,-75.0
307701,418390.0,3386755.0,17,300,3,3,2585.0,9.2,504,0,5,418480,3387195,503,0,14,-110.33
307701,418390.0,3386755.0,17,300,3,3,2585.0,9.2,504,0,5,418490,3387185,503,0,5,-100.0
307701,418390.0,3386755.0,17,300,3,3,2585.0,9.2,504,0,5,418290,3386875,502,0,5,-85.0
307701,418390.0,3386755.0,17,300,3,3,2585.0,9.2,504,0,5,418455,3386720,503,0,7,-75.25
307701,418390.0,3386755.0,17,300,3,3,2585.0,9.2,504,0,5,418380,3386765,504,0,5,-81.33
307701,418390.0,3386755.0,17,300,3,3,2585.0,9.2,504,0,5,418300,3386845,502,0,5,-85.88
307701,418390.0,3386755.0,17,300,3,3,2585.0,9.2,504,0,5,418445,3386710,503,0,7,-80.0
307701,418390.0,3386755.0,17,300,3,3,2585.0,9.2,504,0,5,418375,3386800,504,0,14,-77.89
307701,418390.0,3386755.0,17,300,3,3,2585.0,9.2,504,0,5,418415,3386680,503,0,7,-93.0
307701,418390.0,3386755.0,17,300,3,3,2585.0,9.2,504,0,5,418365,3386790,504,0,5,-80.67
307701,418390.0,3386755.0,17,300,3,3,2585.0,9.2,504,0,5,418385,3386770,504,0,5,-76.23
307701,418390.0,3386755.0,17,300,3,3,2585.0,9.2,504,0,5,418400,3386665,503,0,5,-91.33
307701,418390.0,3386755.0,17,300,3,3,2585.0,9.2,504,0,5,418370,3386795,504,0,14,-79.81
307701,418390.0,3386755.0,17,300,3,3,2585.0,9.2,504,0,5,418395,3386780,504,0,5,-71.72
307701,418390.0,3386755.0,17,300,3,3,2585.0,9.2,504,0,5,418305,3386850,502,0,5,-84.66
307701,418390.0,3386755.0,17,300,3,3,2585.0,9.2,504,0,5,418310,3386855,502,0,5,-84.53
307701,418390.0,3386755.0,17,300,3,3,2585.0,9.2,504,0,5,418280,3386865,502,0,5,-88.32
307701,418390.0,3386755.0,17,300,3,3,2585.0,9.2,504,0,5,418360,3386785,504,0,5,-81.86
307701,418390.0,3386755.0,17,300,3,3,2585.0,9.2,504,0,5,418390,3386775,504,0,5,-73.17
307701,418390.0,3386755.0,17,300,3,3,2585.0,9.2,504,0,5,418450,3386715,503,0,7,-77.17
307701,418390.0,3386755.0,17,300,3,3,2585.0,9.2,504,0,5,418475,3386700,503,0,5,-69.67
307701,418390.0,3386755.0,17,300,3,3,2585.0,9.2,504,0,5,418315,3386860,502,0,5,-82.0
307701,418390.0,3386755.0,17,300,3,3,2585.0,9.2,504,0,5,418255,3386840,503,0,5,-83.4
307701,418390.0,3386755.0,17,300,3,3,2585.0,9.2,504,0,5,418440,3386705,503,0,7,-81.75
307701,418390.0,3386755.0,17,300,3,3,2585.0,9.2,504,0,5,418285,3386870,502,0,5,-85.7
307701,418390.0,3386755.0,17,300,3,3,2585.0,9.2,504,0,5,418730,3386265,511,0,5,-93.5
307701,418390.0,3386755.0,17,300,3,3,2585.0,9.2,504,0,5,418635,3387455,501,6,14,-102.0
307701,418390.0,3386755.0,17,300,3,3,2585.0,9.2,504,0,5,418630,3387460,501,6,5,-91.2
307701,418390.0,3386755.0,17,300,3,3,2585.0,9.2,504,0,5,418625,3387445,500,0,14,-92.5
307701,418390.0,3386755.0,17,300,3,3,2585.0,9.2,504,0,5,418620,3387450,500,6,14,-95.5
307701,418390.0,3386755.0,17,300,3,3,2585.0,9.2,504,0,5,418620,3388010,514,0,5,-108.5
307701,418390.0,3386755.0,17,300,3,3,2585.0,9.2,504,0,5,418110,3386940,503,0,5,-92.5
307701,418390.0,3386755.0,17,300,3,3,2585.0,9.2,504,0,5,418130,3386920,504,0,5,-97.67
307701,418390.0,3386755.0,17,300,3,3,2585.0,9.2,504,0,5,418100,3386930,503,0,5,-99.5
307701,418390.0,3386755.0,17,300,3,3,2585.0,9.2,504,0,5,418145,3386885,504,0,5,-94.0
307701,418390.0,3386755.0,17,300,3,3,2585.0,9.2,504,0,5,418155,3386895,504,0,5,-96.43
307701,418390.0,3386755.0,17,300,3,3,2585.0,9.2,504,0,5,418120,3386910,504,0,5,-99.67
307701,418390.0,3386755.0,17,300,3,3,2585.0,9.2,504,0,5,418150,3386900,504,0,5,-99.86
307701,418390.0,3386755.0,17,300,3,3,2585.0,9.2,504,0,5,418105,3386925,503,0,5,-101.71
307701,418390.0,3386755.0,17,300,3,3,2585.0,9.2,504,0,5,418090,3386960,502,0,6,-101.0
307701,418390.0,3386755.0,17,300,3,3,2585.0,9.2,504,0,5,418140,3386890,504,0,5,-96.33
307701,418390.0,3386755.0,17,300,3,3,2585.0,9.2,504,0,5,418135,3386915,504,0,5,-101.5
307701,418390.0,3386755.0,17,300,3,3,2585.0,9.2,504,0,5,418115,3386935,503,0,5,-99.75
307701,418390.0,3386755.0,17,300,3,3,2585.0,9.2,504,0,5,418470,3387220,501,0,14,-108.0
307701,418390.0,3386755.0,17,300,3,3,2585.0,9.2,504,0,5,418255,3386835,503,0,5,-93.5
307701,418390.0,3386755.0,17,300,3,3,2585.0,9.2,504,0,5,418280,3386870,502,0,5,-91.14
307701,418390.0,3386755.0,17,300,3,3,2585.0,9.2,504,0,5,418410,3386680,503,0,7,-94.5
307701,418390.0,3386755.0,17,300,3,3,2585.0,9.2,504,0,5,418310,3386860,502,0,5,-84.71
307701,418390.0,3386755.0,17,300,3,3,2585.0,9.2,504,0,5,418250,3386840,503,0,5,-91.33
307701,418390.0,3386755.0,17,300,3,3,2585.0,9.2,504,0,5,418370,3386800,504,0,14,-80.78
307701,418390.0,3386755.0,17,300,3,3,2585.0,9.2,504,0,5,418405,3386665,503,0,7,-92.33
307701,418390.0,3386755.0,17,300,3,3,2585.0,9.2,504,0,5,418305,3386845,502,0,5,-85.11
307701,418390.0,3386755.0,17,300,3,3,2585.0,9.2,504,0,5,418445,3386705,503,0,7,-79.0
307701,418390.0,3386755.0,17,300,3,3,2585.0,9.2,504,0,5,418395,3386775,504,0,5,-73.74
307701,418390.0,3386755.0,17,300,3,3,2585.0,9.2,504,0,5,418285,3386865,502,0,5,-87.93
307701,418390.0,3386755.0,17,300,3,3,2585.0,9.2,504,0,5,418300,3386850,502,0,5,-84.85
307701,418390.0,3386755.0,17,300,3,3,2585.0,9.2,504,0,5,418390,3386780,504,0,5,-74.13
307701,418390.0,3386755.0,17,300,3,3,2585.0,9.2,504,0,5,418440,3386710,503,0,7,-79.33
307701,418390.0,3386755.0,17,300,3,3,2585.0,9.2,504,0,5,418375,3386795,504,0,14,-80.55
307701,418390.0,3386755.0,17,300,3,3,2585.0,9.2,504,0,5,418360,3386790,504,0,5,-81.28
307701,418390.0,3386755.0,17,300,3,3,2585.0,9.2,504,0,5,418365,3386785,504,0,5,-81.06
307701,418390.0,3386755.0,17,300,3,3,2585.0,9.2,504,0,5,418380,3386770,504,0,5,-78.92
307701,418390.0,3386755.0,17,300,3,3,2585.0,9.2,504,0,5,418450,3386720,503,0,7,-80.6
307701,418390.0,3386755.0,17,300,3,3,2585.0,9.2,504,0,5,418385,3386765,504,0,5,-74.67
307701,418390.0,3386755.0,17,300,3,3,2585.0,9.2,504,0,5,418295,3386875,502,12,6,-83.4
307701,418390.0,3386755.0,17,300,3,3,2585.0,9.2,504,0,5,418455,3386715,503,0,7,-77.2
307701,418390.0,3386755.0,17,300,3,3,2585.0,9.2,504,0,5,418315,3386855,502,0,5,-80.18
307701,418390.0,3386755.0,17,300,3,3,2585.0,9.2,504,0,5,418470,3386700,503,0,5,-69.0
307701,418390.0,3386755.0,17,300,3,3,2585.0,9.2,504,0,5,418610,3388375,519,0,5,-102.0
307701,418390.0,3386755.0,17,300,3,3,2585.0,9.2,504,0,5,418415,3386495,501,0,5,-97.31
307701,418390.0,3386755.0,17,300,3,3,2585.0,9.2,504,0,5,417955,3386675,501,0,5,-107.0
307701,418390.0,3386755.0,17,300,3,3,2585.0,9.2,504,0,5,418435,3386515,502,0,5,-101.0
307701,418390.0,3386755.0,17,300,3,3,2585.0,9.2,504,0,5,418035,3386875,502,0,5,-101.0
307701,418390.0,3386755.0,17,300,3,3,2585.0,9.2,504,0,5,418030,3386880,502,0,5,-94.5
307701,418390.0,3386755.0,17,300,3,3,2585.0,9.2,504,0,5,418480,3386830,506,6,5,-66.11
307701,418390.0,3386755.0,17,300,3,3,2585.0,9.2,504,0,5,418500,3386810,505,0,6,-70.0
307701,418390.0,3386755.0,17,300,3,3,2585.0,9.2,504,0,5,418495,3386835,506,0,5,-68.97
307701,418390.0,3386755.0,17,300,3,3,2585.0,9.2,504,0,5,418470,3386780,504,0,6,-66.73
307701,418390.0,3386755.0,17,300,3,3,2585.0,9.2,504,0,5,418425,3386725,503,0,6,-83.0
307701,418390.0,3386755.0,17,300,3,3,2585.0,9.2,504,0,5,418435,3386735,503,0,6,-76.8
307701,418390.0,3386755.0,17,300,3,3,2585.0,9.2,504,0,5,418445,3386785,504,0,6,-66.69
307701,418390.0,3386755.0,17,300,3,3,2585.0,9.2,504,0,5,418460,3386770,504,0,6,-67.37
307701,418390.0,3386755.0,17,300,3,3,2585.0,9.2,504,0,5,418410,3386760,504,0,6,-68.55
307701,418390.0,3386755.0,17,300,3,3,2585.0,9.2,504,0,5,418465,3386765,503,0,6,-68.18
307701,418390.0,3386755.0,17,300,3,3,2585.0,9.2,504,0,5,418520,3386870,506,0,5,-79.63
307701,418390.0,3386755.0,17,300,3,3,2585.0,9.2,504,0,5,418455,3386795,504,9,6,-64.33
307701,418390.0,3386755.0,17,300,3,3,2585.0,9.2,504,0,5,418430,3386740,503,0,6,-78.54
307701,418390.0,3386755.0,17,300,3,3,2585.0,9.2,504,0,5,418415,3386755,504,0,6,-70.02
307701,418390.0,3386755.0,17,300,3,3,2585.0,9.2,504,0,5,418440,3386790,504,0,6,-65.03
307701,418390.0,3386755.0,17,300,3,3,2585.0,9.2,504,0,5,418475,3386775,504,0,6,-66.44
307701,418390.0,3386755.0,17,300,3,3,2585.0,9.2,504,0,5,418485,3386825,506,0,5,-62.32
307701,418390.0,3386755.0,17,300,3,3,2585.0,9.2,504,0,5,418450,3386800,504,6,6,-64.57
307701,418390.0,3386755.0,17,300,3,3,2585.0,9.2,504,0,5,418420,3386730,503,0,6,-84.43
307701,418390.0,3386755.0,17,300,3,3,2585.0,9.2,504,0,5,418400,3386750,504,0,6,-68.8
307701,418390.0,3386755.0,17,300,3,3,2585.0,9.2,504,0,5,418515,3386815,505,0,5,-65.0
307701,418390.0,3386755.0,17,300,3,3,2585.0,9.2,504,0,5,418490,3386840,506,0,5,-70.5
307701,418390.0,3386755.0,17,300,3,3,2585.0,9.2,504,0,5,418530,3386880,506,0,5,-73.0
307701,418390.0,3386755.0,17,300,3,3,2585.0,9.2,504,0,5,418405,3386745,504,0,6,-72.75
307701,418390.0,3386755.0,17,300,3,3,2585.0,9.2,504,0,5,418655,3386420,506,0,5,-91.5
307701,418390.0,3386755.0,17,300,3,3,2585.0,9.2,504,0,5,418705,3386470,505,0,5,-95.0
307701,418390.0,3386755.0,17,300,3,3,2585.0,9.2,504,0,5,418650,3386415,506,0,5,-93.5
307701,418390.0,3386755.0,17,300,3,3,2585.0,9.2,504,0,5,418710,3386475,505,0,5,-96.75
307701,418390.0,3386755.0,17,300,3,3,2585.0,9.2,504,0,5,418715,3386480,505,0,5,-100.5
307701,418390.0,3386755.0,17,300,3,3,2585.0,9.2,504,0,5,418690,3386455,505,0,5,-100.5
307701,418390.0,3386755.0,17,300,3,3,2585.0,9.2,504,0,5,418665,3386430,506,0,5,-90.67
307701,418390.0,3386755.0,17,300,3,3,2585.0,9.2,504,0,5,418430,3386810,504,0,6,-68.0
307701,418390.0,3386755.0,17,300,3,3,2585.0,9.2,504,0,5,418385,3386615,502,0,6,-89.0
307701,418390.0,3386755.0,17,300,3,3,2585.0,9.2,504,0,5,418365,3386635,503,0,6,-98.23
307701,418390.0,3386755.0,17,300,3,3,2585.0,9.2,504,0,5,418370,3386630,503,0,6,-96.27
307701,418390.0,3386755.0,17,300,3,3,2585.0,9.2,504,0,5,418340,3386580,501,0,6,-97.0
307701,418390.0,3386755.0,17,300,3,3,2585.0,9.2,504,0,5,418435,3386805,504,0,6,-66.8
307701,418390.0,3386755.0,17,300,3,3,2585.0,9.2,504,0,5,418490,3386750,502,0,6,-69.78
307701,418390.0,3386755.0,17,300,3,3,2585.0,9.2,504,0,5,418495,3386745,502,0,6,-69.4
307701,418390.0,3386755.0,17,300,3,3,2585.0,9.2,504,0,5,418500,3386740,502,0,6,-68.82
307701,418390.0,3386755.0,17,300,3,3,2585.0,9.2,504,0,5,418485,3386755,503,0,6,-68.24
307701,418390.0,3386755.0,17,300,3,3,2585.0,9.2,504,0,5,418505,3386735,502,0,5,-69.16
307701,418390.0,3386755.0,17,300,3,3,2585.0,9.2,504,0,5,418515,3386725,503,0,5,-69.57
307701,418390.0,3386755.0,17,300,3,3,2585.0,9.2,504,0,5,418510,3386730,502,0,5,-69.21
307701,418390.0,3386755.0,17,300,3,3,2585.0,9.2,504,0,5,418480,3386760,503,0,6,-69.38
307701,418390.0,3386755.0,17,300,3,3,2585.0,9.2,504,0,5,418320,3386600,502,0,5,-109.0
307701,418390.0,3386755.0,17,300,3,3,2585.0,9.2,504,0,5,418270,3386805,503,0,5,-90.0
307701,418390.0,3386755.0,17,300,3,3,2585.0,9.2,504,0,5,418465,3386700,503,0,5,-70.0
307701,418390.0,3386755.0,17,300,3,3,2585.0,9.2,504,0,5,418295,3386870,502,0,5,-82.71
307701,418390.0,3386755.0,17,300,3,3,2585.0,9.2,504,0,5,418290,3386865,502,0,5,-90.08
307701,418390.0,3386755.0,17,300,3,3,2585.0,9.2,504,0,5,418305,3386860,502,0,5,-84.67
307701,418390.0,3386755.0,17,300,3,3,2585.0,9.2,504,0,5,418395,3386770,504,0,5,-72.15
307701,418390.0,3386755.0,17,300,3,3,2585.0,9.2,504,0,5,418300,3386855,502,0,5,-86.0
307701,418390.0,3386755.0,17,300,3,3,2585.0,9.2,504,0,5,418380,3386775,504,0,5,-78.93
307701,418390.0,3386755.0,17,300,3,3,2585.0,9.2,504,0,5,418440,3386715,503,0,7,-78.0
307701,418390.0,3386755.0,17,300,3,3,2585.0,9.2,504,0,5,418365,3386800,504,0,14,-79.74
307701,418390.0,3386755.0,17,300,3,3,2585.0,9.2,504,0,5,418310,3386845,502,0,5,-84.68
307701,418390.0,3386755.0,17,300,3,3,2585.0,9.2,504,0,5,418375,3386790,504,0,14,-78.33
307701,418390.0,3386755.0,17,300,3,3,2585.0,9.2,504,0,5,418390,3386765,504,0,5,-74.35
307701,418390.0,3386755.0,17,300,3,3,2585.0,9.2,504,0,5,418360,3386795,504,0,14,-80.81
307701,418390.0,3386755.0,17,300,3,3,2585.0,9.2,504,0,5,418315,3386850,502,0,5,-84.15
307701,418390.0,3386755.0,17,300,3,3,2585.0,9.2,504,0,5,418415,3386670,503,0,7,-94.5
307701,418390.0,3386755.0,17,300,3,3,2585.0,9.2,504,0,5,418385,3386780,504,0,5,-76.72
307701,418390.0,3386755.0,17,300,3,3,2585.0,9.2,504,0,5,418370,3386785,504,0,5,-80.86
307701,418390.0,3386755.0,17,300,3,3,2585.0,9.2,504,0,5,418245,3386840,503,0,5,-94.86
307701,418390.0,3386755.0,17,300,3,3,2585.0,9.2,504,0,5,418405,3386680,503,0,5,-95.5
307701,418390.0,3386755.0,17,300,3,3,2585.0,9.2,504,0,5,418280,3386875,502,0,5,-86.6
307701,418390.0,3386755.0,17,300,3,3,2585.0,9.2,504,0,5,418285,3386880,502,12,6,-87.5
307701,418390.0,3386755.0,17,300,3,3,2585.0,9.2,504,0,5,418445,3386720,503,0,7,-77.86
307701,418390.0,3386755.0,17,300,3,3,2585.0,9.2,504,0,5,418450,3386705,503,0,7,-79.0
307701,418390.0,3386755.0,17,300,3,3,2585.0,9.2,504,0,5,418455,3386710,503,0,7,-77.8
307701,418390.0,3386755.0,17,300,3,3,2585.0,9.2,504,0,5,418530,3386660,503,0,14,-73.67
307701,418390.0,3386755.0,17,300,3,3,2585.0,9.2,504,0,5,418490,3386700,503,0,5,-72.83
307701,418390.0,3386755.0,17,300,3,3,2585.0,9.2,504,0,5,418380,3386830,504,12,6,-74.0
307701,418390.0,3386755.0,17,300,3,3,2585.0,9.2,504,0,5,418495,3386695,503,0,5,-70.5
307701,418390.0,3386755.0,17,300,3,3,2585.0,9.2,504,0,5,418375,3386815,504,0,5,-75.44
307701,418390.0,3386755.0,17,300,3,3,2585.0,9.2,504,0,5,418320,3386850,502,0,5,-84.5
307701,418390.0,3386755.0,17,300,3,3,2585.0,9.2,504,0,5,418360,3386810,503,0,14,-80.31
307701,418390.0,3386755.0,17,300,3,3,2585.0,9.2,504,0,5,418370,3386820,503,0,5,-76.67
307701,418390.0,3386755.0,17,300,3,3,2585.0,9.2,504,0,5,418515,3386715,503,0,5,-71.31
307701,418390.0,3386755.0,17,300,3,3,2585.0,9.2,504,0,5,418325,3386845,502,0,5,-83.27
307701,418390.0,3386755.0,17,300,3,3,2585.0,9.2,504,0,5,418365,3386805,504,0,14,-79.35
307701,418390.0,3386755.0,17,300,3,3,2585.0,9.2,504,0,5,418510,3386720,503,0,5,-70.32
307701,418390.0,3386755.0,17,300,3,3,2585.0,9.2,504,0,5,418550,3386680,503,0,5,-78.4
307701,418390.0,3386755.0,17,300,3,3,2585.0,9.2,504,0,5,418385,3386825,504,12,6,-73.24
307701,418390.0,3386755.0,17,300,3,3,2585.0,9.2,504,0,5,418500,3386710,503,0,5,-72.13
307701,418390.0,3386755.0,17,300,3,3,2585.0,9.2,504,0,5,418335,3386855,503,0,6,-80.14
307701,418390.0,3386755.0,17,300,3,3,2585.0,9.2,504,0,5,418310,3386760,504,5,5,-102.5
307701,418390.0,3386755.0,17,300,3,3,2585.0,9.2,504,0,5,418505,3386705,503,0,5,-69.86
307701,418390.0,3386755.0,17,300,3,3,2585.0,9.2,504,0,5,418815,3386510,508,0,5,-92.0
307701,418390.0,3386755.0,17,300,3,3,2585.0,9.2,504,0,5,418605,3386320,505,0,5,-117.33
307701,418390.0,3386755.0,17,300,3,3,2585.0,9.2,504,0,5,418630,3386285,506,0,5,-103.5
307701,418390.0,3386755.0,17,300,3,3,2585.0,9.2,504,0,5,418800,3386515,508,0,5,-91.5
307701,418390.0,3386755.0,17,300,3,3,2585.0,9.2,504,0,5,418875,3386530,510,18,6,-88.0
307701,418390.0,3386755.0,17,300,3,3,2585.0,9.2,504,0,5,418855,3386550,509,6,6,-90.2
307701,418390.0,3386755.0,17,300,3,3,2585.0,9.2,504,0,5,418825,3386500,509,0,5,-92.67
307701,418390.0,3386755.0,17,300,3,3,2585.0,9.2,504,0,5,418850,3386545,509,6,6,-91.2
307701,418390.0,3386755.0,17,300,3,3,2585.0,9.2,504,0,5,418840,3386555,509,0,6,-88.0
307701,418390.0,3386755.0,17,300,3,3,2585.0,9.2,504,0,5,418860,3386535,510,0,7,-91.58
307701,418390.0,3386755.0,17,300,3,3,2585.0,9.2,504,0,5,418870,3386525,510,0,6,-94.36
307701,418390.0,3386755.0,17,300,3,3,2585.0,9.2,504,0,5,418625,3386300,506,0,5,-108.67
307701,418390.0,3386755.0,17,300,3,3,2585.0,9.2,504,0,5,418805,3386520,508,0,5,-93.78
307701,418390.0,3386755.0,17,300,3,3,2585.0,9.2,504,0,5,418865,3386540,510,0,6,-88.63
307701,418390.0,3386755.0,17,300,3,3,2585.0,9.2,504,0,5,418830,3386485,510,0,5,-94.0
307701,418390.0,3386755.0,17,300,3,3,2585.0,9.2,504,0,5,418935,3386630,510,0,5,-108.75
307701,418390.0,3386755.0,17,300,3,3,2585.0,9.2,504,0,5,418810,3386505,508,0,5,-91.5
307701,418390.0,3386755.0,17,300,3,3,2585.0,9.2,504,0,5,418515,3386905,506,0,5,-90.5
307701,418390.0,3386755.0,17,300,3,3,2585.0,9.2,504,0,5,418530,3386930,507,0,5,-88.85
307701,418390.0,3386755.0,17,300,3,3,2585.0,9.2,504,0,5,418525,3386935,507,0,5,-88.43
307701,418390.0,3386755.0,17,300,3,3,2585.0,9.2,504,0,5,418540,3386960,508,0,5,-91.7
307701,418390.0,3386755.0,17,300,3,3,2585.0,9.2,504,0,5,418535,3386925,507,0,14,-87.63
307701,418390.0,3386755.0,17,300,3,3,2585.0,9.2,504,0,5,418545,3386955,508,0,5,-92.25
307701,418390.0,3386755.0,17,300,3,3,2585.0,9.2,504,0,5,418510,3386935,507,0,5,-94.0
307701,418390.0,3386755.0,17,300,3,3,2585.0,9.2,504,0,5,418520,3386905,506,0,5,-87.08
307701,418390.0,3386755.0,17,300,3,3,2585.0,9.2,504,0,5,418525,3386910,506,0,5,-86.19
307701,418390.0,3386755.0,17,300,3,3,2585.0,9.2,504,0,5,418530,3386915,507,0,5,-86.39
307701,418390.0,3386755.0,17,300,3,3,2585.0,9.2,504,0,5,418080,3387345,496,6,5,-106.0
307701,418390.0,3386755.0,17,300,3,3,2585.0,9.2,504,0,5,418535,3386920,507,0,14,-88.31
307701,418390.0,3386755.0,17,300,3,3,2585.0,9.2,504,0,5,418520,3386680,503,0,14,-62.75
307701,418390.0,3386755.0,17,300,3,3,2585.0,9.2,504,0,5,418500,3386700,503,0,5,-69.0
307701,418390.0,3386755.0,17,300,3,3,2585.0,9.2,504,0,5,418350,3386850,503,6,6,-78.0
307701,418390.0,3386755.0,17,300,3,3,2585.0,9.2,504,0,5,418345,3386855,503,6,6,-84.0
307701,418390.0,3386755.0,17,300,3,3,2585.0,9.2,504,0,5,418505,3386695,503,0,14,-69.17
307701,418390.0,3386755.0,17,300,3,3,2585.0,9.2,504,0,5,418370,3386830,503,12,5,-76.03
307701,418390.0,3386755.0,17,300,3,3,2585.0,9.2,504,0,5,418510,3386690,503,0,14,-70.33
307701,418390.0,3386755.0,17,300,3,3,2585.0,9.2,504,0,5,418375,3386825,503,0,5,-77.82
307701,418390.0,3386755.0,17,300,3,3,2585.0,9.2,504,0,5,418380,3386820,504,0,5,-78.06
307701,418390.0,3386755.0,17,300,3,3,2585.0,9.2,504,0,5,418485,3386715,502,0,5,-75.23
307701,418390.0,3386755.0,17,300,3,3,2585.0,9.2,504,0,5,418390,3386810,504,0,5,-73.1
307701,418390.0,3386755.0,17,300,3,3,2585.0,9.2,504,0,5,418490,3386710,502,0,5,-70.73
307701,418390.0,3386755.0,17,300,3,3,2585.0,9.2,504,0,5,418480,3386720,502,0,5,-71.94
307701,418390.0,3386755.0,17,300,3,3,2585.0,9.2,504,0,5,418385,3386815,504,0,5,-76.09
307701,418390.0,3386755.0,17,300,3,3,2585.0,9.2,504,0,5,418395,3386805,504,0,5,-72.17
307701,418390.0,3386755.0,17,300,3,3,2585.0,9.2,504,0,5,418365,3386835,503,12,5,-75.8
307701,418390.0,3386755.0,17,300,3,3,2585.0,9.2,504,0,5,418360,3386840,503,12,6,-77.83
307701,418390.0,3386755.0,17,300,3,3,2585.0,9.2,504,0,5,418355,3386845,503,6,6,-80.33
307701,418390.0,3386755.0,17,300,3,3,2585.0,9.2,504,0,5,418515,3386685,503,0,14,-70.25
307701,418390.0,3386755.0,17,300,3,3,2585.0,9.2,504,0,5,418495,3386705,503,0,5,-69.0
307701,418390.0,3386755.0,17,300,3,3,2585.0,9.2,504,0,5,418260,3386890,503,0,5,-86.0
307701,418390.0,3386755.0,17,300,3,3,2585.0,9.2,504,0,5,418490,3387160,504,0,5,-104.0
307701,418390.0,3386755.0,17,300,3,3,2585.0,9.2,504,0,5,418265,3386885,503,0,5,-86.25
307701,418390.0,3386755.0,17,300,3,3,2585.0,9.2,504,0,5,418070,3387340,496,6,5,-107.0
307701,418390.0,3386755.0,17,300,3,3,2585.0,9.2,504,0,5,418140,3386910,504,0,5,-98.14
307701,418390.0,3386755.0,17,300,3,3,2585.0,9.2,504,0,5,418145,3386905,504,0,5,-98.83
307701,418390.0,3386755.0,17,300,3,3,2585.0,9.2,504,0,5,418130,3386900,504,0,5,-98.5
307701,418390.0,3386755.0,17,300,3,3,2585.0,9.2,504,0,5,418135,3386895,504,0,5,-90.0
307701,418390.0,3386755.0,17,300,3,3,2585.0,9.2,504,0,5,418150,3386920,504,0,5,-100.57
307701,418390.0,3386755.0,17,300,3,3,2585.0,9.2,504,0,5,418155,3386915,504,0,5,-96.42
307701,418390.0,3386755.0,17,300,3,3,2585.0,9.2,504,0,5,418415,3387255,500,18,5,-97.27
307701,418390.0,3386755.0,17,300,3,3,2585.0,9.2,504,0,5,418095,3386935,503,0,5,-102.83
307701,418390.0,3386755.0,17,300,3,3,2585.0,9.2,504,0,5,418105,3386945,502,0,5,-96.5
